$SPEC_ID:
Rn 222 alpha count
$SPEC_REM:
DET# 2
DETDESC# ALPHA COUNTER
AP# Maestro Version 7.01
$DATE_MEA:
06/19/2017 20:49:18
$MEAS_TIM:
2155 2182
$DATA:
0 2047
       0
       0
       0
       0
       0
       0
       0
       0
       0
       0
       0
       0
       0
       0
       0
       0
       0
       0
       0
       0
       0
       0
       0
       0
       0
       0
       0
       0
       0
       0
       0
       0
       0
       0
       0
       0
       0
       0
       0
       0
       0
       0
       0
       0
       0
       0
       0
       0
       0
       0
       0
       0
       0
       0
       0
       0
       0
       0
       0
       0
       0
       0
       0
       0
       0
       0
       0
       0
       0
       0
       0
       0
       0
      31
    4121
    6428
   13350
  181708
    5899
    3382
    3343
    3217
    3237
    3261
    3178
    3157
    3095
    3117
    3174
    3037
    3057
    3114
    3277
    3620
    3849
    3739
    3689
    3636
    3632
    3589
    3517
    3469
    3513
    3423
    3386
    3335
    3294
    3251
    3218
    3294
    3258
    3138
    3081
    3101
    3127
    3080
    3071
    3053
    3094
    3034
    3040
    3017
    3102
    3123
    2961
    2841
    2829
    2673
    2652
    2580
    2611
    2542
    2613
    2558
    2523
    2512
    2497
    2458
    2425
    2386
    2359
    2276
    2301
    2251
    2224
    2147
    2197
    2053
    2139
    2094
    2107
    2040
    2061
    2101
    2306
   13281
   18382
    1969
    1899
    1734
    1940
    1726
    1715
    1673
    1599
    1608
    1566
    1553
    1558
    1518
    1455
    1535
    1736
    1565
    1475
    1582
    1455
    1472
    1462
    1369
    1435
    1483
    1404
    1359
    1402
    1440
    1363
    1291
    2264
    1617
    1325
    1256
    1291
    1220
    1281
    1226
    1210
    1199
    1204
    1264
    1264
    1229
    1220
    1207
    1187
    1218
    1193
    1386
    1152
    1255
    1353
    1221
    1124
    1171
    1213
    1204
    1362
    1637
    3233
   51039
   13746
     904
     916
     876
     911
     894
     875
     826
     897
     901
     857
     856
     861
     978
    2277
    1348
     818
     805
     822
     801
     828
     829
     761
     771
     786
     766
     857
     833
     777
     821
     778
     800
     787
     800
     769
     753
     782
     768
     752
     849
     807
    1194
    4402
     950
     754
     921
     752
     754
     680
     722
     732
     743
     729
     720
     766
     771
     731
     708
     787
     744
     748
     813
    1265
    5318
    1085
     707
     708
     680
     702
     694
     710
     680
     707
     690
     713
     669
     675
     727
     691
     700
     627
     705
     672
     708
     703
     696
     748
     745
     742
     683
     737
     992
    1047
     696
     731
     717
     721
     735
     717
     688
     718
     887
     706
     734
     721
     791
     867
     736
     690
     692
     744
     729
     767
     698
     709
     757
     716
     716
     713
     689
     698
     706
     691
     711
     689
     677
     693
     646
     719
     681
     734
     721
     732
     732
     785
     758
     728
     743
     755
     914
    1220
     955
     807
     720
     807
     765
     748
     757
     797
     766
     743
     754
     732
     861
    1173
     701
     669
     626
     636
     652
     663
     675
     673
     683
     628
     643
     641
     633
     644
     594
     649
     681
     637
     649
     616
     654
     595
     609
     551
     568
     587
     575
     587
     649
     630
     585
     624
     620
     603
     607
     605
     610
     570
     574
     634
     620
     622
     569
     620
     738
     574
     579
     590
     568
     603
     595
     602
     593
     597
     575
     677
     702
     661
     969
     607
     565
     557
     599
     639
    1042
     993
     570
     575
     556
     579
     553
     574
     597
     592
     614
     563
     602
     573
     587
     628
     702
     588
     564
     647
     902
     676
     714
     700
     636
     570
     611
     596
     624
     617
     631
     614
     580
     638
     621
     587
     611
     632
     605
     635
     667
     594
     627
     656
     648
     654
     599
     580
     583
     709
     605
     630
     620
     545
     566
     544
     745
    1760
    8385
    3090
     529
     497
     491
     487
     488
     500
     522
     503
     450
     477
     474
     496
     495
     506
     512
     490
     469
     501
     683
     597
     511
     516
     506
     483
     506
     459
     492
     458
     487
     507
     491
     496
     485
     446
     487
     518
     478
     528
     614
     548
     502
     490
     509
     534
     472
     528
     504
     508
     452
     499
     537
     527
     607
     637
    1552
    2555
     643
     550
     599
     601
     505
     545
     507
     497
     474
     482
     509
     445
     467
     499
     434
     432
     487
     473
     486
     439
     487
     477
     446
     418
     376
     368
     368
     358
     376
     332
     343
     418
     541
     344
     356
     335
     463
     382
     351
     373
     301
     347
     319
     313
     319
     323
     298
     273
     359
     313
     297
     306
     306
     319
     281
     286
     320
     369
     397
     902
    4854
    5360
     560
     275
     261
     266
     256
     262
     270
     274
     265
     249
     229
     248
     264
     229
     257
     250
     261
     223
     243
     286
     224
     230
     249
     245
     401
     534
     275
     231
     217
     212
     212
     203
     229
     184
     232
     195
     174
     212
     210
     212
     220
     203
     218
     192
     210
     224
     214
     221
     198
     211
     239
     224
     230
     216
     229
     206
     215
     208
     222
     222
     225
     196
     206
     231
     234
     221
     220
     239
     235
     201
     228
     228
     257
     257
     322
     807
    3508
    2969
     620
     885
     350
     211
     220
     182
     209
     205
     240
     209
     189
     242
     299
     484
    1481
    4925
    2510
     277
     203
     199
     183
     214
     209
     224
     216
     245
     213
     212
     192
     203
     222
     244
     216
     217
     234
     220
     245
     214
     218
     214
     234
     267
     230
     235
     229
     223
     238
     229
     239
     234
     235
     247
     281
     267
     278
     297
     260
     248
     250
     264
     259
     239
     260
     234
     248
     234
     200
     167
     149
     185
     161
     147
     147
     121
     145
     151
     172
     160
     196
     420
     549
     172
     117
     130
     111
     127
     136
     118
      99
     109
     124
     114
     134
     151
     139
      98
     108
     108
     111
     118
     105
     105
     125
     151
     131
     109
      91
      96
      91
      93
      75
      84
      88
      90
      93
      90
      69
      60
     111
     174
     118
      67
      70
      63
      65
      93
      74
      61
      62
      68
      80
      93
      48
      97
     322
     481
     118
      52
      42
      57
      35
      29
      45
      47
      34
      37
      36
      37
      45
      30
      28
      24
      31
      28
      44
      22
      28
      23
      32
      33
      31
      34
      19
      32
      32
      28
      27
      22
      31
      29
      32
      29
      40
      29
      21
      32
      33
      25
      30
      26
      31
      31
      19
      19
      24
      34
      27
      26
      32
      22
      33
      34
      29
      23
      38
      35
      29
      40
      47
      34
      52
      94
     286
    1295
    4508
    3897
     360
      14
      12
      15
      10
      12
       8
       6
       7
      12
       7
       7
      10
       7
       8
       8
      10
       5
       8
       9
       9
       9
       6
       6
       5
      13
       6
      11
      14
      58
     132
      72
      34
      20
       4
       4
       3
       3
       4
       2
       5
       6
       2
      11
       5
       3
       5
      15
       1
       4
       2
       4
       9
       4
       4
       8
       4
       1
       2
       3
       3
       4
       2
       5
       5
       7
       1
       8
       4
       2
       5
       2
       1
      10
      28
      56
      83
      22
       5
       1
       4
       3
       3
       7
       3
       5
       3
       2
       2
       1
       2
       2
       2
       3
       1
       1
       3
       5
       1
       3
       0
       2
       1
       2
       1
       0
       1
       3
       4
       0
       4
       4
       2
       3
       0
       0
       2
       2
       4
       4
       1
       2
       0
       1
       6
       2
       1
       2
       2
       2
       0
       1
       2
       0
       0
       1
       2
       1
       0
       3
       1
       2
       1
       3
       2
       0
       2
       1
       2
       7
       1
       4
       3
       2
       4
       0
       0
       0
       1
       0
       1
       1
       1
       2
       0
       0
       1
       0
       1
       5
       0
       2
       2
       1
       2
       2
       1
       2
       0
       0
       1
       0
       1
       2
       1
       1
       0
       5
       0
       2
       0
       0
       1
       0
       0
       2
       1
       2
       1
       1
       3
       1
       0
       1
       2
       1
       1
       2
       1
       1
       1
       1
       0
       1
       0
       0
       2
       1
       1
       0
       0
       0
       2
       1
       1
       1
       9
       2
       4
       4
       0
       1
       0
       2
       0
       1
       2
       0
       0
       1
       2
       0
       0
       2
       0
       1
       1
       0
       0
       1
       1
       2
       1
       3
       0
       0
       1
       0
       1
       0
       0
       0
       0
       0
       1
       1
       0
       1
       0
       1
       1
       0
       0
       0
       0
       2
       0
       0
       2
       1
       0
       0
       0
       0
       1
       0
       0
       1
       0
       3
       1
       0
       0
       0
       0
       0
       1
       0
       0
       0
       0
       0
       0
       1
       0
       0
       2
       0
       0
       2
       2
       0
       1
       1
       0
       0
       1
       1
       1
       3
       1
       2
       2
       1
       1
       1
       0
       0
       1
       3
       0
       0
       1
       0
       2
       1
       1
       1
       0
       0
       0
       1
       2
       0
       0
       0
       0
       3
       2
       0
       1
       1
       0
       0
       0
       2
       0
       0
       0
       0
       2
       1
       0
       2
       1
       0
       0
       1
       0
       0
       0
       2
       2
       0
       1
       0
       0
       1
       0
       0
       1
       0
       0
       0
       2
       0
       1
       0
       0
       0
       0
       0
       1
       1
       0
       1
       0
       1
       2
       0
       1
       0
       0
       1
       0
       0
       0
       1
       0
       0
       2
       0
       2
       0
       0
       0
       0
       1
       1
       0
       0
       1
       0
       1
       0
       0
       1
       2
       0
       0
       2
       0
       1
       1
       1
       0
       0
       0
       0
       0
       0
       0
       2
       1
       2
       0
       1
       0
       0
       0
       0
       0
       0
       0
       2
       0
       0
       0
       2
       0
       0
       2
       0
       0
       0
       0
       0
       0
       1
       0
       0
       1
       1
       0
       0
       0
       0
       0
       0
       0
       0
       1
       0
       0
       0
       0
       0
       0
       0
       0
       1
       0
       1
       0
       0
       1
       0
       0
       1
       0
       0
       1
       0
       0
       1
       0
       0
       2
       1
       0
       0
       0
       0
       0
       0
       0
       1
       0
       0
       0
       1
       0
       0
       1
       0
       0
       0
       1
       0
       1
       0
       0
       0
       0
       1
       1
       0
       0
       0
       1
       0
       1
       0
       0
       0
       2
       1
       0
       3
       1
       0
       1
       0
       0
       0
       0
       1
       0
       0
       1
       0
       1
       0
       0
       0
       0
       0
       0
       1
       0
       0
       0
       0
       0
       0
       0
       0
       0
       0
       0
       1
       0
       0
       0
       0
       1
       0
       0
       2
       1
       0
       0
       1
       1
       0
       0
       0
       0
       0
       1
       0
       1
       0
       0
       2
       0
       0
       0
       0
       0
       0
       0
       0
       1
       0
       1
       0
       0
       1
       1
       0
       0
       1
       0
       0
       0
       1
       1
       0
       0
       0
       0
       0
       1
       0
       0
       0
       0
       0
       1
       0
       0
       0
       1
       0
       0
       0
       0
       1
       0
       0
       0
       0
       0
       0
       0
       0
       0
       0
       0
       0
       0
       0
       0
       0
       0
       0
       0
       1
       0
       0
       0
       0
       0
       0
       1
       0
       1
       0
       0
       0
       0
       0
       0
       0
       0
       0
       0
       0
       0
       1
       0
       0
       0
       0
       0
       0
       0
       0
       0
       0
       0
       0
       0
       0
       0
       0
       0
       0
       0
       0
       0
       0
       0
       0
       0
       0
       0
       0
       0
       0
       0
       0
       0
       0
       0
       0
       0
       0
       0
       0
       0
       0
       0
       0
       0
       0
       0
       0
       0
       0
       0
       0
       0
       0
       1
       0
       0
       0
       0
       0
       0
       0
       0
       0
       0
       0
       0
       0
       0
       0
       0
       0
       1
       0
       0
       0
       1
       3
       2
       3
       2
       0
       0
       0
       0
       0
       0
       0
       1
       0
       0
       0
       0
       0
       0
       0
       0
       0
       0
       0
       0
       0
       0
       0
       0
       0
       0
       0
       0
       0
       0
       0
       0
       0
       0
       0
       0
       0
       0
       0
       1
       0
       0
       1
       0
       0
       0
       0
       0
       0
       0
       0
       1
       0
       0
       0
       0
       0
       0
       0
       0
       0
       0
       0
       0
       0
       0
       0
       1
       0
       0
       0
       0
       0
       0
       0
       0
       0
       1
       0
       0
       0
       0
       0
       0
       0
       0
       0
       0
       0
       0
       0
       0
       1
       0
       0
       0
       0
       0
       0
       0
       0
       0
       0
       1
       0
       0
       0
       0
       0
       0
       0
       0
       0
       0
       0
       0
       0
       0
       0
       0
       0
       0
       1
       0
       0
       0
       0
       0
       0
       0
       0
       0
       0
       0
       0
       0
       0
       0
       0
       0
       0
       0
       0
       0
       0
       0
       0
       0
       0
       0
       0
       0
       0
       0
       0
       0
       0
       0
       0
       0
       0
       0
       0
       0
       0
       0
       0
       1
       0
       0
       0
       0
       0
       0
       0
       0
       0
       0
       0
       0
       0
       0
       0
       0
       0
       0
       0
       0
       0
       0
       0
       0
       0
       0
       0
       0
       0
       0
       1
       0
       0
       0
       0
       0
       0
       0
       0
       0
       0
       0
       0
       0
       0
       0
       0
       0
       0
       0
       0
       0
       0
       0
       0
       0
       0
       0
       0
       0
       0
       0
       1
       0
       0
       0
       0
       0
       0
       0
       1
       0
       0
       0
       0
       0
       0
       0
       0
       0
       0
       0
       0
       0
       0
       0
       0
       0
       0
       0
       0
       0
       0
       0
       0
       0
       0
       0
       0
       0
       0
       0
       0
       0
       0
       0
       1
       0
       0
       0
       0
       1
       0
       0
       0
       0
       0
       0
       0
       0
       0
       0
       0
       0
       0
       0
       0
       0
       0
       0
       0
       0
       0
       0
       0
       0
       0
       0
       0
       0
       0
       0
       0
       0
       0
       0
       0
       0
       0
       0
       0
       0
       0
       0
       0
       0
       0
       0
       0
       0
       0
       0
       0
       0
       0
       0
       0
       0
       0
       0
       1
       0
       0
       0
       0
       0
       0
       0
       0
       0
       0
       0
       0
       0
       0
       0
       0
       0
       0
       0
       0
       0
       0
       0
       0
       0
       0
       0
       0
       0
       0
       0
       0
       0
       0
       0
       0
$ROI:
12
81 89
168 176
209 218
307 317
544 554
605 615
676 686
743 753
760 770
780 790
844 855
987 999
$PRESETS:
Live Time
36000
0
$ENER_FIT:
1.413246 1.566115
$MCA_CAL:
3
1.413246E+000 1.566115E+000 -2.345310E-006 keV
$SHAPE_CAL:
3
2.210942E-001 1.574779E-003 -8.633240E-007
