$SPEC_ID:
Rn 222 alpha count
$SPEC_REM:
DET# 2
DETDESC# ALPHA COUNTER
AP# Maestro Version 7.01
$DATE_MEA:
06/19/2017 17:42:59
$MEAS_TIM:
622 622
$DATA:
0 2047
       0
       0
       0
       0
       0
       0
       0
       0
       0
       0
       0
       0
       0
       0
       0
       0
       0
       0
       0
       0
       0
       0
       0
       0
       0
       0
       0
       0
       0
       0
       0
       0
       0
       0
       0
       0
       0
       0
       0
       0
       0
       0
       0
       0
       0
       0
       0
       0
       0
       0
       0
       0
       0
       0
       0
       0
       0
       0
       0
       0
       0
       0
       0
       0
       0
       0
       0
       0
       0
       0
       0
       0
       0
       0
      10
      31
      26
      22
      30
      20
      30
      16
      25
      28
      20
      19
      19
      23
      28
      21
      24
      22
      26
      25
      33
      32
      31
      30
      28
      28
      21
      19
      23
      13
      23
      26
      29
      13
      16
      23
      25
      21
      22
      22
      16
      19
      15
      23
      21
      17
      16
      23
      16
      16
      14
      17
      15
      10
      22
      14
      17
      20
      12
      11
      11
      10
      15
      10
      20
       8
      14
      19
       9
      11
      14
      10
      14
       7
       9
      16
      11
      15
      15
       9
       9
       7
      10
      13
      12
       9
       9
       7
      15
       8
       8
       8
      11
      12
      15
      14
      12
      10
       9
       7
       2
       7
       9
      11
       7
       8
      11
       8
       6
       9
       7
       7
      10
       6
       8
       7
       6
       6
       6
       9
       6
       4
       4
       6
       7
       6
       8
       8
       3
       5
       8
      12
       6
       6
       3
       8
       6
       5
       8
      21
     330
      32
       6
       5
       3
       4
       8
       4
       4
       7
       6
       0
       4
       7
       6
       8
       4
       3
       2
       2
       1
       5
       5
       3
       4
       7
       4
       6
       5
      10
       4
       2
       2
       2
       4
       8
       9
       0
       4
       0
       1
       3
       1
       4
       2
       0
       5
       2
       6
       4
       2
      10
      24
       1
       2
       2
       1
       3
       4
       5
       2
       5
       8
       4
       4
       3
       6
       2
       1
       2
       4
       5
       1
       3
       3
       2
       1
       2
       2
       0
       5
       3
       1
       2
       3
       5
       2
       4
       0
       3
       1
       1
       3
       5
       2
       0
       5
       0
       5
       5
       2
       2
       2
       1
       1
       2
       0
       0
       2
       3
       3
       2
       2
       3
       3
       3
       4
       3
       5
       1
       3
       1
       0
       6
       1
       1
       2
       1
       0
       3
       4
       1
       2
       3
       2
       2
       2
       3
       3
       1
       1
       2
       3
       0
       3
       0
       1
       3
       1
       1
       2
       1
       1
       4
       4
       4
       3
       2
       3
       2
       2
       4
       3
       0
       0
       0
       1
       0
       0
       5
       2
       0
       2
       0
       1
       4
       3
       3
       1
       0
       3
       1
       0
       0
       3
       1
       0
       0
       1
       1
       2
       2
       4
       2
       2
       1
       1
       1
       1
       2
       2
       2
       3
       4
       4
       1
       3
       3
       3
       1
       0
       6
       1
       0
       1
       4
       1
       6
       2
       1
       4
       1
       1
       1
       2
       2
       3
       0
       0
       0
       1
       4
       1
       2
       1
       3
       0
       1
       0
       2
       2
       2
       0
       0
       3
       3
       6
       3
       1
       0
       1
       2
       2
       0
       4
       1
       1
       3
       2
       0
       3
       1
       1
       0
       0
       3
       3
       0
       2
       2
       1
       1
       1
       1
       1
       2
       3
       2
       0
       2
       1
       2
       0
       0
       0
       3
       1
       3
       2
       3
       1
       2
       1
       0
       1
       1
       0
       4
       1
       2
       1
       2
       0
       3
       1
       1
       1
       0
       2
       6
       2
       0
       2
       1
       3
       1
       0
       1
       0
       4
       1
       1
       1
       1
       3
       1
       5
       3
       0
       2
       1
       0
       0
       1
       4
       1
       1
       0
       2
       1
       3
       1
       3
       3
       2
       3
       2
       2
       1
       2
       4
       0
       2
       2
       2
       0
       1
       2
       0
       2
       0
       1
       4
       0
       2
       1
       1
       1
       2
       2
       3
       0
       0
       0
       3
       0
       0
       2
       2
       0
       2
       2
       1
       2
       1
       4
       1
       0
       4
       0
       1
       1
       2
       1
       1
       0
       2
       1
       1
       0
       0
       2
       0
       0
       0
       4
       1
       4
       1
       0
       2
       1
       4
       0
       0
       1
       0
       0
       1
       3
       2
       2
       0
       2
       1
       0
       1
       0
       1
       1
       3
       1
       0
       1
       1
       3
       0
       0
       0
       0
       1
       3
       2
       0
       1
       0
       1
       0
       2
       1
       2
       4
       0
       3
       1
       0
       0
       0
       2
       1
       2
       3
       0
       2
       0
       1
       1
       1
       2
       0
       1
       2
       1
       1
       0
       0
       1
       2
       0
       1
       0
       1
       2
       3
       2
       5
       8
       9
       1
       0
       0
       1
       0
       0
       1
       0
       1
       2
       2
       3
       0
       0
       2
       1
       1
       0
       2
       0
       1
       0
       0
       1
       0
       2
       0
       1
       1
       0
       1
       0
       1
       1
       4
       0
       0
       1
       0
       0
       1
       1
       1
       0
       1
       1
       0
       3
       0
       0
       1
       0
       1
       1
       1
       1
       0
       1
       0
       0
       0
       1
       1
       1
       1
       0
       3
       0
       0
       3
       1
       0
       1
       1
       0
       1
       0
       0
       1
       1
       2
       0
       0
       1
       0
       1
       1
       0
       0
       1
       0
       1
       0
       1
       0
       1
       2
       0
       1
       1
       0
       1
       3
       2
       1
       0
       0
       1
       0
       2
       0
       1
       1
       1
       1
       2
       2
       0
       0
       2
       1
       0
       0
       3
      10
       7
       1
       0
       1
       0
       0
       2
       0
       0
       1
       0
       0
       0
       0
       0
       2
       0
       0
       1
       0
       0
       0
       0
       1
       1
       0
       0
       1
       0
       0
       0
       0
       0
       0
       0
       0
       3
       0
       0
       0
       0
       0
       1
       0
       0
       1
       0
       0
       2
       0
       0
       2
       2
       0
       0
       0
       0
       0
       0
       1
       1
       0
       1
       0
       1
       1
       0
       0
       0
       0
       0
       1
       0
       0
       0
       0
       0
       1
       0
       2
       0
       0
       0
       0
       0
       0
       0
       0
       0
       0
       1
       0
       0
       0
       1
       0
       1
       0
       0
       0
       1
       1
       2
       0
       1
       3
       4
       3
       0
       1
       0
       0
       0
       0
       1
       0
       0
       0
       0
       0
       0
       0
       0
       0
       0
       0
       0
       0
       0
       2
       0
       0
       0
       0
       0
       0
       1
       0
       0
       1
       0
       0
       0
       0
       0
       0
       1
       1
       0
       0
       0
       0
       0
       0
       0
       0
       0
       0
       0
       0
       0
       0
       1
       0
       0
       1
       0
       0
       0
       0
       0
       1
       0
       1
       2
       0
       0
       0
       0
       0
       1
       0
       0
       0
       1
       0
       0
       0
       1
       1
       0
       1
       0
       1
       0
       0
       0
       0
       0
       0
       0
       0
       0
       0
       0
       0
       0
       0
       0
       0
       0
       0
       0
       0
       1
       0
       0
       0
       0
       0
       1
       0
       0
       0
       0
       0
       0
       0
       0
       0
       0
       0
       1
       0
       0
       0
       1
       0
       0
       0
       0
       1
       0
       0
       0
       1
       0
       0
       0
       0
       2
       0
       0
       2
       0
       0
       0
       0
       0
       0
       0
       0
       0
       0
       0
       0
       0
       0
       0
       0
       0
       0
       0
       0
       0
       0
       0
       1
       0
       0
       1
       0
       0
       0
       0
       0
       0
       0
       0
       0
       0
       1
       0
       1
       0
       0
       0
       0
       0
       1
       0
       0
       0
       0
       1
       0
       0
       0
       0
       0
       0
       0
       0
       0
       0
       0
       0
       0
       0
       0
       0
       0
       0
       0
       0
       0
       0
       0
       0
       0
       0
       0
       0
       0
       0
       0
       0
       0
       0
       0
       0
       0
       0
       1
       0
       0
       1
       0
       0
       1
       1
       0
       1
       0
       0
       0
       0
       0
       0
       0
       0
       1
       0
       0
       0
       0
       0
       0
       0
       0
       0
       0
       0
       0
       0
       0
       0
       1
       0
       0
       0
       0
       0
       1
       1
       0
       1
       0
       0
       0
       0
       0
       0
       1
       0
       0
       0
       0
       0
       0
       0
       0
       0
       0
       1
       0
       0
       0
       0
       0
       0
       0
       0
       0
       0
       0
       0
       0
       0
       1
       0
       0
       0
       0
       0
       0
       0
       0
       0
       0
       0
       0
       0
       0
       0
       0
       0
       0
       0
       0
       0
       0
       1
       0
       0
       0
       0
       0
       0
       0
       2
       1
       0
       0
       0
       0
       0
       0
       0
       0
       0
       0
       0
       1
       0
       0
       0
       1
       0
       1
       0
       0
       0
       0
       0
       0
       0
       0
       0
       0
       0
       0
       0
       0
       0
       0
       0
       0
       0
       1
       0
       0
       0
       0
       0
       0
       0
       0
       0
       0
       0
       0
       0
       0
       0
       0
       0
       0
       0
       0
       0
       0
       0
       0
       0
       0
       0
       0
       0
       0
       0
       1
       0
       0
       0
       1
       0
       0
       1
       0
       0
       0
       0
       0
       0
       0
       1
       0
       0
       0
       0
       0
       0
       0
       0
       0
       1
       0
       0
       0
       0
       1
       0
       0
       0
       0
       0
       0
       0
       0
       0
       0
       0
       0
       0
       0
       0
       0
       0
       0
       0
       0
       0
       0
       1
       0
       0
       0
       0
       1
       1
       0
       0
       0
       0
       0
       0
       2
       0
       0
       0
       0
       0
       1
       0
       0
       0
       0
       0
       0
       0
       0
       0
       0
       0
       0
       0
       0
       0
       0
       0
       1
       0
       0
       0
       0
       0
       0
       0
       0
       0
       0
       0
       0
       0
       0
       1
       0
       0
       0
       0
       1
       0
       0
       1
       0
       0
       0
       0
       1
       1
       0
       0
       0
       0
       0
       0
       0
       0
       0
       0
       0
       0
       0
       0
       0
       0
       0
       0
       0
       0
       0
       0
       0
       0
       0
       0
       0
       0
       0
       0
       0
       0
       0
       0
       0
       0
       0
       0
       0
       0
       0
       0
       0
       0
       0
       0
       0
       0
       1
       0
       0
       1
       0
       0
       0
       0
       1
       0
       0
       0
       0
       0
       0
       0
       0
       0
       0
       0
       0
       0
       0
       0
       0
       0
       0
       0
       0
       0
       0
       0
       0
       0
       0
       0
       0
       0
       0
       0
       0
       0
       0
       0
       1
       0
       0
       0
       0
       1
       0
       0
       0
       0
       0
       0
       0
       0
       0
       0
       0
       0
       0
       0
       0
       0
       0
       0
       0
       0
       0
       0
       0
       0
       0
       0
       0
       0
       0
       0
       0
       0
       0
       0
       0
       0
       0
       0
       0
       0
       0
       0
       0
       0
       0
       0
       0
       0
       0
       0
       0
       1
       0
       0
       0
       0
       0
       0
       0
       0
       0
       0
       0
       0
       0
       0
       0
       0
       0
       0
       0
       0
       0
       0
       0
       0
       0
       0
       0
       0
       0
       0
       0
       0
       0
       0
       0
       0
       0
       0
       0
       0
       0
       0
       0
       0
       0
       0
       1
       0
       0
       0
       1
       0
       0
       1
       1
       0
       0
       0
       0
       0
       0
       0
       0
       0
       0
       0
       0
       0
       0
       0
       0
       0
       0
       0
       0
       0
       0
       0
       0
       0
       0
       0
       0
       0
       0
       0
       0
       0
       0
       0
       0
       0
       0
       0
       0
       0
       0
       0
       0
       0
       0
       0
       0
       0
       0
       0
       0
       0
       0
       0
       0
       0
       0
       0
       0
       0
       0
       0
       0
       0
       0
       0
       0
       0
       0
       0
       0
       0
       0
       0
       0
       0
       0
       0
       1
       0
       0
       0
       0
       0
       0
       0
       0
       0
       0
       0
       0
       0
       0
       0
       0
       0
       0
       0
       0
       0
       0
       0
       0
       0
       0
       0
       0
       0
       0
       0
       0
       0
       0
       0
       0
       0
       0
       0
       0
       0
       0
       0
       0
       0
       0
       0
       0
       0
       0
       0
       0
       0
       0
       0
       0
       0
       0
       0
       0
       0
       0
       0
       0
       0
       0
       0
       0
       0
       0
       0
       0
       0
       0
       0
       0
       0
       0
       0
       0
       0
       0
       0
       0
       0
       0
       0
       0
       0
       0
       0
       0
       0
       0
       0
       0
       0
       0
       0
       0
       0
       0
       0
       0
       0
       0
       0
       0
       0
       0
       0
       0
       0
       0
       0
       0
       0
       0
       0
       0
       0
       0
       0
       0
       0
       0
       0
       0
       0
       0
       0
       0
       0
       0
       0
       0
       0
       0
       0
       0
       0
       0
       0
       0
       0
       0
       0
       0
       0
       0
       0
       0
       0
       0
       0
       0
       0
       0
       0
       0
       0
       0
       0
       0
       0
       0
       0
       0
       1
       0
       0
       0
       0
       0
       0
       0
       0
       0
       0
       0
       0
       0
       0
       0
       0
       0
       0
       0
       0
       0
       0
       0
       0
       0
       0
       0
       0
       0
       0
       0
       0
       0
       0
       0
       0
       0
       0
       0
       0
       0
       0
       0
       0
       0
       0
       0
       0
       0
       0
       0
       0
       0
       0
       0
       0
       0
       0
       0
       0
       0
       0
       0
       0
       0
       0
       0
       0
       0
       0
       0
       0
       0
       0
       0
       0
       0
       0
       0
       0
       0
       0
       0
       0
       0
       0
       0
       1
       0
       0
       0
       0
       0
       0
       0
       0
       0
       0
       0
       0
       0
       0
       0
       0
       0
       0
       0
       0
       0
       0
       0
       0
       0
       0
       0
       0
       0
       0
       0
       0
       0
       0
       0
       0
       0
       0
$ROI:
12
81 89
168 176
209 218
307 317
544 554
605 615
676 686
743 753
760 770
780 790
844 855
987 999
$PRESETS:
Live Time
36000
0
$ENER_FIT:
1.413246 1.566115
$MCA_CAL:
3
1.413246E+000 1.566115E+000 -2.345310E-006 keV
$SHAPE_CAL:
3
2.210942E-001 1.574779E-003 -8.633240E-007
