$SPEC_ID:
Rn 222 alpha count
$SPEC_REM:
DET# 2
DETDESC# ALPHA COUNTER
AP# Maestro Version 7.01
$DATE_MEA:
06/19/2017 16:45:55
$MEAS_TIM:
1009 1009
$DATA:
0 2047
       0
       0
       0
       0
       0
       0
       0
       0
       0
       0
       0
       0
       0
       0
       0
       0
       0
       0
       0
       0
       0
       0
       0
       0
       0
       0
       0
       0
       0
       0
       0
       0
       0
       0
       0
       0
       0
       0
       0
       0
       0
       0
       0
       0
       0
       0
       0
       0
       0
       0
       0
       0
       0
       0
       0
       0
       0
       0
       0
       0
       0
       0
       0
       0
       0
       0
       0
       0
       0
       0
       0
       0
       0
       0
      20
      35
      27
      27
      39
      31
      35
      27
      32
      37
      30
      37
      41
      53
      55
      30
      38
      38
      29
      32
      40
      33
      39
      37
      37
      34
      34
      28
      32
      36
      37
      31
      31
      40
      36
      33
      36
      32
      36
      24
      34
      35
      39
      34
      32
      28
      28
      27
      20
      23
      23
      25
      21
      28
      33
      32
      24
      16
      16
      20
      20
      15
      20
      20
      23
      18
      19
      25
      32
      20
      20
      17
      16
      13
      12
      23
      20
      25
      13
      13
      10
      19
      20
      18
      22
      18
      16
      19
      14
      18
      10
      10
      10
      18
      12
       9
      11
      14
      17
      11
      10
      15
      12
      15
      21
       7
      16
      11
      10
      16
       9
      10
      13
      13
      14
      16
      14
      10
      19
      13
       8
      17
       7
       9
      13
       7
      15
       8
       6
       8
      11
       9
       8
      10
       9
       4
      12
      12
       7
      23
     370
      62
       6
       6
      11
       5
       5
       4
       1
       7
      11
      10
       9
       6
       5
       6
       8
       5
       6
       6
      10
      10
       9
       8
       6
       6
       7
       7
       7
       8
       6
       6
      10
       4
       6
      19
      30
       8
       7
      14
       4
       3
      13
       4
       6
       6
       4
       5
       4
       6
       8
      19
      53
       8
       5
       8
       5
       4
       8
       9
       3
       7
       4
       8
       5
       4
       8
       4
       8
       5
       1
       4
       5
       2
       9
       5
       4
       5
       5
       9
       3
       6
       2
       6
       6
       6
       5
      10
       6
       7
       4
       3
       6
       4
       4
       7
       2
       3
       5
       6
       3
       4
       6
       4
       6
       2
       4
       4
       2
       4
       6
       8
      12
       6
       7
       4
       3
       6
       4
       4
       2
       3
       7
       6
       4
       3
       3
       0
       3
       2
       5
       4
       3
       6
       4
       6
       3
       4
       1
       7
       7
       3
       7
       4
       2
       6
       2
       4
       2
       5
       6
       3
       6
       1
       2
       4
       4
       9
       3
       1
       6
       4
       4
       3
       2
       2
       1
       7
       3
       7
       4
       3
       2
       3
      10
       4
       6
       4
       2
       5
       4
       2
       4
       4
       5
       3
       3
       3
       2
       5
       0
       3
       2
       4
       1
       2
       4
       6
       2
       3
       3
       3
       4
       4
       1
       3
       4
       4
       1
       2
       5
       6
       1
       4
       3
       6
       3
       2
       2
       9
       6
       3
       7
       3
       4
       2
       5
       0
       1
       3
       7
       2
       2
       2
       4
       3
       6
       4
       6
       2
       1
       3
       4
       3
       5
       4
       1
       2
       5
       1
       1
       1
       5
       0
       1
       5
       2
       9
       2
       1
       4
       1
       4
       2
       3
       3
       4
       2
       3
       2
       2
       3
       4
       1
       3
       1
       3
       3
       2
       0
       5
       2
       2
       3
       6
       1
       1
       3
       1
       4
       3
       6
       3
       1
       3
       4
       3
       3
       0
       3
       2
       3
       4
       3
       3
       0
       5
       1
      10
      12
       5
       2
       1
       2
       2
       3
       3
       2
       3
       3
       6
       2
       5
       2
       5
       3
       2
       4
       3
       5
       4
       3
       2
       3
       3
       4
       2
       3
       2
       0
       4
       4
       4
       1
       6
       3
       2
       2
       3
       3
       5
       2
       1
       2
       8
       6
       1
       2
       4
       1
       3
       4
       5
       6
       1
       3
       2
       5
       8
       3
       2
       2
       5
       0
       2
       2
       4
       6
       0
       1
       1
       1
       3
       1
       1
       2
       1
       5
       0
       3
       2
       5
       3
       1
       3
       9
       3
       6
       1
       2
       3
       1
       2
       2
       1
       6
       5
       1
       0
       4
       2
       6
       3
       3
       1
       1
       3
       2
       1
       4
       3
       3
       2
       2
       3
       1
       2
       1
       2
       2
       1
       2
       3
       1
       1
       4
       1
       0
       0
       2
       2
       0
       4
       1
       2
       2
       2
       2
       2
       1
       3
       3
       2
       2
       3
       3
       0
       2
       2
       1
       1
       2
       2
       3
       2
       2
       4
       4
       6
       3
       0
       0
       2
       3
       3
       2
       1
       2
       2
       0
       0
       1
       4
       1
       3
       2
      12
      27
       6
       1
       3
       5
       1
       2
       3
       4
       1
       3
       2
       1
       3
       4
       3
       2
       0
       2
       1
       2
       2
       4
       1
       2
       0
       3
       1
       4
       1
       2
       4
       2
       1
       1
       3
       2
       1
       1
       2
       1
       1
       1
       0
       0
       3
       4
       2
       1
       0
       1
       2
       1
       1
       3
       1
       3
       0
       1
       0
       2
       3
       0
       2
       1
       2
       0
       2
       4
       1
       0
       0
       4
       1
       0
       0
       1
       2
       0
       0
       1
       0
       1
       1
       0
       0
       2
       1
       1
       0
       2
       2
       1
       1
       1
       0
       1
       2
       2
       6
       0
       0
       1
       0
       1
       2
       1
       2
       2
       1
       1
       1
       0
       1
       1
       1
       3
       4
       2
       1
       2
       0
       0
       4
      15
      36
      13
       1
       1
       1
       0
       0
       1
       2
       0
       1
       1
       1
       1
       0
       3
       1
       0
       1
       1
       1
       3
       1
       0
       1
       0
       3
       1
       0
       2
       0
       2
       0
       1
       0
       0
       0
       0
       0
       0
       1
       1
       0
       0
       0
       0
       0
       1
       1
       1
       0
       0
       0
       1
       2
       1
       0
       0
       0
       1
       1
       2
       0
       0
       1
       0
       0
       0
       2
       0
       1
       1
       0
       1
       0
       0
       2
       2
       2
       0
       2
       0
       0
       0
       0
       3
       1
       0
       0
       0
       1
       0
       0
       3
       0
       1
       0
       0
       0
       1
       2
       0
       0
       1
       0
       1
       5
      11
       6
       2
       1
       1
       0
       0
       0
       0
       0
       0
       0
       0
       1
       0
       1
       1
       2
       0
       0
       1
       0
       0
       1
       1
       0
       1
       0
       1
       1
       4
       1
       0
       0
       0
       0
       2
       0
       0
       0
       0
       0
       0
       1
       0
       0
       0
       0
       0
       0
       1
       0
       0
       0
       3
       1
       0
       1
       0
       0
       0
       0
       0
       1
       0
       1
       0
       0
       0
       0
       0
       1
       0
       2
       0
       0
       0
       0
       0
       0
       0
       0
       1
       0
       0
       2
       1
       1
       1
       0
       1
       0
       0
       0
       0
       0
       1
       0
       0
       0
       0
       0
       0
       0
       0
       1
       0
       0
       0
       0
       0
       0
       1
       0
       1
       0
       0
       0
       1
       1
       1
       0
       0
       0
       0
       0
       1
       0
       1
       0
       0
       0
       0
       0
       0
       0
       0
       0
       0
       0
       1
       1
       0
       0
       1
       0
       0
       0
       0
       0
       0
       0
       0
       0
       0
       1
       1
       1
       0
       0
       0
       1
       0
       2
       1
       1
       0
       1
       1
       0
       1
       0
       1
       0
       0
       0
       0
       0
       0
       0
       0
       0
       0
       0
       1
       0
       0
       2
       1
       0
       0
       0
       0
       1
       1
       0
       0
       0
       0
       0
       0
       0
       0
       0
       0
       0
       0
       1
       1
       0
       2
       3
       0
       0
       0
       0
       0
       0
       0
       0
       0
       0
       0
       0
       1
       0
       1
       0
       1
       0
       1
       0
       0
       0
       0
       0
       1
       2
       0
       0
       0
       0
       1
       0
       0
       1
       0
       0
       1
       0
       0
       0
       0
       0
       0
       2
       0
       0
       0
       1
       0
       0
       0
       0
       0
       0
       1
       0
       1
       1
       1
       0
       0
       1
       0
       0
       0
       0
       0
       0
       0
       0
       1
       1
       0
       0
       0
       0
       0
       0
       2
       0
       0
       1
       0
       0
       0
       0
       1
       0
       0
       1
       0
       0
       0
       1
       0
       0
       1
       0
       0
       0
       0
       1
       0
       0
       1
       1
       0
       0
       0
       0
       0
       0
       0
       0
       0
       0
       1
       0
       0
       0
       0
       0
       0
       0
       1
       1
       0
       0
       0
       0
       1
       1
       0
       0
       2
       0
       0
       0
       1
       0
       0
       0
       0
       0
       0
       0
       1
       0
       1
       0
       0
       1
       1
       0
       0
       1
       0
       0
       0
       0
       0
       1
       0
       0
       0
       0
       0
       1
       1
       0
       1
       1
       0
       1
       0
       0
       1
       0
       0
       0
       0
       0
       0
       0
       0
       0
       0
       0
       1
       0
       0
       1
       0
       0
       0
       0
       0
       0
       0
       1
       1
       0
       0
       2
       1
       1
       0
       0
       0
       1
       0
       0
       0
       0
       0
       0
       0
       0
       0
       1
       0
       0
       0
       0
       0
       1
       1
       0
       0
       0
       1
       0
       0
       1
       0
       0
       0
       0
       0
       0
       0
       0
       0
       0
       0
       0
       0
       0
       0
       0
       0
       1
       0
       0
       0
       0
       0
       0
       0
       0
       0
       0
       0
       1
       0
       0
       0
       0
       0
       1
       1
       0
       1
       0
       1
       0
       1
       1
       0
       0
       0
       0
       0
       0
       1
       0
       0
       0
       0
       0
       0
       0
       0
       0
       0
       1
       0
       0
       0
       0
       0
       0
       0
       0
       0
       0
       0
       1
       0
       1
       0
       0
       0
       0
       0
       0
       0
       0
       0
       0
       0
       0
       0
       0
       0
       1
       1
       0
       0
       0
       0
       0
       0
       0
       0
       0
       0
       0
       0
       1
       0
       1
       0
       0
       0
       0
       2
       0
       1
       0
       0
       0
       0
       0
       0
       0
       0
       0
       0
       0
       0
       0
       0
       0
       0
       0
       1
       0
       0
       0
       0
       0
       0
       0
       0
       0
       0
       0
       0
       0
       1
       0
       0
       1
       0
       0
       0
       0
       0
       0
       1
       0
       0
       0
       0
       0
       0
       0
       0
       0
       0
       1
       0
       0
       0
       0
       0
       0
       0
       0
       0
       0
       0
       0
       0
       0
       0
       0
       0
       0
       0
       0
       0
       0
       1
       0
       0
       0
       1
       0
       1
       0
       0
       0
       0
       0
       0
       0
       0
       0
       0
       0
       0
       0
       0
       0
       0
       0
       0
       0
       0
       0
       0
       0
       0
       0
       0
       0
       0
       0
       0
       0
       1
       0
       0
       0
       0
       0
       0
       0
       0
       1
       0
       0
       0
       0
       0
       0
       0
       1
       0
       0
       0
       0
       1
       0
       0
       0
       0
       0
       0
       0
       0
       0
       0
       0
       0
       0
       0
       0
       0
       0
       0
       0
       0
       0
       0
       0
       0
       0
       0
       0
       0
       0
       0
       0
       0
       0
       0
       0
       0
       0
       0
       0
       0
       1
       1
       2
       0
       0
       0
       0
       0
       0
       0
       0
       0
       0
       0
       0
       0
       0
       0
       0
       0
       0
       0
       0
       0
       0
       0
       0
       0
       0
       0
       0
       0
       0
       0
       0
       0
       0
       0
       0
       0
       0
       0
       0
       0
       0
       0
       0
       0
       0
       0
       0
       0
       0
       0
       0
       0
       0
       0
       0
       0
       0
       0
       0
       0
       0
       0
       0
       0
       0
       0
       0
       0
       0
       0
       0
       1
       0
       0
       0
       0
       0
       0
       0
       0
       0
       0
       0
       0
       0
       0
       0
       0
       0
       0
       0
       0
       0
       0
       0
       0
       0
       0
       0
       0
       0
       0
       0
       0
       0
       0
       0
       0
       0
       0
       0
       0
       0
       0
       0
       0
       0
       0
       0
       0
       0
       0
       0
       0
       1
       0
       0
       0
       0
       0
       0
       0
       0
       0
       0
       0
       0
       0
       0
       0
       0
       0
       0
       0
       0
       0
       0
       0
       0
       0
       0
       0
       0
       0
       0
       0
       0
       0
       0
       0
       0
       0
       0
       0
       0
       0
       0
       0
       0
       0
       0
       0
       0
       0
       0
       0
       0
       0
       0
       0
       0
       0
       0
       0
       0
       0
       0
       0
       0
       0
       0
       1
       0
       0
       0
       0
       0
       0
       0
       0
       0
       0
       0
       0
       0
       0
       0
       0
       0
       0
       0
       0
       0
       0
       0
       0
       0
       0
       0
       0
       0
       0
       0
       0
       0
       0
       0
       0
       0
       0
       0
       0
       0
       0
       0
       0
       0
       0
       0
       0
       0
       0
       0
       0
       0
       0
       0
       0
       0
       0
       0
       0
       0
       0
       0
       0
       0
       0
       0
       0
       0
       0
       0
       0
       0
       0
       0
       0
       0
       0
       0
       0
       0
       0
       0
       0
       0
       0
       0
       0
       0
       0
       0
       0
       0
       0
       0
       0
       0
       0
       0
       0
       0
       0
       0
       0
       0
       0
       0
       0
       0
       0
       0
       0
       0
       0
       0
       0
       0
       0
       0
       0
       0
       0
       0
       0
       0
       0
       0
       0
       0
       0
       0
       0
       0
       0
       0
       0
       0
       0
       0
       0
       0
       0
       0
       0
       0
       0
       0
       0
       0
       0
       0
       0
       0
       0
       0
       0
       0
       0
       0
       0
       0
       0
       0
       0
       0
       0
       0
       0
       0
       0
       0
       0
       0
       0
       0
       0
       0
       0
       0
       0
       0
       0
$ROI:
12
81 89
168 176
209 218
307 317
544 554
605 615
676 686
743 753
760 770
780 790
844 855
987 999
$PRESETS:
Live Time
36000
0
$ENER_FIT:
1.413246 1.566115
$MCA_CAL:
3
1.413246E+000 1.566115E+000 -2.345310E-006 keV
$SHAPE_CAL:
3
2.210942E-001 1.574779E-003 -8.633240E-007
