$SPEC_ID:
Rn 222 alpha count
$SPEC_REM:
DET# 2
DETDESC# ALPHA COUNTER
AP# Maestro Version 7.01
$DATE_MEA:
06/19/2017 19:50:20
$MEAS_TIM:
3205 3206
$DATA:
0 2047
       0
       0
       0
       0
       0
       0
       0
       0
       0
       0
       0
       0
       0
       0
       0
       0
       0
       0
       0
       0
       0
       0
       0
       0
       0
       0
       0
       0
       0
       0
       0
       0
       0
       0
       0
       0
       0
       0
       0
       0
       0
       0
       0
       0
       0
       0
       0
       0
       0
       0
       0
       0
       0
       0
       0
       0
       0
       0
       0
       0
       0
       0
       0
       0
       0
       0
       0
       0
       0
       0
       0
       0
       0
       0
      52
      70
      71
      72
      67
      75
      66
      96
      72
      75
      77
      77
      68
      79
      67
      61
      59
      74
      89
      80
      67
      62
      57
      78
      66
      66
      57
      80
      72
      63
      55
      66
      68
      63
      65
      63
      57
      67
      60
      62
      64
      62
      59
      69
      64
      58
      49
      57
      47
      55
      46
      51
      50
      52
      58
      42
      35
      48
      44
      53
      41
      44
      45
      45
      28
      48
      32
      44
      44
      43
      33
      39
      30
      41
      49
      39
      35
      41
      37
      50
      39
      34
      29
      41
      34
      38
      34
      26
      30
      26
      28
      30
      32
      23
      24
      24
      22
      25
      17
      30
      31
      37
      39
      28
      39
      23
      22
      26
      33
      26
      25
      23
      28
      21
      25
      26
      37
      33
      15
      23
      14
      28
      24
      31
      24
      15
      16
      17
      19
      24
      30
      16
      24
      20
      21
      19
      22
      12
      19
      43
     401
      64
      25
      21
      11
      22
      20
      19
      12
      27
      24
      16
      16
      14
      20
      12
      17
      20
      12
      11
      16
      12
      13
      15
      19
       9
      19
      16
      12
      16
      13
       9
      10
      13
      11
      20
      20
      15
      10
      23
      10
      13
      21
      14
       8
       6
      18
      17
      15
      16
       6
      19
      21
      16
      19
       7
      12
       9
      11
      10
      15
      12
      14
      12
       9
      15
      12
       6
      10
       7
      11
      11
      21
      11
      13
      13
      10
      14
      10
      11
      14
      10
       9
       7
      13
      13
      14
      14
       5
       8
      12
      12
       8
      12
      13
      14
      15
      12
      11
       7
       7
      13
      10
      12
      18
       8
       8
       8
      10
      13
      12
      13
      28
      14
      10
      18
       8
       5
       9
      10
       8
       7
      11
      11
       8
       6
       8
       9
       6
       9
      11
       8
       9
       2
      10
       6
      11
       9
       5
      11
       4
      11
       5
       5
      10
       4
       6
       5
      10
      11
       5
       7
      13
       8
       8
       8
       8
      12
      12
       5
      10
       5
       6
       5
       7
       6
       8
       7
       7
       8
       8
       7
       7
       4
      12
      12
       6
      10
      13
       7
       3
       6
       6
      10
       4
       5
      12
       8
      11
       3
       8
       7
       5
       6
      14
       6
       7
       5
       3
       7
       6
       6
      10
      10
       4
       8
       7
       6
       4
       7
       3
      10
       3
       4
       7
       5
      12
       4
       5
       5
      10
       9
      11
       7
       8
       4
       5
       6
       4
       5
       6
       4
       6
       6
       4
       2
       7
       3
       9
       8
       3
       4
       5
       6
       5
       6
       2
       6
       9
       7
      12
       7
      10
       6
       4
       9
       2
       2
       4
       3
       3
       5
       9
       1
       3
       5
       8
       6
       5
       4
      11
      10
       5
       4
       6
       6
       6
       4
       3
       4
       7
       4
       4
       2
       6
       5
       2
       6
       6
       8
       7
       6
       6
       6
       6
       5
       5
       6
       4
       3
       5
       5
       9
       5
       3
       7
       9
       2
       6
       6
       6
       4
       5
       5
       4
       8
       4
       9
       5
       2
       4
       8
       4
      11
       1
       6
       3
       6
       2
       6
       7
       2
       7
       2
       5
       3
       8
       6
       6
       5
       1
       8
       4
       3
       7
       3
       2
       7
       2
       5
       4
       5
       6
       6
       1
       3
       5
       4
       6
       3
       7
       5
       2
       8
       5
       1
       7
       8
      11
       5
       3
       2
       2
       6
       3
       6
       4
       4
       5
       2
       5
       4
       7
       7
       6
       2
       5
       6
       5
       2
       0
       6
       3
       3
       2
       5
       4
       2
       2
       5
       3
       3
       3
       5
       5
       5
       3
       4
       5
       7
       7
       6
       5
       4
       2
       4
       3
       4
       4
       5
       2
       3
       2
       1
       4
       5
       5
       4
       6
       1
       3
       4
       2
       5
       2
       8
       6
       3
       4
       6
       3
       7
       3
       3
       9
       3
       3
       5
       4
       3
       1
       1
       1
       2
       3
       2
       4
       5
       4
       7
       4
       5
       5
       3
       2
       1
       3
       4
       5
       5
       0
       3
       4
       5
       2
       1
       4
       1
       4
       5
       4
       6
       7
       5
       1
       3
       5
      11
       3
       4
       5
       2
       2
       5
       1
       1
       3
       2
       3
       8
       1
       4
       7
       4
       4
       5
       2
       1
       1
       1
       3
       4
       4
       4
       4
       3
       4
       3
       3
       0
       6
       7
       4
       2
       3
       6
       1
       2
       3
       1
       1
       3
       6
       4
       3
       2
       3
       0
       1
       3
       5
       6
       3
       3
       2
       1
       3
       5
       1
       2
       5
       4
       3
       2
       1
       2
       4
       2
       3
       5
       4
       1
       3
       4
       2
       3
       8
       3
       5
       3
       5
       3
       7
       5
       2
       3
       6
       4
       3
       1
       3
       1
       4
       4
       2
       1
       1
       0
       1
       2
       0
       2
       3
       2
       0
       6
       1
       2
       2
       0
       2
       0
       3
       3
       2
       5
       4
       1
       3
       3
       2
       7
       7
       4
       1
       2
       1
       1
       1
       1
       2
       2
       0
       1
       2
       0
       2
       1
       0
       0
       3
       1
       3
       0
       1
       1
       1
       1
       3
       5
       2
       0
       2
       1
       3
       0
       1
       3
       1
       2
       1
       0
       3
       1
       1
       0
       4
       0
       1
       4
       0
       2
       4
       1
       0
       1
       0
       2
       1
       1
       3
       1
       1
       2
       1
       0
       3
       1
       0
       2
       0
       0
       3
       1
       3
       1
       2
       2
       0
       0
       0
       2
       1
       4
       0
       2
       1
       0
       1
       1
       2
       3
       1
       2
       1
       2
       0
       2
       1
       2
       3
       0
       2
       2
       1
       0
       0
       6
      12
      32
      11
       0
       0
       1
       0
       0
       2
       1
       0
       3
       0
       1
       0
       1
       3
       0
       0
       1
       1
       1
       0
       2
       1
       0
       1
       2
       2
       4
       2
       1
       0
       0
       1
       0
       0
       1
       3
       0
       1
       2
       0
       0
       1
       0
       0
       1
       0
       1
       2
       2
       2
       1
       0
       1
       0
       0
       2
       1
       0
       0
       0
       0
       1
       0
       0
       0
       0
       1
       1
       2
       0
       0
       1
       0
       0
       1
       0
       0
       1
       2
       0
       2
       1
       3
       3
       2
       0
       2
       1
       0
       0
       0
       2
       0
       1
       1
       0
       0
       0
       0
       0
       1
       1
       0
       3
       0
       1
       0
       0
       1
       2
       0
       0
       0
       1
       0
       0
       0
       2
       0
       0
       0
       1
       1
       0
       0
       3
       0
       0
       1
       0
       0
       1
       1
       0
       0
       0
       0
       0
       0
       0
       0
       1
       0
       0
       2
       0
       0
       0
       1
       2
       1
       3
       1
       1
       3
       3
       1
       0
       1
       0
       0
       2
       1
       3
       0
       0
       0
       2
       0
       0
       1
       1
       0
       0
       1
       2
       0
       0
       1
       0
       0
       5
       0
       1
       2
       0
       1
       1
       1
       1
       0
       1
       6
       2
       0
       0
       0
       0
       1
       0
       0
       1
       0
       0
       0
       0
       0
       1
       0
       1
       0
       1
       0
       1
       0
       0
       0
       1
       0
       0
       0
       0
       1
       1
       1
       4
       1
       1
       0
       0
       2
       0
       0
       2
       0
       1
       2
       0
       1
       1
       0
       0
       1
       0
       0
       1
       1
       1
       0
       0
       1
       0
       0
       1
       2
       0
       0
       0
       0
       0
       0
       1
       0
       0
       0
       0
       0
       0
       0
       0
       0
       0
       0
       1
       0
       2
       2
       1
       2
       1
       0
       0
       0
       1
       1
       0
       0
       0
       0
       0
       0
       1
       3
       1
       0
       0
       0
       1
       1
       1
       0
       1
       0
       0
       1
       0
       0
       0
       2
       0
       0
       0
       0
       1
       0
       0
       0
       2
       0
       0
       1
       0
       0
       2
       1
       0
       0
       0
       0
       0
       0
       0
       1
       0
       1
       1
       0
       1
       0
       0
       0
       1
       2
       0
       0
       0
       1
       1
       1
       0
       0
       2
       0
       0
       1
       0
       2
       1
       0
       0
       0
       0
       0
       0
       0
       0
       1
       0
       1
       0
       0
       1
       1
       0
       0
       1
       2
       1
       0
       0
       0
       0
       0
       1
       0
       0
       0
       0
       0
       1
       0
       1
       1
       0
       0
       0
       0
       0
       1
       0
       0
       0
       0
       0
       0
       0
       1
       2
       1
       0
       0
       3
       1
       0
       0
       1
       2
       0
       2
       0
       0
       0
       0
       0
       1
       0
       0
       0
       1
       0
       2
       1
       0
       0
       0
       0
       0
       2
       0
       0
       0
       0
       1
       0
       0
       0
       0
       1
       2
       0
       1
       0
       0
       1
       0
       0
       0
       1
       0
       0
       0
       1
       0
       0
       0
       0
       0
       0
       0
       1
       0
       0
       1
       1
       0
       0
       0
       0
       0
       0
       0
       1
       2
       0
       0
       0
       0
       0
       0
       0
       0
       3
       0
       0
       0
       1
       3
       1
       0
       0
       0
       1
       0
       0
       2
       1
       1
       0
       0
       0
       0
       0
       0
       0
       0
       0
       0
       0
       0
       1
       0
       0
       0
       0
       2
       0
       1
       1
       0
       0
       0
       0
       0
       0
       1
       0
       0
       2
       0
       1
       1
       0
       0
       0
       0
       0
       0
       0
       1
       0
       0
       0
       2
       1
       0
       0
       0
       0
       0
       0
       1
       0
       0
       1
       0
       2
       0
       0
       0
       0
       0
       0
       0
       0
       0
       1
       0
       0
       1
       0
       0
       1
       1
       0
       0
       1
       0
       0
       0
       0
       0
       0
       0
       0
       0
       2
       0
       2
       0
       1
       0
       0
       1
       0
       0
       1
       0
       0
       1
       0
       0
       2
       0
       0
       0
       0
       0
       0
       0
       0
       0
       1
       0
       0
       0
       0
       1
       0
       0
       0
       0
       0
       0
       1
       0
       0
       0
       0
       0
       0
       0
       0
       0
       0
       0
       0
       0
       0
       0
       0
       1
       0
       0
       0
       0
       0
       1
       0
       0
       0
       0
       0
       0
       0
       0
       1
       0
       0
       0
       0
       0
       0
       1
       1
       0
       0
       0
       0
       0
       0
       0
       0
       0
       0
       0
       0
       0
       0
       0
       0
       0
       0
       0
       0
       0
       0
       0
       0
       1
       0
       0
       0
       0
       0
       0
       0
       1
       0
       1
       0
       0
       0
       0
       0
       2
       0
       0
       1
       0
       0
       0
       0
       1
       1
       0
       0
       0
       0
       0
       0
       0
       0
       0
       0
       2
       3
       4
       2
       0
       0
       0
       0
       0
       0
       0
       0
       0
       2
       0
       0
       0
       0
       0
       0
       0
       0
       0
       1
       0
       0
       0
       1
       0
       0
       0
       0
       0
       0
       0
       0
       0
       0
       0
       0
       0
       0
       0
       0
       0
       0
       0
       0
       0
       0
       0
       0
       0
       1
       0
       0
       0
       0
       0
       0
       1
       0
       0
       0
       0
       0
       0
       1
       0
       0
       0
       0
       0
       0
       0
       0
       0
       0
       0
       0
       0
       0
       0
       0
       0
       0
       0
       0
       0
       0
       0
       0
       0
       0
       0
       0
       0
       0
       0
       0
       0
       0
       0
       1
       0
       0
       0
       0
       0
       0
       0
       0
       0
       0
       0
       0
       0
       0
       0
       0
       0
       0
       0
       0
       0
       0
       0
       0
       0
       1
       0
       0
       0
       0
       0
       0
       0
       0
       0
       0
       0
       0
       0
       0
       0
       0
       0
       0
       0
       0
       0
       0
       0
       0
       0
       1
       0
       0
       0
       0
       0
       0
       1
       0
       0
       0
       0
       0
       0
       0
       0
       0
       0
       0
       0
       0
       0
       1
       0
       0
       0
       0
       0
       0
       0
       1
       0
       1
       0
       0
       0
       0
       0
       1
       0
       0
       0
       0
       0
       0
       0
       0
       0
       0
       0
       0
       0
       0
       0
       0
       0
       1
       0
       0
       0
       0
       0
       0
       0
       0
       0
       0
       0
       0
       0
       0
       0
       0
       0
       0
       0
       0
       0
       0
       0
       0
       0
       0
       0
       0
       0
       0
       0
       0
       0
       0
       0
       0
       0
       0
       0
       0
       0
       0
       0
       0
       0
       1
       0
       0
       1
       0
       0
       0
       0
       0
       0
       0
       0
       0
       0
       1
       0
       0
       1
       0
       0
       0
       0
       0
       0
       0
       0
       0
       0
       0
       0
       0
       0
       0
       0
       0
       0
       0
       1
       0
       0
       0
       0
       0
       0
       1
       0
       0
       0
       0
       0
       0
       0
       0
       0
       0
       0
       0
       0
       0
       0
       1
       0
       0
       0
       0
       0
       0
       0
       0
       0
       0
       0
       0
       0
       0
       0
       0
       0
       0
       1
       0
       0
       0
       0
       0
       0
       0
       0
       1
       0
       0
       0
       0
       0
       0
       0
       0
       0
       0
       0
       0
       0
       0
       0
       0
       0
       0
       0
       0
       0
       0
       0
       0
       0
       0
       0
       0
       0
       0
       0
       0
       0
$ROI:
12
81 89
168 176
209 218
307 317
544 554
605 615
676 686
743 753
760 770
780 790
844 855
987 999
$PRESETS:
Live Time
36000
0
$ENER_FIT:
1.413246 1.566115
$MCA_CAL:
3
1.413246E+000 1.566115E+000 -2.345310E-006 keV
$SHAPE_CAL:
3
2.210942E-001 1.574779E-003 -8.633240E-007
