$SPEC_ID:
Rn 222 alpha count
$SPEC_REM:
DET# 2
DETDESC# ALPHA COUNTER
AP# Maestro Version 7.01
$DATE_MEA:
06/19/2017 17:29:18
$MEAS_TIM:
712 712
$DATA:
0 2047
       0
       0
       0
       0
       0
       0
       0
       0
       0
       0
       0
       0
       0
       0
       0
       0
       0
       0
       0
       0
       0
       0
       0
       0
       0
       0
       0
       0
       0
       0
       0
       0
       0
       0
       0
       0
       0
       0
       0
       0
       0
       0
       0
       0
       0
       0
       0
       0
       0
       0
       0
       0
       0
       0
       0
       0
       0
       0
       0
       0
       0
       0
       0
       0
       0
       0
       0
       0
       0
       0
       0
       0
       0
       0
      13
      24
      21
      22
      32
      21
      31
      23
      18
      25
      25
      21
      26
      34
      33
      27
      20
      18
      27
      22
      33
      31
      23
      26
      21
      26
      35
      20
      31
      22
      23
      26
      31
      33
      27
      24
      29
      19
      27
      19
      16
      18
      22
      22
      21
      17
      17
       6
      24
      16
      20
      18
      10
       5
      11
      13
      17
      12
      15
      21
       9
       8
      14
       8
      12
      16
      13
      16
       8
      12
      14
      14
      13
      15
      17
       9
      11
      12
      15
       6
       7
      11
      12
       9
       9
      10
      10
       6
      10
       7
      13
      13
      15
      12
      14
      10
      10
      12
       8
      10
      10
       3
       9
       8
       7
       3
       7
       4
       8
      10
       4
       8
      11
      11
       7
       9
       7
       8
       4
       9
       1
      12
       4
       8
       3
       8
      10
       7
       6
       8
      10
      11
       4
       9
      11
       5
       2
       7
       9
      22
     325
      30
       5
       6
       6
       7
       3
       4
       5
       3
       5
       5
       5
       6
       4
       5
       4
       3
       3
       6
       5
       3
       4
       1
       4
       2
       4
       3
       7
       2
       6
       2
       6
       5
       2
      10
      18
       3
       6
       4
       5
       5
       6
       4
       5
       5
       4
       6
       3
       3
       6
      15
      35
       2
       6
       6
       3
       0
       1
       3
       1
       4
      10
       3
       2
       1
       3
       3
       5
       6
       4
       2
       5
       5
       3
       2
       4
       3
       5
       1
       3
       3
       1
       1
       2
       2
       4
       2
       5
       6
       0
       1
       2
       1
       3
       1
       2
       3
       1
       4
       1
       3
       3
       2
       2
       1
       2
       3
       3
       3
       1
       4
       6
       2
       2
       3
       0
       5
       0
       0
       2
       2
       1
       3
       5
       0
       7
       1
       1
       6
       4
       3
       7
       2
       0
       4
       2
       5
       1
       3
       2
       2
       2
       1
       2
       1
       2
       1
       4
       6
       2
       7
       2
       2
       0
       2
       3
       2
       5
       2
       5
       4
       2
       2
       0
       0
       2
       5
       2
       1
       6
       3
       3
       3
       3
       6
       1
       4
       0
       3
       2
       1
       4
       1
       0
       2
       0
       2
       5
       1
       2
       1
       3
       3
       3
       2
       3
       2
       1
       2
       4
       1
       4
       2
       1
       3
       5
       0
       3
       1
       2
       3
       2
       1
       0
       1
       2
       0
       3
       4
       2
       1
       2
       3
       1
       2
       1
       2
       2
       1
       0
       1
       3
       1
       0
       3
       3
       3
       3
       1
       1
       2
       1
       2
       2
       2
       1
       2
       3
       1
       3
       3
       5
       1
       3
       4
       1
       3
       1
       3
       3
       3
       1
       3
       1
       1
       2
       1
       2
       1
       2
       2
       0
       4
       1
       4
       2
       3
       1
       1
       0
       1
       2
       0
       0
       0
       1
       3
       0
       0
       1
       0
       2
       1
       2
       2
       1
       6
       0
       5
       5
       2
       2
       0
       2
       2
       1
       2
       6
       4
       4
       3
       0
       1
       2
       0
       0
       1
       1
       2
       2
       4
       1
       3
       1
       2
       1
       1
       2
       2
       5
       0
       2
       0
       2
       1
       5
       1
       2
       7
       1
       1
       3
       1
       3
       2
       0
       3
       1
       2
       4
       3
       1
       4
       5
       0
       3
       2
       5
       0
       1
       1
       2
       2
       0
       0
       2
       3
       3
       2
       2
       3
       0
       2
       1
       1
       4
       2
       3
       2
       2
       4
       0
       2
       3
       3
       1
       5
       2
       1
       2
       0
       0
       1
       2
       1
       2
       3
       1
       2
       1
       2
       1
       3
       1
       4
       3
       2
       2
       3
       1
       2
       2
       2
       3
       0
       3
       1
       0
       2
       1
       1
       0
       2
       0
       2
       1
       2
       2
       0
       0
       0
       0
       0
       0
       2
       5
       3
       3
       1
       1
       0
       0
       1
       3
       0
       1
       1
       2
       1
       1
       3
       3
       2
       2
       0
       1
       1
       1
       6
       2
       1
       0
       1
       2
       1
       3
       0
       1
       0
       1
       3
       0
       2
       1
       2
       1
       2
       1
       2
       2
       0
       2
       2
       2
       0
       6
      10
       2
       0
       0
       0
       1
       1
       0
       0
       1
       2
       1
       0
       2
       0
       0
       2
       1
       0
       0
       3
       3
       1
       5
       3
       1
       0
       0
       1
       1
       0
       0
       0
       2
       1
       1
       0
       3
       2
       1
       1
       0
       1
       0
       1
       0
       0
       2
       0
       0
       1
       0
       1
       0
       0
       0
       1
       1
       0
       0
       0
       0
       0
       1
       0
       1
       1
       1
       0
       2
       1
       0
       1
       1
       0
       1
       1
       1
       0
       0
       2
       0
       1
       0
       1
       3
       1
       0
       1
       1
       2
       3
       0
       2
       4
       0
       0
       0
       1
       2
       1
       0
       0
       2
       0
       1
       0
       0
       1
       0
       0
       0
       1
       0
       0
       1
       0
       1
       0
       1
       5
       0
       0
       1
       7
      20
       4
       4
       1
       0
       1
       1
       0
       0
       0
       0
       2
       2
       0
       0
       0
       0
       0
       0
       3
       2
       0
       0
       0
       0
       0
       2
       0
       0
       0
       1
       0
       2
       1
       1
       0
       0
       0
       1
       3
       0
       0
       1
       0
       0
       1
       0
       0
       1
       0
       0
       1
       0
       0
       0
       0
       0
       1
       0
       0
       1
       1
       0
       2
       0
       3
       2
       0
       1
       0
       0
       0
       0
       0
       0
       0
       0
       0
       0
       0
       1
       0
       0
       0
       1
       0
       0
       0
       0
       0
       0
       0
       1
       0
       0
       0
       0
       0
       0
       1
       1
       3
       0
       1
       0
       0
       5
       5
       3
       0
       0
       0
       1
       0
       0
       0
       0
       0
       0
       0
       2
       1
       0
       0
       0
       0
       0
       0
       0
       0
       0
       1
       0
       0
       0
       1
       0
       3
       2
       1
       0
       1
       1
       0
       0
       0
       1
       0
       0
       0
       1
       0
       0
       0
       0
       0
       1
       0
       0
       0
       0
       0
       0
       0
       0
       1
       1
       0
       0
       0
       0
       0
       1
       0
       0
       0
       0
       0
       1
       0
       1
       0
       0
       0
       0
       0
       0
       0
       0
       0
       1
       0
       0
       0
       0
       1
       0
       0
       0
       0
       1
       0
       0
       1
       0
       0
       0
       0
       0
       0
       0
       0
       0
       1
       0
       0
       0
       0
       0
       0
       1
       0
       0
       0
       0
       0
       0
       0
       0
       1
       0
       0
       0
       0
       0
       1
       0
       0
       0
       0
       0
       0
       0
       0
       0
       2
       0
       0
       0
       0
       0
       0
       0
       1
       0
       0
       0
       0
       0
       0
       0
       0
       0
       0
       0
       0
       0
       1
       0
       0
       0
       0
       0
       0
       0
       1
       0
       0
       0
       1
       0
       0
       0
       1
       0
       0
       0
       1
       0
       0
       0
       0
       1
       0
       0
       0
       0
       0
       0
       0
       3
       0
       0
       0
       0
       0
       0
       0
       0
       0
       0
       0
       0
       0
       0
       0
       0
       0
       1
       0
       0
       1
       0
       0
       0
       0
       0
       0
       0
       0
       0
       0
       1
       0
       0
       0
       0
       0
       0
       1
       1
       0
       0
       0
       0
       1
       0
       0
       1
       0
       1
       0
       0
       0
       0
       1
       0
       0
       0
       0
       0
       0
       1
       0
       0
       1
       0
       1
       1
       0
       1
       0
       0
       0
       0
       0
       0
       0
       0
       1
       0
       0
       0
       0
       0
       1
       0
       0
       1
       0
       1
       0
       0
       0
       1
       1
       0
       0
       1
       0
       0
       0
       0
       0
       0
       0
       0
       1
       0
       0
       1
       0
       0
       0
       0
       2
       0
       1
       0
       0
       1
       0
       0
       0
       0
       0
       0
       1
       0
       0
       0
       0
       0
       0
       0
       0
       1
       1
       0
       0
       0
       0
       0
       0
       0
       0
       0
       0
       0
       0
       0
       0
       0
       0
       0
       0
       0
       0
       0
       0
       0
       0
       0
       0
       0
       0
       0
       0
       0
       0
       0
       0
       0
       0
       0
       0
       0
       0
       0
       1
       0
       0
       0
       0
       0
       0
       0
       1
       0
       0
       0
       0
       0
       0
       0
       0
       0
       0
       0
       0
       0
       0
       0
       0
       0
       1
       0
       0
       0
       0
       0
       0
       0
       0
       0
       0
       0
       0
       0
       0
       0
       0
       3
       0
       1
       0
       0
       0
       0
       0
       0
       0
       1
       0
       0
       0
       0
       0
       0
       0
       0
       0
       0
       0
       0
       0
       0
       0
       1
       0
       0
       0
       0
       1
       0
       1
       0
       0
       0
       0
       0
       0
       0
       0
       0
       0
       0
       0
       0
       1
       0
       0
       0
       0
       0
       0
       0
       0
       0
       0
       0
       0
       0
       0
       0
       0
       0
       0
       0
       0
       0
       0
       0
       0
       0
       0
       0
       0
       0
       1
       0
       0
       0
       0
       0
       0
       0
       0
       0
       0
       0
       0
       0
       0
       0
       0
       0
       0
       1
       0
       0
       0
       0
       0
       0
       0
       0
       0
       0
       0
       0
       1
       0
       0
       0
       0
       0
       0
       0
       0
       1
       0
       0
       0
       0
       0
       0
       0
       0
       0
       1
       0
       0
       0
       1
       0
       0
       0
       1
       1
       0
       0
       0
       0
       0
       0
       0
       0
       0
       0
       0
       0
       1
       0
       1
       0
       0
       0
       0
       0
       0
       0
       0
       0
       0
       0
       0
       0
       1
       0
       0
       2
       0
       0
       0
       0
       0
       0
       0
       0
       0
       0
       0
       0
       0
       0
       0
       0
       0
       0
       0
       0
       0
       0
       0
       0
       0
       0
       0
       0
       0
       0
       0
       0
       0
       0
       0
       1
       0
       0
       0
       0
       0
       0
       0
       0
       0
       0
       0
       0
       0
       0
       0
       1
       1
       0
       0
       0
       0
       0
       0
       0
       0
       0
       1
       0
       0
       0
       0
       0
       0
       0
       0
       0
       0
       0
       0
       0
       0
       0
       0
       0
       0
       0
       0
       0
       0
       0
       0
       0
       0
       0
       0
       0
       0
       0
       0
       0
       0
       0
       0
       0
       1
       0
       0
       0
       0
       0
       0
       0
       0
       0
       0
       0
       0
       0
       0
       1
       0
       0
       0
       0
       0
       0
       0
       0
       0
       0
       0
       0
       0
       0
       0
       0
       0
       0
       0
       0
       0
       0
       0
       0
       0
       0
       0
       0
       0
       0
       0
       0
       0
       0
       0
       0
       1
       2
       0
       0
       0
       0
       0
       0
       0
       0
       0
       0
       0
       0
       0
       0
       0
       0
       0
       0
       0
       0
       0
       0
       0
       0
       0
       0
       0
       0
       0
       0
       0
       0
       0
       0
       0
       0
       0
       0
       0
       0
       0
       0
       0
       0
       0
       0
       0
       0
       0
       0
       0
       0
       0
       0
       0
       0
       0
       0
       0
       0
       0
       0
       0
       0
       0
       0
       0
       0
       0
       0
       0
       0
       0
       0
       0
       0
       0
       0
       0
       0
       0
       0
       0
       0
       0
       0
       0
       0
       0
       0
       0
       0
       0
       0
       1
       0
       0
       0
       0
       0
       0
       0
       0
       0
       0
       0
       0
       0
       0
       0
       0
       0
       0
       0
       0
       0
       0
       0
       0
       0
       0
       0
       0
       0
       0
       0
       0
       0
       0
       0
       0
       0
       0
       0
       0
       0
       0
       0
       0
       0
       0
       0
       0
       0
       0
       0
       0
       0
       0
       0
       0
       1
       0
       0
       0
       0
       0
       0
       0
       0
       0
       0
       0
       0
       0
       0
       0
       0
       0
       0
       0
       0
       0
       0
       0
       0
       0
       0
       0
       0
       0
       0
       0
       0
       0
       0
       0
       0
       0
       0
       0
       0
       0
       0
       0
       0
       0
       0
       0
       0
       0
       0
       0
       0
       0
       0
       0
       0
       0
       0
       0
       0
       0
       0
       0
       0
       0
       0
       0
       0
       0
       0
       0
       0
       0
       0
       1
       0
       0
       0
       0
       0
       0
       0
       0
       0
       0
       0
       0
       0
       0
       0
       0
       0
       0
       0
       0
       0
       0
       0
       0
       0
       0
       0
       1
       0
       0
       0
       0
       0
       0
       0
       0
       0
       0
       0
       0
       0
       0
       0
       0
       0
       0
       0
       0
       0
       0
       0
       0
       0
       0
       0
       0
       0
       0
       0
       0
       0
       0
       0
       0
       0
       0
       0
       0
       0
       0
       0
       0
       0
       0
       0
       0
       0
       0
       0
       0
       0
       0
       0
       0
       0
       0
       0
       0
       0
       0
       0
       0
       0
       0
       0
       0
       0
       0
       0
       0
       0
       0
       0
       0
       0
       0
       0
       0
       0
       0
       0
       0
       0
       0
       0
       0
       0
       0
       0
       0
       0
       0
       0
       0
       0
       0
       0
       0
       0
       0
       0
       0
       0
       0
       0
       0
       0
       0
       0
       0
       0
       0
       0
       0
       0
       0
       0
       0
       0
$ROI:
12
81 89
168 176
209 218
307 317
544 554
605 615
676 686
743 753
760 770
780 790
844 855
987 999
$PRESETS:
Live Time
36000
0
$ENER_FIT:
1.413246 1.566115
$MCA_CAL:
3
1.413246E+000 1.566115E+000 -2.345310E-006 keV
$SHAPE_CAL:
3
2.210942E-001 1.574779E-003 -8.633240E-007
