$SPEC_ID:
Rn 222 alpha count
$SPEC_REM:
DET# 2
DETDESC# ALPHA COUNTER
AP# Maestro Version 7.01
$DATE_MEA:
06/19/2017 19:07:49
$MEAS_TIM:
2431 2431
$DATA:
0 2047
       0
       0
       0
       0
       0
       0
       0
       0
       0
       0
       0
       0
       0
       0
       0
       0
       0
       0
       0
       0
       0
       0
       0
       0
       0
       0
       0
       0
       0
       0
       0
       0
       0
       0
       0
       0
       0
       0
       0
       0
       0
       0
       0
       0
       0
       0
       0
       0
       0
       0
       0
       0
       0
       0
       0
       0
       0
       0
       0
       0
       0
       0
       0
       0
       0
       0
       0
       0
       0
       0
       0
       0
       0
       1
      56
      63
      57
      55
      70
      63
      62
      47
      73
      61
      59
      68
      62
      50
      69
      53
      55
      79
      74
      61
      58
      55
      50
      56
      61
      50
      65
      59
      66
      40
      52
      48
      52
      41
      47
      59
      49
      62
      44
      53
      47
      51
      55
      52
      65
      49
      58
      36
      34
      52
      39
      34
      24
      34
      37
      40
      45
      37
      31
      40
      32
      22
      35
      30
      25
      36
      30
      25
      32
      38
      28
      45
      28
      32
      24
      26
      30
      31
      32
      31
      31
      23
      24
      18
      31
      27
      23
      20
      20
      24
      29
      23
      31
      25
      24
      28
      25
      31
      19
      19
      18
      23
      20
      18
      29
      21
      17
      31
      21
      14
      24
      22
      22
      17
      24
      18
      24
      20
      19
      16
      28
      17
      25
      16
      21
      16
      17
      21
      17
      15
      11
      17
      19
      20
      12
      20
      15
      17
      17
      40
     440
      67
      13
      11
      10
      18
      15
      13
      16
      15
      24
      13
      14
      15
      14
      11
       6
      20
      11
      14
      12
      18
       8
      15
      10
      14
       7
      14
      13
       9
      13
      13
       6
      11
      15
      28
      22
       8
      11
      11
      12
      12
       7
      11
      10
       8
       9
      12
      10
       9
      10
      16
      23
      11
      12
      13
       8
       6
       8
       9
       8
      17
      10
       8
       9
       5
       7
       8
      14
      17
      10
       7
      13
       9
       7
       9
       8
       7
      12
       9
      11
      10
       4
       4
       6
      10
      12
       5
       7
       8
       8
      10
       8
       7
       9
       8
       5
       6
       5
       6
       8
      10
       6
      15
       2
       9
       9
      14
       4
      13
       9
      10
      16
      12
       5
       8
       8
      11
       9
      11
       8
      10
       6
       7
       5
       8
       6
       5
       6
       9
       6
       6
       8
      11
       5
       6
       4
       8
       8
      10
       5
       8
       5
       7
       4
       3
       7
       9
       7
      12
       2
      10
       5
       7
       3
       6
       4
       9
       9
       3
       4
       9
       5
       4
       5
       4
       6
      12
       6
       3
       7
       5
       2
       5
       7
      10
       5
      10
       6
       3
       4
       9
       6
      16
       5
       9
       3
       9
       5
       1
       2
       5
       4
       4
       5
       8
       1
       3
       6
       5
       6
       4
       3
       2
       6
       4
       5
       8
       5
       4
       1
       5
       2
       5
      10
       3
       6
       6
       6
       1
       4
       8
       2
       5
       4
       6
       3
       4
       4
       4
       7
       7
       7
       2
       9
       6
       4
       3
       2
       1
       6
       9
       2
       5
       6
       4
       3
       4
       3
       5
      11
       3
       2
       7
       1
       7
       5
       5
       2
       4
       4
       3
       7
       1
       4
       7
       4
       5
       5
       5
       5
       2
       4
       2
       2
       7
       7
       1
       7
       5
       1
       7
       2
       5
       3
       2
       8
       3
       6
       4
       9
       3
       1
       4
       5
       3
       1
       4
       7
       3
       3
       4
       1
       6
       4
       3
       1
       5
       6
       5
       4
       4
       2
       5
       1
       5
       4
       6
       3
       3
       5
       4
       7
       1
       5
       4
       3
       3
       2
       3
       6
       6
       7
       6
       5
       7
       1
       4
       4
       2
       5
       5
       4
       1
       4
       3
       3
       4
       2
       4
       0
       6
       4
       3
       2
       2
       4
       5
       1
       3
       4
       9
       5
       5
       3
       2
       4
       7
       6
       1
       3
       2
       5
       4
       4
       1
       5
       5
       4
       5
       5
       3
       4
       4
       0
       1
       2
       3
       4
       5
       9
       2
       3
       0
       4
       7
       1
       3
       3
       1
       2
       6
       4
       4
       8
       4
       6
       3
       2
       2
       3
       5
       3
       4
       3
       3
       1
       2
       2
       1
       2
       2
       4
       3
       3
       6
       2
       2
       3
       4
       3
       3
       4
       0
       4
       2
       3
       6
       8
       2
       5
       5
       7
       4
       0
       2
       2
       2
       4
       3
       6
       7
       3
       2
       4
       4
       3
       6
       8
       3
       2
       4
       2
       5
       1
       1
       6
       1
       2
       2
       1
       2
       3
       4
       3
       3
       5
       6
       2
       1
       2
       3
       0
       5
       2
       1
      10
       7
       2
       2
       2
       3
       1
       4
       0
       3
       2
       2
       1
       2
       2
       1
       8
       2
       3
       3
       2
       1
       1
       3
       4
       3
       4
       2
       1
       3
       2
       2
       3
       3
       2
       5
       5
       3
       3
       2
       3
       3
       3
       2
       3
       6
       3
       1
       1
       3
       2
       2
       2
       1
      10
       1
       1
       1
       2
       3
       2
       2
       2
       1
       3
       3
       1
       2
       3
       2
       1
       2
       1
       3
       3
       3
       0
       4
       2
       3
       4
       2
       0
       1
       1
       4
       1
       1
       1
       2
       3
       2
       1
       2
       1
       0
       2
       2
       4
       4
       3
       1
       1
       1
       0
       1
       3
       3
       3
       2
       0
       2
       1
       1
       3
       3
       1
       3
       2
       0
       1
       0
       0
       1
       1
       3
      13
      10
       2
       1
       4
       1
       1
       0
       2
       1
       5
       3
       1
       0
       1
       2
       2
       1
       1
       1
       1
       0
       3
       0
       2
       1
       0
       1
       3
       3
       4
       3
       1
       1
       2
       0
       0
       1
       1
       0
       1
       0
       0
       1
       1
       1
       1
       1
       1
       1
       1
       1
       1
       0
       0
       0
       1
       3
       0
       1
       0
       0
       1
       3
       1
       1
       2
       2
       4
       2
       0
       3
       1
       0
       3
       0
       0
       1
       1
       1
       0
       0
       3
       2
       0
       1
       2
       3
       1
       3
       1
       2
       2
       2
       2
       2
       3
       1
       0
       0
       0
       0
       1
       2
       1
       2
       9
      32
      15
       5
       1
       1
       0
       0
       1
       0
       1
       4
       2
       0
       0
       1
       2
       1
       2
       2
       2
       2
       1
       1
       1
       0
       0
       0
       1
       0
       2
       1
       1
       0
       0
       1
       1
       3
       0
       2
       0
       2
       1
       1
       1
       1
       1
       2
       0
       0
       0
       0
       0
       2
       1
       0
       2
       0
       2
       0
       1
       1
       0
       1
       2
       2
       0
       1
       0
       0
       0
       0
       1
       1
       0
       1
       0
       0
       0
       2
       1
       0
       2
       3
       1
       2
       2
       1
       0
       0
       0
       0
       1
       0
       1
       0
       1
       1
       0
       1
       0
       1
       0
       1
       0
       0
       0
       0
       0
       0
       1
       1
       0
       0
       2
       1
       0
       1
       1
       0
       1
       0
       1
       1
       1
       0
       0
       1
       1
       0
       1
       0
       0
       0
       0
       0
       0
       0
       1
       2
       0
       0
       2
       0
       0
       2
       2
       1
       0
       0
       2
       0
       0
       1
       1
       0
       0
       1
       1
       0
       0
       0
       0
       1
       0
       0
       1
       1
       0
       2
       0
       1
       0
       3
       0
       0
       0
       1
       0
       0
       2
       0
       0
       0
       1
       0
       0
       0
       1
       0
       0
       0
       0
       1
       1
       4
       3
       0
       0
       0
       0
       0
       0
       2
       0
       1
       0
       0
       3
       1
       1
       1
       1
       1
       0
       1
       1
       2
       0
       1
       0
       0
       0
       0
       0
       0
       1
       0
       0
       0
       0
       0
       3
       1
       1
       2
       1
       0
       1
       1
       0
       2
       0
       1
       1
       1
       1
       0
       0
       0
       0
       0
       0
       0
       1
       1
       0
       0
       2
       0
       0
       1
       0
       0
       0
       0
       0
       0
       0
       0
       1
       1
       0
       1
       0
       0
       0
       1
       1
       0
       1
       1
       0
       0
       0
       1
       2
       1
       0
       1
       0
       0
       1
       1
       1
       0
       2
       0
       0
       0
       2
       0
       2
       0
       1
       0
       0
       0
       1
       1
       0
       1
       0
       0
       0
       0
       0
       0
       1
       1
       1
       0
       1
       0
       1
       0
       0
       0
       1
       1
       1
       0
       0
       0
       0
       0
       0
       0
       0
       0
       0
       0
       1
       0
       0
       0
       0
       0
       0
       0
       0
       0
       1
       2
       0
       1
       0
       1
       0
       1
       0
       0
       0
       0
       0
       0
       0
       1
       1
       0
       1
       0
       0
       0
       0
       0
       0
       0
       0
       2
       1
       1
       0
       0
       0
       0
       1
       0
       1
       1
       0
       1
       0
       2
       1
       0
       0
       2
       1
       0
       0
       2
       0
       0
       1
       1
       0
       1
       1
       0
       0
       1
       1
       1
       1
       0
       2
       2
       0
       0
       0
       0
       0
       0
       0
       0
       0
       0
       1
       0
       0
       0
       0
       0
       0
       0
       1
       1
       2
       2
       0
       1
       1
       0
       0
       0
       1
       1
       3
       0
       0
       0
       0
       0
       0
       0
       0
       0
       0
       0
       1
       1
       0
       0
       1
       0
       1
       0
       1
       0
       0
       1
       0
       1
       1
       1
       3
       1
       1
       0
       0
       0
       0
       0
       0
       2
       0
       0
       0
       0
       0
       0
       0
       0
       0
       1
       0
       0
       0
       0
       0
       0
       0
       0
       0
       0
       0
       0
       0
       0
       1
       0
       0
       0
       0
       0
       0
       0
       0
       0
       1
       0
       0
       0
       0
       1
       0
       0
       0
       0
       0
       1
       0
       2
       0
       0
       0
       0
       0
       0
       0
       2
       1
       0
       0
       0
       0
       1
       0
       0
       0
       0
       0
       0
       0
       0
       0
       0
       0
       0
       1
       0
       0
       1
       1
       0
       0
       0
       0
       0
       0
       0
       0
       0
       1
       0
       0
       0
       0
       1
       0
       0
       0
       0
       0
       0
       0
       0
       0
       0
       1
       0
       0
       0
       0
       0
       0
       0
       0
       1
       0
       0
       0
       0
       0
       0
       0
       0
       0
       1
       1
       0
       0
       0
       0
       0
       0
       1
       0
       0
       0
       0
       0
       0
       0
       0
       1
       0
       0
       0
       0
       1
       0
       0
       1
       2
       0
       0
       0
       0
       0
       0
       0
       0
       0
       1
       0
       0
       0
       0
       0
       0
       0
       0
       0
       0
       0
       0
       0
       0
       0
       1
       0
       0
       0
       0
       0
       1
       1
       1
       0
       0
       0
       0
       0
       0
       0
       0
       0
       0
       0
       0
       0
       0
       0
       0
       0
       0
       0
       1
       0
       1
       0
       0
       0
       0
       0
       0
       0
       0
       0
       0
       0
       0
       0
       0
       0
       0
       0
       1
       0
       0
       0
       0
       1
       0
       0
       0
       0
       0
       1
       0
       0
       0
       0
       1
       0
       0
       1
       0
       0
       0
       0
       0
       0
       0
       0
       0
       2
       2
       1
       0
       0
       0
       0
       0
       0
       0
       0
       0
       0
       0
       0
       0
       0
       0
       0
       0
       0
       1
       0
       0
       0
       0
       0
       0
       0
       0
       1
       0
       1
       0
       0
       0
       0
       0
       0
       0
       0
       0
       0
       0
       0
       0
       0
       0
       0
       0
       0
       0
       0
       2
       1
       0
       0
       0
       0
       0
       0
       0
       0
       0
       0
       0
       0
       0
       0
       0
       0
       0
       0
       0
       0
       0
       0
       0
       0
       0
       0
       0
       0
       0
       0
       0
       0
       0
       0
       1
       0
       0
       0
       0
       0
       0
       0
       0
       0
       0
       0
       0
       0
       0
       0
       0
       0
       0
       0
       0
       0
       0
       0
       0
       0
       0
       0
       0
       0
       0
       0
       0
       0
       0
       0
       0
       0
       0
       0
       0
       1
       0
       0
       0
       0
       0
       1
       0
       0
       0
       0
       0
       0
       0
       0
       0
       0
       0
       0
       0
       1
       0
       1
       0
       0
       0
       0
       0
       0
       0
       0
       0
       0
       0
       0
       0
       0
       0
       0
       0
       0
       0
       0
       0
       0
       0
       0
       0
       0
       0
       0
       0
       0
       0
       0
       0
       0
       0
       0
       0
       0
       0
       0
       0
       0
       0
       0
       0
       0
       0
       0
       0
       0
       0
       0
       0
       0
       0
       0
       0
       0
       0
       0
       0
       1
       0
       0
       0
       0
       0
       0
       0
       0
       0
       0
       0
       0
       0
       0
       0
       0
       0
       0
       0
       0
       0
       0
       0
       0
       0
       0
       0
       0
       0
       1
       0
       0
       0
       0
       0
       0
       0
       0
       0
       0
       0
       0
       0
       0
       0
       0
       0
       0
       0
       0
       0
       0
       0
       0
       0
       0
       0
       0
       0
       0
       0
       0
       0
       0
       0
       0
       0
       1
       0
       0
       0
       0
       0
       0
       0
       0
       0
       0
       0
       0
       0
       1
       0
       0
       0
       0
       0
       1
       0
       0
       0
       0
       0
       0
       0
       0
       0
       0
       0
       0
       1
       0
       0
       0
       0
       0
       0
       0
       0
       0
       0
       0
       0
       1
       1
       0
       0
       0
       0
       0
       0
       0
       0
       0
       0
       0
       0
       0
       0
       0
       0
       0
       0
       0
       0
       0
       0
       0
       0
       0
       0
       0
       0
       0
       0
       0
       0
       0
       0
       0
       0
       0
       0
       0
       0
       0
       0
       0
       0
       0
       0
       0
       0
$ROI:
12
81 89
168 176
209 218
307 317
544 554
605 615
676 686
743 753
760 770
780 790
844 855
987 999
$PRESETS:
Live Time
36000
0
$ENER_FIT:
1.413246 1.566115
$MCA_CAL:
3
1.413246E+000 1.566115E+000 -2.345310E-006 keV
$SHAPE_CAL:
3
2.210942E-001 1.574779E-003 -8.633240E-007
