$SPEC_ID:
Rn 222 alpha count
$SPEC_REM:
DET# 2
DETDESC# ALPHA COUNTER
AP# Maestro Version 7.01
$DATE_MEA:
06/19/2017 17:55:04
$MEAS_TIM:
1465 1465
$DATA:
0 2047
       0
       0
       0
       0
       0
       0
       0
       0
       0
       0
       0
       0
       0
       0
       0
       0
       0
       0
       0
       0
       0
       0
       0
       0
       0
       0
       0
       0
       0
       0
       0
       0
       0
       0
       0
       0
       0
       0
       0
       0
       0
       0
       0
       0
       0
       0
       0
       0
       0
       0
       0
       0
       0
       0
       0
       0
       0
       0
       0
       0
       0
       0
       0
       0
       0
       0
       0
       0
       0
       0
       0
       0
       0
       0
      29
      36
      38
      33
      48
      32
      39
      30
      44
      44
      44
      38
      32
      37
      33
      42
      41
      39
      43
      41
      40
      27
      46
      25
      39
      33
      46
      46
      35
      44
      33
      33
      40
      35
      36
      32
      42
      33
      33
      33
      19
      31
      26
      52
      39
      30
      20
      38
      34
      19
      32
      28
      34
      25
      25
      22
      20
      34
      29
      24
      24
      19
      23
      24
      18
      28
      28
      24
      20
      22
      25
      24
      20
      17
      25
      30
      24
      23
      26
      26
      19
      18
      22
      19
      20
      27
      18
      13
      21
      24
      14
      17
      19
      20
      15
      21
      18
      23
      12
      10
      19
      21
      11
      12
      15
       7
      17
      11
      10
      17
      15
      14
      10
      16
      13
      18
      16
       8
      13
      16
      14
      10
      12
      12
      13
       9
      10
       4
      12
      10
      12
      11
      13
       9
      12
       8
      13
       8
      12
      29
     308
      36
      10
      10
      10
       6
       9
      16
       9
       5
      14
       5
       7
       5
       9
       8
       4
       5
       2
       6
      11
       8
       6
       4
       4
      12
       8
      15
       3
      10
      11
       9
       6
       6
      17
      11
      19
       7
      10
       2
       8
       4
       4
       4
       2
       4
       5
       9
       8
       9
       4
      17
      32
       1
       2
       4
       8
       6
       8
       6
       5
       4
       6
       6
      12
      13
       8
       4
       6
       2
       8
       6
       5
       7
       3
       6
       9
       8
       3
       9
       4
       7
       5
       5
       7
       6
       6
       7
       4
       5
       6
       5
       6
       6
       2
       5
       7
       5
       5
       3
       4
       7
       7
       6
       4
       2
       3
       6
       7
       5
       7
       7
       8
       6
       4
       7
       9
       6
       4
       4
       7
       6
       5
       3
       6
       8
       5
       4
       2
       4
       5
       2
       2
       8
       4
       7
       2
       3
       1
       3
       3
       6
       3
       8
       8
       3
       1
       1
       2
       4
       5
       0
       3
       2
       5
       4
       3
       4
       8
       4
       4
       6
       3
       1
       3
       5
       4
       1
       1
       6
       9
       6
       6
       2
       5
      11
       4
       6
       3
       6
       4
       6
       5
       4
       5
       7
       3
       9
       3
       4
       7
       2
       3
       5
       3
       2
       2
       3
       2
       4
       1
       1
       7
       6
       6
       2
       1
       2
       3
       0
       8
       3
       5
       3
       5
       1
       3
       2
       6
       2
       0
       4
       0
       2
       6
       4
       4
       2
       2
       2
       0
       3
       6
       3
       4
       4
       1
       3
       3
       7
       5
       2
       3
       4
       1
       8
       7
       4
       2
       0
       4
       4
       3
       4
       3
       2
       3
       4
       2
       3
       7
       0
       6
       2
       2
       2
       2
       1
       2
       1
       3
       2
       2
       2
       1
       1
       1
       1
       1
       4
       3
       2
       2
       4
       6
       2
       0
       3
       5
       3
       3
       5
       6
       0
       3
       0
       7
       1
       4
       3
       2
       1
       1
       2
       3
       6
       5
       1
       7
       6
       2
       6
       5
       4
       4
       4
       2
       0
       2
       5
       1
       3
       3
       4
       1
       5
       2
       1
       1
       4
       7
       0
       1
       3
       4
       2
       2
       1
       2
       6
       3
       0
       2
       5
       3
       4
       1
       2
       1
       2
       0
       2
       4
       2
       1
       1
       6
       1
       7
       3
       2
       2
       2
       2
       3
       2
       1
       4
       3
       2
       5
       1
       1
       0
       3
       3
       4
       2
       1
       5
       0
       3
       5
       1
       1
       4
       4
       2
       5
       0
       3
       7
       2
       1
       2
       3
       1
       1
       2
       2
       1
       2
       2
       2
       0
       5
       2
       5
       1
       1
       3
       1
       2
       2
       4
       4
       1
       1
       0
       1
       0
       4
       1
       1
       5
       5
       2
       0
       2
       2
       3
       3
       2
       1
       2
       2
       4
       2
       3
       4
       1
       4
       3
       0
       6
       1
       1
       1
       4
       2
       2
       2
       4
       3
       3
       3
       1
       3
       8
       1
       0
       2
       3
       3
       1
       0
       4
       1
       5
       0
       2
       1
       0
       0
       0
       2
       1
       1
       5
       1
       1
       1
       1
       4
       0
       4
       9
      13
       2
       3
       7
       2
       2
       0
       1
       3
       2
       0
       0
       0
       2
       2
       3
       1
       1
       1
       2
       1
       4
       3
       1
       3
       0
       3
       1
       1
       2
       3
       3
       2
       2
       1
       1
       0
       1
       1
       2
       2
       2
       2
       3
       2
       0
       2
       1
       1
       2
       4
       0
       3
       1
       0
       2
       0
       1
       0
       2
       1
       1
       2
       1
       3
       1
       0
       0
       4
       0
       2
       5
       3
       1
       1
       0
       0
       3
       3
       0
       1
       1
       1
       3
       0
       2
       2
       3
       2
       1
       3
       2
       1
       0
       1
       1
       2
       2
       3
       1
       3
       3
       1
       0
       1
       0
       0
       1
       0
       1
       0
       1
       1
       1
       1
       1
       1
       1
       1
       3
       2
       3
       1
       2
       6
       8
       7
       3
       0
       0
       2
       0
       2
       1
       0
       0
       0
       1
       1
       2
       1
       2
       1
       0
       0
       1
       2
       1
       1
       1
       0
       2
       1
       1
       0
       0
       1
       0
       0
       0
       3
       1
       1
       0
       1
       0
       1
       0
       1
       0
       2
       2
       1
       0
       1
       1
       0
       1
       2
       1
       0
       1
       1
       1
       1
       1
       2
       0
       1
       1
       0
       1
       1
       1
       2
       1
       1
       1
       0
       1
       0
       3
       0
       1
       2
       0
       2
       1
       2
       0
       1
       0
       2
       0
       1
       0
       1
       0
       1
       1
       1
       0
       0
       0
       0
       0
       0
       2
       0
       1
       2
       7
      11
       6
       0
       0
       2
       0
       0
       2
       0
       0
       1
       1
       2
       1
       0
       1
       0
       1
       1
       0
       1
       1
       0
       0
       0
       0
       1
       0
       0
       0
       0
       3
       0
       0
       0
       1
       1
       0
       0
       0
       0
       0
       0
       0
       2
       0
       0
       0
       1
       0
       1
       1
       0
       1
       0
       1
       0
       0
       0
       0
       1
       0
       0
       1
       0
       0
       0
       1
       0
       0
       1
       0
       0
       1
       0
       0
       1
       3
       1
       0
       0
       1
       3
       1
       0
       0
       1
       1
       0
       0
       0
       1
       0
       1
       0
       2
       0
       0
       0
       0
       0
       0
       1
       0
       0
       0
       1
       0
       1
       1
       1
       0
       0
       2
       0
       0
       0
       0
       1
       0
       0
       0
       0
       0
       0
       2
       0
       0
       0
       0
       0
       0
       0
       0
       1
       0
       0
       0
       1
       0
       1
       0
       0
       1
       1
       0
       0
       1
       0
       0
       1
       0
       0
       2
       1
       0
       0
       0
       0
       0
       0
       0
       0
       1
       0
       2
       0
       0
       0
       0
       1
       1
       0
       0
       1
       1
       0
       0
       0
       1
       0
       0
       0
       1
       1
       0
       0
       0
       1
       0
       0
       0
       1
       0
       1
       1
       0
       0
       0
       1
       0
       0
       0
       0
       0
       0
       0
       0
       0
       0
       0
       1
       0
       0
       0
       1
       1
       0
       0
       0
       0
       0
       1
       0
       0
       0
       0
       0
       0
       0
       0
       0
       0
       1
       0
       0
       0
       0
       0
       0
       1
       1
       1
       0
       0
       1
       0
       2
       1
       0
       0
       0
       0
       1
       2
       1
       1
       0
       1
       0
       0
       0
       0
       0
       0
       0
       0
       0
       0
       0
       0
       0
       0
       0
       0
       0
       0
       1
       0
       1
       0
       0
       0
       0
       0
       0
       0
       0
       0
       0
       0
       0
       1
       1
       1
       0
       0
       1
       0
       0
       0
       0
       0
       0
       0
       0
       0
       0
       0
       0
       0
       0
       0
       1
       0
       0
       0
       0
       0
       0
       0
       0
       0
       0
       1
       0
       0
       0
       0
       1
       1
       0
       0
       0
       0
       0
       0
       0
       0
       0
       0
       0
       0
       0
       0
       0
       1
       0
       0
       0
       0
       2
       0
       0
       0
       0
       0
       0
       0
       1
       0
       0
       0
       0
       0
       0
       0
       0
       1
       1
       0
       0
       0
       0
       0
       0
       0
       0
       0
       0
       0
       0
       1
       1
       1
       0
       0
       0
       0
       1
       0
       0
       1
       0
       0
       0
       0
       0
       0
       0
       2
       0
       0
       0
       0
       0
       1
       0
       0
       0
       1
       2
       0
       0
       0
       0
       1
       1
       1
       0
       1
       0
       0
       0
       0
       0
       0
       0
       0
       0
       0
       0
       0
       0
       0
       0
       0
       0
       1
       0
       0
       0
       0
       0
       0
       0
       0
       0
       0
       0
       0
       0
       0
       1
       0
       0
       0
       0
       0
       0
       1
       1
       0
       1
       0
       1
       1
       0
       0
       0
       0
       1
       1
       0
       0
       0
       2
       0
       0
       0
       0
       0
       1
       0
       0
       0
       0
       0
       0
       1
       0
       0
       0
       0
       1
       0
       0
       0
       0
       0
       0
       0
       0
       0
       1
       0
       0
       0
       0
       0
       0
       0
       0
       0
       0
       0
       0
       0
       0
       0
       0
       1
       0
       0
       0
       0
       0
       0
       0
       1
       0
       0
       1
       0
       0
       0
       1
       1
       0
       0
       0
       0
       0
       0
       0
       0
       0
       0
       1
       0
       0
       1
       0
       0
       0
       0
       0
       0
       0
       0
       0
       0
       1
       0
       0
       0
       0
       0
       0
       0
       0
       0
       0
       0
       0
       0
       0
       0
       0
       0
       0
       0
       0
       0
       0
       0
       0
       0
       0
       0
       0
       0
       0
       0
       0
       0
       0
       0
       0
       0
       1
       0
       0
       0
       0
       1
       0
       0
       0
       0
       0
       0
       0
       0
       0
       0
       0
       0
       0
       0
       0
       0
       0
       0
       0
       0
       0
       0
       0
       0
       0
       0
       0
       0
       0
       0
       0
       0
       0
       0
       0
       0
       0
       0
       0
       0
       0
       0
       0
       0
       0
       0
       0
       0
       0
       0
       0
       0
       0
       0
       0
       0
       0
       0
       0
       0
       0
       0
       0
       0
       0
       0
       0
       0
       0
       0
       0
       0
       0
       0
       0
       0
       0
       0
       0
       1
       0
       0
       0
       0
       0
       0
       0
       0
       0
       0
       1
       0
       0
       0
       0
       0
       0
       0
       0
       0
       0
       0
       0
       0
       0
       0
       0
       0
       0
       0
       1
       0
       0
       0
       0
       0
       0
       0
       0
       0
       0
       1
       0
       0
       0
       0
       0
       0
       0
       0
       0
       1
       2
       0
       0
       0
       0
       0
       0
       0
       0
       0
       0
       0
       0
       0
       0
       0
       0
       0
       0
       0
       0
       0
       0
       0
       0
       0
       0
       0
       0
       0
       0
       0
       0
       0
       0
       0
       0
       0
       0
       0
       0
       0
       0
       0
       0
       0
       0
       0
       0
       0
       0
       0
       0
       0
       0
       0
       0
       0
       0
       0
       0
       0
       0
       0
       0
       0
       0
       0
       0
       0
       0
       0
       0
       0
       0
       0
       0
       0
       0
       0
       0
       0
       0
       0
       0
       0
       0
       0
       0
       0
       0
       0
       0
       0
       0
       0
       0
       0
       0
       0
       0
       0
       0
       0
       0
       0
       0
       0
       0
       0
       0
       0
       0
       0
       2
       0
       0
       0
       0
       0
       0
       0
       0
       0
       0
       0
       0
       0
       0
       0
       0
       0
       2
       0
       0
       0
       0
       0
       0
       0
       0
       0
       0
       1
       0
       0
       0
       0
       1
       0
       0
       0
       0
       0
       0
       0
       0
       0
       0
       0
       0
       0
       0
       0
       0
       0
       0
       0
       0
       0
       0
       0
       0
       0
       0
       0
       0
       0
       0
       0
       0
       0
       0
       0
       0
       0
       0
       0
       0
       0
       0
       0
       0
       0
       0
       0
       1
       0
       1
       0
       0
       0
       0
       0
       0
       0
       0
       0
       0
       0
       0
       0
       0
       0
       0
       0
       0
       0
       0
       0
       0
       0
       0
       0
       0
       0
       0
       0
       0
       0
       0
       0
       0
       0
       0
       0
       1
       0
       0
       0
       0
       0
       0
       0
       0
       0
       0
       0
       0
       0
       0
       0
       0
       0
       0
       0
       0
       0
       0
       0
       0
       0
       0
       0
       0
       0
       0
       0
       0
       0
       0
       0
       0
       0
       0
       0
       0
       0
       0
       0
       0
       0
       1
       0
       0
       0
       0
       0
       0
       0
       0
       0
       0
       0
       0
       0
       0
       0
       0
       0
       0
       0
       0
       0
       0
       0
       0
       0
       0
       0
       0
       0
       0
       0
       0
       0
       0
       0
       0
       0
       0
       0
       0
       0
       0
       0
       1
       0
       0
       0
       0
       0
       0
       0
       0
       0
       0
       0
       0
       0
       0
       0
       0
       0
       0
       0
       0
       0
       0
       0
       0
       0
       0
       0
       0
       0
       0
       0
       0
       0
       0
       0
       0
       0
       0
       0
       0
       0
       0
       0
       0
       0
       0
       0
       0
       0
       0
$ROI:
12
81 89
168 176
209 218
307 317
544 554
605 615
676 686
743 753
760 770
780 790
844 855
987 999
$PRESETS:
Live Time
36000
0
$ENER_FIT:
1.413246 1.566115
$MCA_CAL:
3
1.413246E+000 1.566115E+000 -2.345310E-006 keV
$SHAPE_CAL:
3
2.210942E-001 1.574779E-003 -8.633240E-007
