$SPEC_ID:
HFNG Beamline
$SPEC_REM:
DET# 2
DETDESC# EasyMCA
AP# Maestro Version 7.01
$DATE_MEA:
06/20/2018 10:10:36
$MEAS_TIM:
18188 18571
$DATA:
0 8191
       0
       0
       0
       0
       0
       0
       0
       0
       0
       0
       0
       1
       0
       0
       5
       0
       2
       1
       1
       5
       2
       3
       6
       5
       3
       4
       4
       3
       2
       1
       0
       0
       0
       0
       0
       0
       0
       0
       0
       0
       0
       0
       0
       0
       0
       0
       1
     156
   17207
   36504
   31133
   29712
   30019
   30320
   31502
   31563
   31942
   32560
   32753
   32220
   32117
   31768
   31166
   30652
   30384
   29912
   29377
   29084
   28313
   28228
   27919
   27372
   27030
   27187
   26602
   26036
   25854
   25553
   25478
   25135
   24692
   24285
   24191
   24102
   23652
   23495
   23459
   23057
   22738
   22754
   22536
   22434
   22244
   22115
   21849
   21623
   21592
   21397
   21173
   21111
   21045
   20919
   20841
   20323
   20522
   20291
   20103
   20174
   19766
   19752
   19656
   19455
   19282
   19250
   19284
   18765
   18879
   18704
   18711
   18464
   18549
   18358
   18385
   18146
   17996
   18190
   18213
   18130
   17767
   17655
   17520
   17460
   17482
   17379
   17220
   16932
   17416
   16828
   17260
   17222
   17110
   17078
   16845
   17027
   16871
   16600
   16812
   16575
   16643
   16754
   16653
   16419
   16324
   16453
   16317
   16353
   16458
   16446
   16170
   16186
   16106
   16281
   16213
   16121
   16224
   16113
   16312
   15975
   16031
   16170
   16232
   16070
   16218
   16059
   16074
   16226
   16321
   16213
   16395
   16267
   16245
   16413
   16295
   16215
   16340
   16564
   16325
   16502
   16306
   16333
   16413
   16562
   16267
   16410
   16326
   16774
   16950
   17376
   17865
   18844
   21480
   26949
   35427
   43103
   50004
   57205
   60066
   52465
   35552
   21942
   15833
   13827
   13198
   12882
   13011
   13093
   13223
   13209
   13397
   13497
   13843
   13866
   13634
   13187
   12983
   13057
   13194
   13603
   14275
   16215
   20847
   30462
   43119
   51307
   47079
   33536
   22218
   18713
   20422
   23221
   22621
   18996
   14632
   11928
   10738
   10517
   10728
   10649
   10748
   11424
   11073
   11269
   10740
   10431
   10367
   10294
   10507
   10415
   10358
   10188
   10160
    9929
    9983
    9734
    9966
   10137
   10004
    9993
    9833
    9987
    9829
    9791
    9927
    9823
    9774
    9886
    9693
    9810
    9665
    9649
    9834
    9722
    9728
    9814
    9662
    9798
    9567
    9747
    9683
    9760
    9719
    9827
    9737
    9726
    9771
    9996
    9645
    9754
    9677
    9824
    9667
    9861
    9837
    9805
    9867
    9785
    9727
    9930
    9828
    9925
    9801
    9771
    9692
    9749
   10013
    9997
    9876
    9846
    9846
   10073
    9956
    9918
    9932
    9743
    9849
    9850
    9929
    9927
    9994
   10018
   10174
    9999
    9932
    9966
   10289
   10062
   10191
   10214
   10228
   10137
   10154
   10407
   10251
   10344
   10285
   10372
   10527
   10627
   10550
   10336
   10553
   10428
   10526
   10744
   10871
   10682
   10896
   10855
   10886
   10822
   11003
   11056
   11219
   11437
   11758
   11533
   11756
   12240
   12518
   13522
   15391
   19308
   25918
   32169
   34047
   29282
   21720
   16250
   13737
   13642
   14922
   17917
   25350
   37196
   49221
   53602
   45510
   31006
   19463
   13750
   11749
   11328
   11267
   11126
   11171
   11262
   11170
   11100
   11142
   11316
   11134
   11311
   11245
   11438
   11337
   11603
   11599
   11719
   11876
   12065
   12177
   12292
   12379
   12597
   12618
   13058
   13184
   13898
   14097
   14516
   15408
   16031
   16964
   17687
   18863
   19520
   20719
   21153
   21931
   22721
   24057
   25971
   29237
   32884
   37118
   39099
   38416
   34433
   28688
   23754
   21103
   20113
   19595
   19445
   19576
   20022
   21156
   22381
   23431
   22910
   21149
   19073
   17423
   16695
   15891
   15220
   14913
   14886
   14752
   14416
   14307
   14294
   14014
   14011
   13757
   13767
   13603
   13396
   13162
   13204
   13154
   12767
   12915
   12751
   12633
   12871
   12174
   12432
   12227
   12227
   12343
   12204
   12266
   11926
   12035
   11684
   11991
   11523
   11723
   11652
   11759
   11471
   11523
   11431
   11524
   11554
   11410
   11426
   11418
   11190
   11268
   11293
   10935
   11082
   11539
   11143
   11063
   11080
   11158
   11008
   11010
   10794
   11022
   11075
   11033
   10971
   10913
   10969
   11025
   11188
   11029
   10899
   11096
   11322
   11207
   11051
   11055
   11322
   11266
   11081
   11289
   11219
   11239
   11203
   11455
   11409
   11361
   11267
   11491
   11524
   11715
   11468
   11644
   11635
   11431
   11100
   11451
   11419
   11327
   11469
   11489
   11405
   11388
   11457
   11616
   11694
   11618
   11544
   11559
   11750
   11647
   11802
   11812
   11717
   11767
   11984
   11856
   11970
   12246
   12117
   12230
   12022
   12239
   12031
   12137
   12191
   12329
   12538
   12512
   12448
   12326
   12421
   12467
   12465
   12762
   12637
   12650
   12745
   12559
   12888
   13078
   13071
   12991
   12981
   13409
   13221
   13400
   13111
   13461
   13454
   13654
   13596
   13616
   13805
   14025
   14324
   14221
   15031
   15115
   15810
   16629
   17092
   18426
   19264
   21222
   23193
   25773
   29437
   34451
   45247
   67820
  124592
  250558
  477055
  763632
  958054
  913719
  652574
  347769
  142600
   53461
   27626
   22679
   19369
   15628
   12302
   10207
    9594
    9211
    8993
    9099
    9044
    9037
    9043
    9004
    9203
    9183
    8993
    8942
    8919
    8970
    8796
    8892
    8956
    8888
    8674
    8743
    8836
    8823
    8475
    8771
    8977
    8865
    8678
    8651
    8635
    8532
    8527
    8618
    8622
    8477
    8305
    8640
    8251
    8451
    8102
    8354
    8443
    8292
    8248
    8441
    8392
    8223
    8229
    8192
    8262
    8251
    8187
    8196
    8084
    8162
    8274
    8157
    8040
    8004
    8128
    8118
    7842
    8049
    8047
    7957
    8051
    8003
    7963
    7978
    8059
    8071
    7997
    8181
    7913
    7908
    7837
    7870
    7964
    7907
    7942
    7967
    8071
    7851
    7721
    7934
    7811
    7866
    7952
    7860
    7932
    7886
    7862
    7862
    7975
    7868
    8000
    7854
    7914
    7979
    7985
    8064
    7985
    8143
    8077
    8098
    7951
    8175
    8243
    8375
    8223
    8388
    8485
    8474
    8682
    8671
    8810
    9161
    9421
    9261
    9618
    9776
   10048
   10192
   10526
   10497
   10480
   10472
   10073
    9984
    9863
   10184
    9907
   10115
   10118
    9963
    9888
   10142
   10032
   10064
    9902
    9998
    9951
    9919
    9849
    9904
    9689
    9929
    9743
    9915
    9562
    9669
    9725
    9788
    9552
    9670
    9738
    9688
    9558
    9420
    9451
    9542
    9465
    9434
    9338
    9254
    9208
    9344
    9272
    9075
    9069
    9269
    9348
    9058
    9110
    9117
    9210
    9065
    9067
    9010
    9192
    9182
    9111
    9099
    8997
    9064
    9098
    9041
    8922
    8916
    9073
    9162
    9034
    9194
    9175
    9263
    9361
    9158
    9116
    8925
    8738
    8706
    8807
    8684
    8590
    8544
    8754
    8509
    8574
    8525
    8671
    8582
    8656
    8618
    8602
    8401
    8748
    8650
    8601
    8443
    8710
    8755
    8822
    8825
    8798
    8593
    8581
    8349
    8425
    8410
    8443
    8356
    8453
    8353
    8365
    8371
    8277
    8189
    8301
    8271
    8210
    8332
    8222
    8222
    8235
    8329
    8206
    8068
    8227
    8114
    8083
    8138
    8226
    8052
    8016
    8043
    8130
    8143
    8060
    8009
    8210
    8148
    7853
    8048
    8146
    7965
    8159
    8101
    8024
    8022
    7983
    7999
    8064
    8216
    8141
    8020
    7909
    8238
    8067
    8195
    8018
    8068
    8131
    8024
    8136
    7949
    7995
    7787
    7954
    7798
    8013
    7987
    8023
    7955
    8107
    7992
    7966
    8103
    7973
    7900
    8065
    8174
    7980
    8088
    7947
    7968
    7964
    7812
    8136
    8109
    8004
    7901
    8126
    8048
    8093
    8051
    7943
    8099
    8045
    8140
    7996
    8234
    7960
    8019
    8038
    7908
    7980
    7944
    8038
    8234
    7942
    8176
    8006
    8058
    8041
    8051
    8095
    8005
    7998
    8104
    7998
    8084
    8194
    8220
    7996
    8011
    8025
    8183
    8078
    8239
    8174
    8207
    8139
    8261
    8200
    8284
    8138
    8183
    8220
    7955
    8181
    8131
    8058
    8265
    8316
    8151
    8033
    8228
    7976
    8030
    7854
    8030
    8129
    7946
    8071
    7899
    7751
    7775
    7808
    7690
    7456
    7383
    7572
    7494
    7234
    7122
    7388
    7206
    7047
    7092
    7002
    7226
    7209
    6974
    7043
    7035
    6870
    6971
    6935
    6847
    6953
    6934
    6944
    6896
    6986
    6938
    6893
    6865
    7024
    6820
    6816
    6749
    6906
    6767
    6836
    6939
    6727
    6756
    6748
    6815
    6667
    6800
    6698
    6908
    6941
    6853
    6850
    6841
    6789
    6864
    7106
    6821
    6964
    6917
    6973
    6958
    6793
    6809
    6945
    6893
    6892
    6811
    6963
    6858
    7025
    6939
    6832
    6815
    6718
    6642
    6842
    6789
    6794
    6986
    7082
    6996
    6931
    6954
    6831
    6706
    6580
    6618
    6513
    6500
    6650
    6574
    6581
    6489
    6412
    6536
    6468
    6610
    6487
    6381
    6547
    6494
    6587
    6564
    6563
    6545
    6473
    6312
    6487
    6469
    6472
    6349
    6453
    6394
    6499
    6292
    6416
    6337
    6405
    6233
    6311
    6243
    6311
    6224
    6386
    6284
    6179
    6052
    6139
    6203
    6070
    6119
    6151
    6174
    6248
    6111
    6222
    5950
    6198
    5967
    6082
    6027
    6072
    6145
    6037
    5937
    6008
    5971
    6017
    5973
    5967
    5995
    5932
    5947
    5886
    5817
    5886
    5804
    5782
    5879
    5863
    5902
    5786
    5844
    5885
    5620
    5665
    5624
    5750
    5738
    5672
    5663
    5834
    5608
    5828
    5586
    5655
    5538
    5546
    5578
    5489
    5568
    5537
    5449
    5492
    5642
    5564
    5510
    5416
    5550
    5510
    5556
    5509
    5444
    5443
    5478
    5386
    5323
    5499
    5432
    5398
    5230
    5437
    5367
    5385
    5420
    5362
    5524
    5293
    5345
    5329
    5418
    5268
    5334
    5320
    5249
    5240
    5431
    5292
    5219
    5128
    5247
    5103
    5180
    5306
    5276
    5299
    5267
    5409
    5438
    5405
    5421
    5756
    5738
    6113
    6250
    6455
    7074
    7805
    9052
   11446
   16115
   25595
   41622
   65167
   91327
  111240
  113943
   98116
   70603
   42220
   22191
   11317
    7168
    5610
    5308
    5037
    4954
    5118
    4971
    5284
    5202
    5410
    5557
    5432
    5268
    5079
    4670
    4617
    4761
    4644
    4642
    4593
    4659
    4613
    4664
    4580
    4594
    4831
    4840
    5047
    5348
    5427
    5321
    5122
    4739
    4682
    4494
    4497
    4279
    4309
    4398
    4244
    4307
    4306
    4284
    4322
    4255
    4395
    4403
    4156
    4460
    4229
    4282
    4272
    4285
    4246
    4169
    4198
    4091
    4146
    4185
    4138
    4136
    4162
    4144
    4199
    4050
    4002
    4084
    4214
    4121
    4069
    4080
    4054
    3967
    3975
    4029
    3904
    4066
    3936
    4088
    4124
    4080
    4037
    4055
    4053
    3979
    4021
    4039
    4070
    3911
    3954
    4002
    4036
    3929
    4071
    3963
    3934
    3904
    3991
    4006
    3890
    3867
    3984
    3909
    3875
    3907
    3874
    3899
    3964
    3993
    3962
    3906
    3848
    3841
    3812
    3835
    3777
    3869
    3904
    3879
    3942
    3948
    3871
    3987
    3964
    4067
    4107
    4336
    4350
    4536
    4637
    4655
    4453
    4313
    3958
    3855
    3776
    3860
    3813
    3797
    3758
    3719
    3781
    3861
    3776
    3632
    3764
    3921
    3885
    3989
    4107
    4177
    4175
    4182
    3900
    4026
    3914
    3749
    3755
    3747
    3678
    3776
    3730
    3720
    3704
    3739
    3671
    3608
    3643
    3744
    3539
    3762
    3709
    3669
    3574
    3621
    3601
    3754
    3584
    3541
    3585
    3569
    3643
    3492
    3593
    3515
    3543
    3609
    3496
    3534
    3568
    3566
    3583
    3531
    3547
    3580
    3540
    3606
    3554
    3636
    3512
    3506
    3522
    3579
    3618
    3566
    3627
    3608
    3509
    3393
    3506
    3419
    3470
    3444
    3482
    3484
    3405
    3374
    3473
    3426
    3480
    3435
    3398
    3449
    3499
    3469
    3507
    3447
    3502
    3423
    3400
    3279
    3324
    3404
    3442
    3350
    3461
    3275
    3285
    3410
    3377
    3374
    3442
    3235
    3274
    3357
    3319
    3480
    3525
    3470
    3482
    3643
    4093
    4678
    5370
    6300
    7431
    8127
    7869
    6984
    6056
    4810
    4099
    3580
    3416
    3307
    3333
    3333
    3204
    3296
    3234
    3265
    3294
    3146
    3173
    3241
    3202
    3288
    3146
    3180
    3222
    3254
    3278
    3127
    3220
    3130
    3118
    3228
    3321
    3206
    3281
    3214
    3187
    3288
    3250
    3191
    3217
    3267
    3224
    3109
    3292
    3226
    3151
    3138
    3140
    3066
    3137
    3224
    3091
    3220
    3100
    3113
    3113
    2979
    3194
    3237
    3224
    3103
    3140
    3148
    3117
    3179
    3187
    3132
    3177
    3032
    3182
    3161
    3141
    3120
    3138
    3179
    3072
    3147
    3082
    3159
    3110
    3044
    3056
    3117
    3094
    3155
    3104
    3132
    3057
    3055
    3108
    3060
    3040
    3091
    3157
    3215
    3290
    3284
    3472
    3428
    3525
    3463
    3349
    3380
    3238
    3169
    3172
    3142
    3207
    3069
    3110
    2949
    3032
    3182
    3104
    3127
    3028
    3102
    3052
    3096
    3198
    3104
    3013
    3047
    3043
    3137
    2998
    3035
    3092
    2985
    2950
    2992
    3146
    2982
    2995
    3021
    3026
    3071
    2999
    3077
    2961
    3167
    3075
    3069
    3123
    3286
    3336
    3424
    3719
    3712
    3743
    3674
    3448
    3215
    3280
    3093
    3014
    3085
    3038
    2987
    3085
    2964
    2974
    3141
    3083
    3088
    3176
    3212
    3267
    3588
    3592
    3920
    4185
    4176
    3936
    3755
    3535
    3391
    3183
    3153
    2953
    3055
    2928
    3029
    3070
    2928
    2980
    2951
    3106
    3034
    2876
    3040
    3040
    3024
    3071
    3029
    2981
    3051
    3041
    2958
    2858
    3061
    2984
    2982
    2938
    3037
    3057
    3076
    2994
    3005
    3046
    3053
    3072
    2904
    2926
    3044
    3024
    3098
    2980
    3040
    2969
    3068
    3091
    3142
    2979
    3206
    3271
    3445
    3510
    3580
    3653
    3823
    4009
    4025
    4256
    4686
    5184
    5912
    6793
    8172
   10512
   14062
   21046
   32729
   53432
   84462
  126510
  172811
  212435
  229842
  219498
  181737
  128995
   79656
   41630
   19438
    8662
    4484
    3172
    2889
    2732
    2646
    2671
    2615
    2510
    2460
    2477
    2657
    2416
    2448
    2426
    2485
    2440
    2491
    2511
    2471
    2420
    2462
    2434
    2443
    2331
    2408
    2439
    2358
    2432
    2501
    2439
    2541
    2529
    2465
    2478
    2346
    2373
    2451
    2329
    2468
    2327
    2401
    2422
    2455
    2383
    2286
    2387
    2318
    2348
    2377
    2366
    2400
    2366
    2307
    2366
    2394
    2403
    2335
    2398
    2455
    2396
    2351
    2428
    2358
    2395
    2427
    2314
    2369
    2415
    2350
    2303
    2299
    2344
    2350
    2300
    2360
    2256
    2332
    2332
    2332
    2339
    2268
    2274
    2328
    2328
    2377
    2320
    2326
    2283
    2358
    2314
    2269
    2347
    2343
    2354
    2340
    2353
    2497
    2489
    2469
    2618
    2868
    3151
    3462
    3913
    4314
    4637
    4744
    4993
    5305
    5845
    6668
    7784
    8300
    8508
    7719
    6598
    5207
    4051
    3160
    2714
    2377
    2357
    2282
    2230
    2331
    2253
    2238
    2223
    2238
    2233
    2273
    2268
    2307
    2242
    2182
    2242
    2290
    2282
    2219
    2256
    2255
    2261
    2230
    2206
    2202
    2146
    2259
    2214
    2230
    2181
    2184
    2243
    2177
    2153
    2193
    2220
    2286
    2230
    2173
    2223
    2207
    2238
    2220
    2277
    2267
    2229
    2272
    2265
    2238
    2210
    2234
    2248
    2231
    2229
    2168
    2229
    2175
    2185
    2196
    2188
    2286
    2158
    2168
    2238
    2160
    2180
    2204
    2178
    2192
    2222
    2166
    2211
    2234
    2207
    2203
    2222
    2203
    2250
    2264
    2270
    2225
    2315
    2525
    2395
    2579
    2485
    2538
    2630
    2540
    2425
    2351
    2235
    2325
    2248
    2231
    2146
    2211
    2107
    2259
    2166
    2183
    2185
    2213
    2117
    2219
    2171
    2137
    2121
    2160
    2170
    2192
    2139
    2165
    2140
    2187
    2230
    2167
    2263
    2128
    2209
    2203
    2151
    2165
    2032
    2141
    2151
    2174
    2213
    2119
    2101
    2029
    2155
    2171
    2099
    2148
    2104
    2170
    2070
    2165
    2086
    2137
    2071
    2221
    2227
    2129
    2130
    2125
    2198
    2176
    2090
    2127
    2135
    2163
    2167
    2126
    2128
    2120
    2173
    2255
    2170
    2214
    2164
    2284
    2193
    2050
    2123
    2246
    2077
    2152
    2174
    2087
    2156
    2187
    2069
    2148
    2050
    2182
    2071
    2197
    2150
    2131
    2176
    2152
    2112
    2151
    2129
    2035
    2011
    2093
    2109
    2180
    2123
    2123
    2080
    2205
    2184
    2100
    2210
    2175
    2166
    2256
    2218
    2276
    2406
    2441
    2597
    2836
    3225
    3963
    4894
    6447
    8801
   10975
   13589
   15266
   15716
   14536
   12203
    9214
    6638
    4539
    3097
    2670
    2236
    2102
    2180
    2081
    2022
    2074
    2159
    2088
    2146
    2210
    2202
    2158
    2231
    2429
    2478
    2594
    2690
    2761
    2680
    2653
    2531
    2424
    2297
    2123
    2168
    2145
    2059
    2132
    2092
    2121
    2169
    2029
    2127
    2023
    2051
    2013
    2120
    2101
    2090
    2021
    2095
    2059
    2027
    1994
    2050
    2018
    1999
    2097
    2080
    2020
    2103
    2077
    2050
    2052
    2049
    2076
    2050
    1991
    2096
    2017
    2053
    2012
    2107
    2044
    2010
    2119
    2027
    2020
    2030
    1993
    2101
    2055
    2032
    1979
    2045
    2094
    2149
    2052
    2100
    2006
    2017
    2091
    2036
    1998
    2092
    1999
    2054
    2005
    2090
    2076
    1979
    2075
    2010
    1967
    1950
    1995
    2011
    2020
    1967
    2076
    2170
    2092
    1970
    2059
    2046
    2035
    2025
    2122
    2074
    2093
    2098
    2167
    1965
    2059
    2043
    2043
    2075
    2056
    2028
    2147
    1981
    2063
    2108
    2063
    2002
    2013
    2089
    2146
    2119
    2064
    2061
    2058
    2061
    2066
    1955
    2093
    2050
    2041
    2153
    2175
    2138
    2159
    2088
    2156
    2225
    2220
    2212
    2349
    2317
    2410
    2608
    2858
    3361
    4134
    5242
    7209
    9448
   12329
   15195
   17553
   18472
   17744
   15751
   12579
    9227
    6438
    4242
    3210
    2445
    2235
    2145
    2046
    2070
    2041
    2114
    2037
    2030
    2006
    2071
    2091
    2027
    2046
    2044
    2103
    2060
    1960
    2048
    2081
    2045
    1984
    2049
    2000
    2058
    1971
    2074
    1985
    2021
    1964
    1949
    2062
    2057
    2037
    2036
    2027
    1988
    2051
    2039
    2102
    2030
    1997
    2104
    1997
    2038
    2051
    1972
    2092
    1966
    2045
    2004
    1930
    2111
    2006
    2050
    1941
    2055
    1999
    2030
    1966
    2040
    2055
    2021
    2017
    1985
    1977
    2018
    1981
    2016
    2067
    2031
    1926
    1986
    2130
    2006
    2034
    1997
    2052
    1983
    2074
    2030
    1957
    2025
    2027
    2104
    1970
    1952
    2015
    2124
    2051
    2043
    1982
    2052
    2052
    2089
    2059
    1985
    2046
    2044
    2113
    2024
    2137
    2160
    2095
    2017
    2003
    2017
    2063
    2027
    1997
    2055
    2003
    1993
    2035
    1979
    2055
    2031
    1863
    1978
    2040
    2019
    1994
    1968
    2095
    1967
    1990
    2025
    2019
    2002
    2041
    2027
    1984
    2020
    1927
    1938
    1974
    2030
    2035
    2025
    2059
    1978
    2049
    2065
    2047
    1992
    1985
    1948
    1991
    2070
    2049
    1974
    2018
    1978
    2076
    1983
    2075
    2118
    2090
    1977
    1941
    2038
    1991
    1947
    1997
    2033
    1993
    1967
    1983
    2061
    1977
    2025
    2051
    2056
    2074
    2100
    2044
    2034
    2017
    2007
    2022
    2022
    1921
    1934
    2083
    2012
    2122
    2116
    2126
    2153
    2096
    2122
    2169
    2183
    2137
    1970
    2043
    2062
    2027
    2016
    2065
    2033
    2072
    1998
    2050
    2070
    1922
    2076
    2059
    2005
    2026
    2057
    2032
    2119
    2077
    2314
    2392
    2690
    2855
    3210
    3457
    3696
    3875
    3711
    3507
    3292
    2960
    2609
    2418
    2187
    2084
    2025
    1997
    2110
    2097
    2130
    2055
    1972
    2142
    2071
    2083
    2112
    2049
    2092
    2176
    2233
    2168
    2233
    2196
    2153
    2150
    2020
    2159
    2043
    2066
    2050
    2096
    1955
    2045
    2130
    2054
    1973
    2046
    2081
    2099
    2106
    1966
    1892
    2039
    2104
    2011
    2093
    2064
    1942
    2003
    1990
    1987
    2026
    1983
    2043
    1975
    1964
    2008
    2046
    2002
    2050
    2010
    2084
    2030
    2024
    2075
    2118
    2152
    2247
    2382
    2453
    2568
    2700
    2587
    2641
    2570
    2449
    2297
    2188
    1984
    2092
    1999
    2098
    2047
    2014
    2006
    1974
    2053
    1999
    2037
    2010
    2028
    2016
    2046
    2027
    2027
    2126
    2064
    2076
    2064
    2098
    2214
    2203
    2171
    2192
    2313
    2265
    2239
    2301
    2328
    2370
    2367
    2310
    2383
    2348
    2237
    2222
    2267
    2141
    2119
    2117
    2012
    2091
    2136
    2042
    2035
    1999
    2060
    2030
    2025
    2160
    2034
    1967
    2007
    2041
    1961
    2091
    2061
    1997
    1992
    1965
    2011
    2036
    2089
    2067
    2063
    2089
    2014
    1989
    2014
    2064
    2104
    2091
    2160
    2084
    2175
    2211
    2221
    2271
    2284
    2242
    2243
    2179
    2080
    2090
    2072
    2115
    2037
    2154
    1992
    2090
    2082
    2164
    2046
    2127
    2087
    2068
    2171
    2157
    2000
    2040
    2068
    2061
    2048
    2020
    2057
    2023
    2066
    2121
    2132
    2088
    2078
    2035
    2160
    2105
    2026
    2007
    2042
    2013
    2072
    2075
    2058
    2063
    2052
    2040
    2039
    2094
    2080
    2065
    2045
    1999
    2103
    2054
    2083
    2079
    2142
    2080
    2009
    2089
    2074
    2095
    2095
    2032
    2011
    2163
    2131
    2160
    2083
    2174
    2154
    2207
    2299
    2291
    2187
    2186
    2154
    2105
    2121
    2067
    2090
    2161
    2107
    2186
    2068
    2109
    2174
    2070
    2033
    2066
    2072
    2087
    2157
    2149
    2096
    2052
    2055
    2091
    2105
    2147
    2045
    2163
    2183
    2095
    2012
    2102
    2104
    2098
    2088
    2083
    2102
    2102
    2157
    2133
    2111
    2117
    2174
    2164
    2096
    2044
    2073
    2065
    2120
    2163
    2187
    2171
    2114
    2126
    2094
    2123
    2059
    2114
    2122
    2125
    2131
    2031
    2097
    2038
    2033
    2143
    2181
    2109
    2065
    2142
    2100
    2137
    2128
    2258
    2046
    2128
    2124
    2157
    2127
    2139
    2208
    2144
    2094
    2122
    2245
    2188
    2063
    2111
    2197
    2081
    2230
    2084
    2089
    2183
    2122
    2186
    2185
    2157
    2090
    2200
    2179
    2247
    2190
    2214
    2143
    2181
    2119
    2181
    2222
    2218
    2254
    2209
    2094
    2200
    2177
    2283
    2204
    2202
    2146
    2246
    2225
    2180
    2166
    2187
    2162
    2142
    2171
    2166
    2191
    2147
    2175
    2286
    2147
    2267
    2234
    2227
    2371
    2204
    2238
    2274
    2299
    2402
    2496
    2470
    2650
    2914
    3128
    3386
    3682
    3814
    3931
    3860
    3776
    3686
    3249
    3142
    2832
    2693
    2800
    2618
    2748
    2704
    2740
    2769
    2673
    2715
    2592
    2473
    2376
    2306
    2260
    2223
    2216
    2221
    2238
    2234
    2262
    2226
    2187
    2163
    2257
    2160
    2250
    2195
    2224
    2227
    2198
    2204
    2156
    2204
    2226
    2290
    2194
    2284
    2259
    2228
    2165
    2167
    2293
    2237
    2217
    2230
    2168
    2243
    2301
    2233
    2281
    2254
    2203
    2251
    2225
    2232
    2235
    2231
    2213
    2329
    2209
    2158
    2231
    2296
    2277
    2252
    2202
    2276
    2187
    2269
    2222
    2245
    2216
    2219
    2206
    2234
    2310
    2219
    2177
    2185
    2222
    2265
    2269
    2178
    2258
    2168
    2330
    2213
    2176
    2312
    2126
    2158
    2247
    2194
    2245
    2240
    2204
    2260
    2287
    2331
    2357
    2471
    2562
    2765
    2846
    3097
    3302
    3434
    3485
    3535
    3480
    3262
    3012
    2701
    2516
    2310
    2127
    1995
    2051
    2004
    2023
    1988
    2047
    2087
    2074
    1973
    1936
    1948
    1922
    1932
    2025
    1948
    2023
    2069
    2102
    2019
    2040
    1969
    2007
    2085
    1992
    1938
    1976
    1885
    1938
    1932
    1913
    1950
    1947
    1905
    1916
    1935
    1880
    1890
    1890
    1849
    1997
    1847
    1881
    1899
    1904
    1946
    1850
    1825
    1911
    1821
    1932
    1902
    1828
    1863
    1874
    1875
    1815
    1966
    1820
    1914
    1805
    1946
    1828
    1844
    1878
    1796
    1843
    1881
    1875
    1934
    1845
    1869
    1884
    1867
    1862
    1735
    1843
    1957
    1854
    1784
    1881
    1900
    1809
    1929
    1899
    1834
    1855
    1819
    1850
    1823
    1942
    1809
    1894
    1851
    1869
    1789
    1808
    1905
    1933
    1864
    1888
    1841
    1808
    1795
    1859
    1773
    1740
    1870
    1852
    1831
    1839
    1859
    1889
    1906
    1838
    1940
    1882
    1838
    1837
    1855
    1885
    1897
    1820
    1799
    1835
    1851
    1829
    1861
    1848
    1916
    1849
    1756
    1852
    1840
    1790
    1799
    1888
    1908
    1878
    1818
    1818
    1856
    1927
    1869
    1804
    1876
    1850
    1886
    1862
    1895
    1810
    1897
    1809
    1851
    1894
    1786
    1821
    1834
    1770
    1757
    1851
    1804
    1823
    1809
    1840
    1829
    1860
    1844
    1861
    1852
    1835
    1775
    1815
    1856
    1837
    1829
    1741
    1844
    1760
    1766
    1863
    1767
    1854
    1800
    1759
    1782
    1804
    1829
    1830
    1771
    1776
    1850
    1829
    1796
    1914
    1885
    1838
    1838
    1779
    1869
    1773
    1851
    1739
    1880
    1830
    1827
    1770
    1788
    1777
    1784
    1857
    1835
    1847
    1727
    1799
    1691
    1734
    1820
    1823
    1745
    1828
    1784
    1767
    1794
    1804
    1747
    1844
    1852
    1843
    1796
    1829
    1754
    1834
    1805
    1808
    1722
    1763
    1786
    1784
    1793
    1831
    1803
    1749
    1809
    1828
    1762
    1823
    1823
    1816
    1758
    1797
    1732
    1741
    1774
    1828
    1824
    1715
    1763
    1764
    1739
    1821
    1811
    1862
    1822
    1761
    1844
    1790
    1851
    1728
    1792
    1705
    1749
    1830
    1802
    1805
    1750
    1824
    1807
    1815
    1721
    1738
    1788
    1871
    1816
    1787
    1816
    1847
    1747
    1693
    1802
    1709
    1812
    1789
    1774
    1763
    1839
    1898
    1766
    1830
    1812
    1753
    1735
    1821
    1807
    1802
    1785
    1756
    1814
    1865
    1752
    1844
    1788
    1811
    1711
    1759
    1820
    1911
    1848
    1790
    1781
    1775
    1789
    1809
    1728
    1738
    1755
    1817
    1757
    1802
    1831
    1685
    1816
    1734
    1863
    1777
    1795
    1790
    1783
    1889
    1717
    1831
    1789
    1783
    1769
    1860
    1867
    1895
    1914
    2010
    2013
    2068
    2166
    2206
    2143
    2114
    2103
    2013
    2026
    1915
    1825
    1809
    1815
    1848
    1728
    1805
    1737
    1758
    1823
    1837
    1759
    1807
    1762
    1759
    1748
    1829
    1718
    1822
    1743
    1786
    1848
    1825
    1859
    1825
    1763
    1782
    1828
    1806
    1728
    1827
    1807
    1780
    1682
    1729
    1783
    1833
    1737
    1807
    1786
    1693
    1741
    1729
    1767
    1783
    1775
    1757
    1732
    1725
    1758
    1787
    1782
    1800
    1718
    1779
    1760
    1740
    1728
    1771
    1798
    1791
    1695
    1786
    1790
    1758
    1815
    1680
    1757
    1761
    1758
    1742
    1818
    1762
    1733
    1767
    1720
    1819
    1832
    1741
    1799
    1869
    1797
    1884
    1973
    2064
    2010
    2140
    2217
    2142
    2211
    2116
    2060
    1963
    1836
    1807
    1878
    1849
    1809
    1806
    1784
    1905
    2063
    2142
    2311
    2377
    2636
    2680
    2866
    2868
    2777
    2757
    2540
    2223
    2213
    2009
    1941
    1751
    1726
    1649
    1752
    1660
    1750
    1691
    1698
    1706
    1764
    1676
    1663
    1618
    1739
    1644
    1728
    1666
    1661
    1756
    1738
    1682
    1701
    1672
    1656
    1640
    1763
    1840
    1724
    1729
    1745
    1707
    1816
    1949
    1849
    2027
    2088
    2218
    2389
    2624
    2957
    3295
    3580
    3780
    3806
    3807
    3602
    3564
    3191
    2747
    2564
    2149
    1946
    1843
    1698
    1689
    1667
    1746
    1614
    1747
    1616
    1742
    1621
    1820
    1632
    1740
    1758
    1703
    1711
    1701
    1669
    1745
    1638
    1630
    1709
    1682
    1641
    1641
    1689
    1653
    1771
    1628
    1687
    1648
    1708
    1664
    1592
    1726
    1647
    1597
    1726
    1704
    1733
    1679
    1762
    1585
    1731
    1643
    1717
    1699
    1679
    1698
    1690
    1633
    1656
    1694
    1730
    1685
    1624
    1653
    1704
    1750
    1747
    1681
    1722
    1759
    1676
    1726
    1686
    1714
    1716
    1738
    1713
    1795
    1660
    1689
    1716
    1705
    1714
    1692
    1693
    1710
    1714
    1695
    1787
    1770
    1668
    1697
    1750
    1682
    1729
    1744
    1648
    1767
    1740
    1716
    1678
    1754
    1657
    1768
    1656
    1690
    1734
    1677
    1696
    1740
    1803
    1682
    1772
    1740
    1755
    1861
    1855
    1898
    2003
    1905
    1994
    1894
    1950
    1994
    1930
    1971
    1869
    1881
    1745
    1855
    1688
    1744
    1839
    1771
    1700
    1729
    1759
    1711
    1800
    1712
    1746
    1777
    1778
    1771
    1728
    1941
    1739
    1808
    1917
    1975
    2140
    2086
    2305
    2310
    2406
    2473
    2550
    2351
    2467
    2289
    2208
    2041
    1998
    1953
    1835
    1853
    1829
    1772
    1877
    1822
    1952
    1940
    1986
    2029
    2100
    2040
    2034
    2048
    2100
    1980
    1942
    1891
    1920
    1815
    1823
    1791
    1810
    1816
    1809
    1755
    1790
    1765
    1764
    1724
    1858
    1752
    1721
    1811
    1747
    1834
    1797
    1754
    1856
    1785
    1763
    1749
    1821
    1849
    1858
    1674
    1776
    1765
    1850
    1814
    1784
    1792
    1789
    1786
    1768
    1794
    1846
    1834
    1802
    1775
    1845
    1724
    1848
    1826
    1850
    1800
    1793
    1796
    1855
    1800
    1859
    1737
    1869
    1833
    1881
    1781
    1817
    1880
    1769
    1785
    1775
    1753
    1787
    1761
    1872
    1779
    1836
    1820
    1737
    1887
    1855
    1804
    1796
    1766
    1773
    1814
    1780
    1785
    1804
    1847
    1797
    1797
    1821
    1816
    1772
    1794
    1767
    1860
    1817
    1792
    1774
    1786
    1851
    1837
    1791
    1863
    1804
    1812
    1764
    1822
    1897
    1845
    1828
    1838
    1801
    1831
    1835
    1798
    1814
    1806
    1885
    1847
    1846
    1788
    1866
    1845
    1789
    1847
    1807
    1794
    1797
    1877
    1764
    1826
    1800
    1875
    1789
    1846
    1882
    1860
    1879
    1880
    1858
    1879
    1804
    1894
    1881
    1894
    1865
    1867
    1922
    1848
    1875
    1881
    1918
    1885
    1879
    1881
    1958
    2003
    1947
    1934
    2074
    1932
    1989
    1996
    2015
    2081
    1984
    1918
    1942
    1957
    1895
    1895
    1956
    1955
    1862
    1880
    1922
    1894
    1879
    1867
    1842
    1792
    1803
    1823
    1786
    1802
    1821
    1805
    1819
    1829
    1780
    1738
    1687
    1791
    1784
    1784
    1777
    1659
    1791
    1747
    1697
    1768
    1742
    1816
    1761
    1765
    1860
    1835
    1831
    1947
    2018
    1996
    2086
    2138
    2153
    2003
    1965
    1877
    1840
    1778
    1687
    1705
    1616
    1670
    1677
    1663
    1713
    1597
    1712
    1752
    1787
    1804
    1785
    1763
    1810
    1820
    1771
    1747
    1783
    1640
    1668
    1603
    1634
    1614
    1574
    1553
    1538
    1634
    1554
    1541
    1534
    1583
    1682
    1557
    1546
    1488
    1662
    1683
    1614
    1640
    1603
    1594
    1657
    1653
    1761
    1697
    1801
    1949
    2017
    2083
    2361
    2587
    3044
    3521
    4125
    5221
    6519
    8321
   10630
   13399
   16606
   19938
   22633
   25127
   26917
   26930
   26494
   24740
   21947
   18120
   14127
   10364
    7322
    4990
    3304
    2451
    1969
    1728
    1588
    1589
    1553
    1521
    1503
    1546
    1468
    1563
    1512
    1515
    1464
    1573
    1480
    1511
    1508
    1428
    1499
    1495
    1433
    1472
    1437
    1458
    1483
    1449
    1458
    1485
    1520
    1507
    1508
    1528
    1456
    1474
    1550
    1541
    1501
    1495
    1532
    1510
    1540
    1476
    1396
    1484
    1480
    1480
    1489
    1461
    1466
    1479
    1510
    1421
    1470
    1494
    1490
    1446
    1446
    1485
    1491
    1481
    1521
    1496
    1450
    1483
    1417
    1507
    1467
    1470
    1511
    1465
    1479
    1509
    1485
    1490
    1507
    1506
    1511
    1471
    1542
    1439
    1475
    1479
    1441
    1437
    1430
    1427
    1447
    1520
    1512
    1539
    1410
    1413
    1413
    1453
    1445
    1423
    1489
    1418
    1461
    1460
    1443
    1438
    1371
    1510
    1466
    1482
    1427
    1463
    1482
    1416
    1464
    1523
    1484
    1385
    1431
    1385
    1459
    1466
    1484
    1411
    1472
    1503
    1449
    1453
    1460
    1462
    1451
    1496
    1468
    1523
    1522
    1424
    1499
    1462
    1470
    1504
    1471
    1459
    1476
    1435
    1517
    1527
    1526
    1613
    1696
    1753
    1818
    1920
    2033
    2070
    2047
    2115
    2154
    2040
    1938
    1828
    1844
    1705
    1581
    1581
    1547
    1511
    1466
    1462
    1557
    1391
    1510
    1396
    1419
    1423
    1431
    1510
    1500
    1498
    1493
    1341
    1424
    1411
    1419
    1407
    1478
    1416
    1471
    1416
    1401
    1493
    1406
    1478
    1460
    1399
    1413
    1417
    1386
    1426
    1437
    1478
    1455
    1419
    1477
    1348
    1440
    1423
    1469
    1389
    1452
    1375
    1461
    1479
    1470
    1428
    1539
    1388
    1432
    1460
    1422
    1460
    1425
    1454
    1496
    1420
    1479
    1445
    1473
    1456
    1426
    1412
    1461
    1446
    1478
    1440
    1392
    1397
    1471
    1454
    1489
    1516
    1435
    1407
    1458
    1380
    1453
    1406
    1459
    1413
    1463
    1467
    1430
    1459
    1492
    1453
    1523
    1482
    1430
    1495
    1432
    1481
    1476
    1519
    1439
    1408
    1394
    1514
    1458
    1415
    1429
    1450
    1385
    1400
    1468
    1441
    1391
    1487
    1455
    1468
    1468
    1522
    1487
    1484
    1442
    1446
    1475
    1496
    1486
    1484
    1499
    1448
    1443
    1442
    1457
    1466
    1489
    1425
    1477
    1530
    1484
    1525
    1503
    1489
    1492
    1566
    1607
    1616
    1583
    1565
    1571
    1661
    1760
    1756
    1749
    1852
    1767
    1784
    1733
    1736
    1672
    1612
    1610
    1639
    1540
    1519
    1462
    1523
    1480
    1562
    1496
    1494
    1541
    1554
    1493
    1486
    1512
    1509
    1486
    1473
    1542
    1491
    1549
    1472
    1489
    1475
    1536
    1509
    1548
    1467
    1437
    1519
    1504
    1500
    1466
    1511
    1509
    1518
    1486
    1514
    1595
    1560
    1476
    1529
    1573
    1452
    1546
    1465
    1484
    1462
    1518
    1522
    1585
    1446
    1572
    1524
    1563
    1527
    1445
    1584
    1512
    1536
    1510
    1535
    1557
    1521
    1577
    1504
    1563
    1519
    1533
    1502
    1552
    1542
    1526
    1552
    1543
    1448
    1437
    1578
    1557
    1521
    1566
    1672
    1569
    1490
    1493
    1542
    1501
    1585
    1564
    1597
    1543
    1577
    1635
    1589
    1546
    1609
    1606
    1575
    1548
    1628
    1550
    1615
    1605
    1602
    1644
    1599
    1621
    1666
    1666
    1745
    1806
    1810
    1987
    2097
    2124
    2301
    2587
    2997
    3380
    3978
    4604
    5393
    6061
    6898
    7465
    7929
    8124
    8116
    7943
    7205
    6531
    5709
    4717
    3766
    3085
    2565
    2164
    1900
    1697
    1613
    1536
    1595
    1634
    1617
    1635
    1634
    1629
    1597
    1699
    1735
    1654
    1667
    1684
    1621
    1757
    1745
    1796
    1750
    1726
    1750
    1683
    1674
    1663
    1661
    1631
    1570
    1682
    1559
    1560
    1626
    1529
    1539
    1516
    1557
    1577
    1563
    1544
    1510
    1548
    1522
    1573
    1473
    1537
    1597
    1491
    1516
    1442
    1533
    1508
    1514
    1519
    1477
    1523
    1409
    1478
    1440
    1466
    1472
    1547
    1517
    1449
    1469
    1468
    1416
    1427
    1491
    1393
    1478
    1428
    1419
    1475
    1410
    1470
    1417
    1389
    1441
    1413
    1452
    1397
    1400
    1380
    1400
    1415
    1489
    1364
    1431
    1424
    1302
    1357
    1361
    1400
    1359
    1368
    1380
    1439
    1398
    1398
    1397
    1410
    1430
    1310
    1336
    1401
    1434
    1411
    1347
    1332
    1369
    1410
    1419
    1354
    1391
    1352
    1415
    1346
    1445
    1342
    1358
    1401
    1399
    1386
    1435
    1367
    1396
    1358
    1397
    1394
    1371
    1354
    1496
    1416
    1440
    1463
    1491
    1524
    1418
    1448
    1425
    1406
    1448
    1409
    1409
    1436
    1421
    1406
    1379
    1398
    1328
    1351
    1387
    1361
    1343
    1364
    1387
    1402
    1382
    1416
    1499
    1469
    1381
    1452
    1451
    1448
    1412
    1380
    1328
    1298
    1283
    1292
    1287
    1207
    1206
    1235
    1203
    1247
    1178
    1291
    1244
    1178
    1194
    1176
    1228
    1146
    1224
    1148
    1174
    1157
    1165
    1175
    1169
    1174
    1151
    1121
    1183
    1134
    1135
    1129
    1089
    1141
    1113
    1137
    1118
    1034
    1089
    1147
    1106
    1034
    1121
    1091
    1113
    1087
    1041
    1090
    1137
    1018
    1081
    1149
    1107
    1035
    1135
    1043
    1079
    1088
    1081
    1076
    1054
    1123
    1087
    1018
    1075
    1107
    1095
    1082
    1117
     996
    1085
    1086
    1057
    1133
    1117
    1109
    1095
    1208
    1144
    1282
    1187
    1368
    1363
    1449
    1418
    1571
    1702
    1655
    1668
    1662
    1550
    1515
    1369
    1342
    1240
    1181
    1215
    1131
    1061
    1061
    1067
    1056
    1005
    1020
    1048
    1006
     999
    1054
    1008
    1084
     958
    1025
    1042
    1045
    1097
    1154
    1162
    1239
    1220
    1326
    1342
    1421
    1366
    1343
    1439
    1354
    1285
    1234
    1259
    1189
    1128
    1139
    1074
    1002
    1007
     997
    1017
    1064
    1056
    1102
    1081
    1094
    1093
    1079
    1049
    1143
    1105
    1134
    1125
    1083
    1121
    1026
     961
    1038
    1009
     979
     937
     927
     978
     975
    1015
     914
     992
     944
     980
    1001
     981
     993
     968
     972
     957
     986
     943
    1011
     985
     901
     928
     969
     933
     979
     978
     937
     984
     952
     955
     905
     944
     951
     956
     932
     936
     878
     961
     986
     964
     941
     902
     982
     971
     954
     927
     889
     972
     933
     919
     942
     946
     875
     945
     974
     900
     891
     953
     946
     897
     945
     925
     890
     885
     910
     915
     911
     966
     846
     937
     958
     895
     887
     967
     915
     981
     915
     908
     909
     849
     909
     929
     929
     894
     907
     896
     916
     865
     869
     917
     885
     897
     900
     897
     910
     881
     929
     869
     951
     906
     866
     918
     907
     899
     912
     908
     921
     858
     863
     872
     923
     941
     880
     887
     878
     880
     944
     895
     951
     897
     887
     912
     901
     885
     930
     907
     892
     861
     890
     899
     921
     942
     970
     943
     963
     966
    1040
     927
    1051
     947
    1122
    1140
    1139
    1206
    1411
    1524
    1713
    1993
    2366
    2887
    3387
    4387
    5553
    6669
    8235
   10279
   12258
   14320
   16378
   18184
   19408
   20404
   20931
   20630
   19060
   17627
   15094
   12574
    9918
    7411
    5418
    3742
    2564
    1810
    1336
    1069
    1002
     905
     878
     919
     832
     859
     874
     814
     862
     848
     828
     833
     810
     818
     807
     762
     823
     784
     800
     794
     802
     901
     861
     833
     847
     789
     770
     817
     786
     828
     762
     741
     716
     801
     769
     776
     796
     772
     800
     841
     808
     843
     783
     750
     757
     790
     796
     773
     769
     817
     732
     756
     763
     757
     762
     789
     722
     784
     760
     793
     772
     748
     740
     735
     761
     722
     800
     758
     754
     771
     795
     710
     752
     742
     741
     724
     735
     715
     690
     756
     723
     703
     711
     719
     731
     736
     759
     745
     742
     722
     727
     720
     687
     730
     745
     686
     755
     730
     757
     727
     770
     736
     757
     789
     751
     785
     785
     757
     815
     856
     827
     840
     869
     885
     867
     877
     799
     840
     866
     832
     743
     773
     772
     717
     726
     722
     754
     717
     707
     687
     672
     716
     765
     712
     726
     694
     746
     709
     701
     696
     688
     743
     706
     696
     792
     820
     724
     791
     749
     789
     778
     813
     786
     793
     760
     723
     779
     751
     671
     683
     675
     669
     687
     666
     651
     724
     669
     722
     708
     691
     745
     696
     671
     688
     741
     683
     678
     692
     696
     739
     714
     707
     746
     764
     798
     807
     866
     989
    1042
    1143
    1245
    1310
    1448
    1513
    1562
    1628
    1555
    1589
    1570
    1487
    1420
    1348
    1236
    1056
     950
     869
     751
     738
     706
     685
     624
     682
     651
     706
     645
     669
     687
     669
     662
     679
     636
     660
     687
     612
     635
     628
     608
     703
     624
     661
     643
     654
     646
     620
     600
     642
     609
     638
     613
     661
     610
     630
     603
     610
     630
     675
     615
     583
     604
     609
     640
     606
     641
     664
     622
     672
     593
     596
     634
     685
     620
     608
     689
     629
     651
     629
     611
     645
     624
     618
     644
     606
     663
     633
     626
     633
     655
     630
     635
     650
     625
     715
     671
     654
     652
     621
     609
     649
     626
     555
     692
     624
     631
     598
     633
     610
     628
     653
     661
     625
     623
     600
     637
     635
     637
     573
     627
     600
     623
     586
     628
     592
     596
     655
     632
     609
     619
     676
     649
     592
     588
     589
     646
     639
     629
     640
     592
     630
     613
     621
     601
     644
     614
     603
     615
     627
     608
     611
     610
     624
     622
     587
     618
     602
     596
     626
     626
     596
     601
     565
     645
     622
     590
     601
     634
     628
     640
     651
     641
     615
     678
     660
     658
     630
     651
     643
     647
     674
     645
     659
     638
     652
     648
     607
     623
     614
     649
     659
     613
     670
     633
     641
     656
     586
     600
     658
     590
     629
     604
     626
     624
     592
     618
     638
     603
     629
     669
     621
     606
     631
     652
     603
     620
     563
     628
     646
     608
     670
     635
     615
     656
     682
     672
     642
     636
     655
     616
     657
     609
     636
     622
     670
     671
     635
     694
     636
     610
     597
     603
     604
     631
     601
     625
     641
     609
     659
     590
     577
     612
     608
     617
     619
     628
     568
     612
     638
     631
     632
     606
     642
     622
     582
     602
     640
     569
     634
     596
     580
     634
     637
     603
     598
     653
     636
     632
     626
     635
     633
     633
     583
     633
     625
     596
     622
     603
     595
     644
     618
     616
     643
     608
     664
     594
     628
     609
     591
     639
     605
     663
     637
     598
     645
     623
     615
     625
     612
     626
     639
     655
     648
     632
     637
     571
     685
     620
     634
     611
     635
     666
     637
     664
     639
     630
     633
     639
     618
     698
     639
     632
     606
     615
     619
     626
     627
     640
     611
     612
     653
     609
     671
     587
     627
     668
     659
     620
     659
     631
     628
     636
     654
     604
     641
     647
     643
     673
     666
     580
     654
     676
     621
     632
     675
     727
     627
     643
     658
     617
     687
     656
     630
     617
     665
     667
     627
     710
     618
     704
     609
     681
     670
     604
     656
     679
     647
     720
     686
     666
     731
     655
     714
     681
     724
     724
     714
     760
     742
     740
     846
     893
     930
     903
     988
    1125
    1258
    1373
    1661
    1915
    2237
    2755
    3264
    4009
    4818
    5844
    6806
    8178
    9103
   10403
   11187
   11911
   12685
   12788
   12735
   12026
   11049
   10067
    8863
    7282
    5714
    4526
    3465
    2754
    2218
    1937
    1959
    1976
    2071
    2209
    2321
    2472
    2590
    2433
    2525
    2445
    2358
    2180
    1847
    1642
    1413
    1150
     988
     919
     798
     675
     643
     627
     614
     637
     610
     559
     635
     653
     639
     606
     584
     622
     632
     630
     596
     605
     599
     595
     569
     608
     547
     640
     641
     615
     600
     631
     589
     613
     654
     593
     598
     625
     596
     561
     603
     623
     640
     600
     603
     667
     602
     616
     592
     596
     616
     667
     627
     600
     596
     602
     624
     606
     629
     622
     580
     617
     641
     670
     639
     596
     646
     611
     641
     603
     645
     677
     606
     639
     645
     651
     680
     637
     711
     708
     748
     702
     789
     794
     912
     962
     988
    1075
    1272
    1319
    1509
    1658
    1926
    2288
    2545
    3173
    3937
    4536
    5519
    6759
    7896
    9244
   10307
   11965
   13012
   14072
   14759
   15273
   15073
   14857
   14027
   12978
   11404
    9619
    7652
    5960
    4329
    3261
    2324
    1642
    1165
     934
     808
     692
     650
     636
     645
     659
     605
     609
     651
     685
     632
     594
     656
     596
     593
     646
     612
     632
     616
     628
     652
     617
     608
     629
     634
     604
     653
     688
     633
     651
     727
     704
     706
     788
     802
     796
     895
     862
     845
     854
     872
     937
     915
     832
     895
     828
     758
     732
     745
     662
     638
     692
     644
     651
     587
     661
     624
     634
     652
     642
     606
     661
     656
     636
     629
     598
     639
     640
     636
     621
     615
     633
     649
     615
     604
     646
     617
     634
     619
     618
     599
     643
     656
     640
     625
     655
     602
     561
     648
     618
     685
     594
     676
     610
     637
     672
     652
     647
     630
     632
     679
     660
     618
     623
     634
     681
     623
     619
     662
     605
     628
     699
     643
     622
     652
     598
     682
     663
     628
     643
     643
     657
     607
     657
     644
     596
     648
     631
     658
     595
     687
     669
     617
     623
     643
     645
     662
     665
     641
     671
     724
     657
     619
     671
     612
     674
     647
     637
     693
     662
     620
     646
     655
     623
     657
     630
     683
     677
     632
     640
     657
     634
     655
     674
     670
     653
     681
     663
     637
     685
     678
     664
     712
     660
     643
     605
     677
     686
     698
     688
     662
     692
     701
     687
     686
     663
     675
     726
     695
     692
     687
     661
     679
     682
     701
     722
     689
     675
     690
     718
     705
     697
     698
     674
     719
     717
     657
     654
     669
     701
     660
     737
     705
     757
     677
     689
     743
     666
     746
     690
     749
     699
     694
     660
     697
     705
     699
     681
     745
     749
     684
     684
     720
     713
     727
     709
     684
     723
     723
     714
     711
     737
     750
     706
     756
     701
     678
     732
     769
     732
     701
     761
     715
     712
     768
     780
     721
     718
     750
     671
     745
     720
     762
     683
     763
     687
     700
     750
     767
     775
     710
     773
     754
     795
     774
     762
     770
     751
     786
     772
     772
     778
     793
     852
     775
     767
     758
     819
     767
     829
     816
     759
     762
     760
     776
     777
     757
     820
     751
     745
     774
     693
     780
     769
     752
     765
     777
     732
     760
     776
     747
     784
     768
     732
     711
     763
     787
     770
     716
     729
     759
     738
     793
     740
     750
     722
     740
     789
     749
     755
     769
     734
     699
     750
     833
     763
     762
     723
     808
     769
     771
     775
     676
     798
     748
     768
     786
     785
     784
     780
     743
     801
     772
     713
     776
     773
     764
     732
     735
     767
     759
     744
     776
     683
     771
     723
     787
     761
     746
     774
     705
     716
     723
     751
     760
     745
     690
     646
     725
     700
     656
     694
     725
     695
     660
     702
     708
     630
     671
     645
     686
     638
     696
     626
     608
     589
     606
     566
     606
     565
     589
     548
     559
     535
     568
     566
     546
     513
     490
     586
     523
     562
     490
     563
     529
     520
     498
     537
     543
     471
     525
     511
     499
     469
     501
     491
     478
     531
     475
     493
     521
     481
     414
     511
     486
     441
     463
     462
     444
     443
     482
     484
     504
     442
     452
     457
     420
     462
     459
     431
     472
     437
     440
     464
     425
     450
     439
     462
     441
     429
     445
     415
     462
     501
     456
     460
     476
     454
     447
     448
     455
     412
     432
     435
     440
     432
     429
     427
     434
     487
     439
     432
     475
     464
     444
     497
     501
     527
     579
     584
     619
     723
     779
     895
    1032
    1127
    1189
    1378
    1382
    1490
    1519
    1573
    1628
    1666
    1586
    1497
    1471
    1260
    1194
    1057
     888
     756
     667
     585
     506
     467
     436
     415
     387
     395
     389
     417
     399
     416
     397
     404
     414
     398
     391
     385
     381
     368
     382
     354
     373
     377
     370
     372
     383
     387
     366
     395
     391
     409
     371
     371
     389
     398
     372
     401
     366
     380
     358
     383
     330
     372
     395
     383
     370
     377
     377
     352
     361
     372
     354
     393
     385
     379
     373
     396
     378
     384
     352
     361
     317
     368
     352
     331
     356
     375
     383
     351
     367
     362
     363
     387
     370
     366
     352
     394
     389
     367
     360
     381
     371
     383
     392
     406
     428
     404
     462
     489
     513
     497
     496
     538
     581
     550
     556
     565
     553
     552
     496
     478
     507
     438
     468
     400
     391
     396
     382
     355
     354
     342
     337
     351
     382
     316
     309
     331
     357
     321
     326
     328
     339
     329
     346
     333
     324
     329
     320
     308
     332
     349
     352
     322
     358
     354
     309
     319
     314
     331
     317
     305
     318
     306
     330
     340
     289
     327
     305
     328
     335
     317
     340
     333
     335
     301
     313
     345
     326
     297
     345
     308
     345
     312
     309
     347
     317
     344
     347
     345
     365
     379
     387
     411
     422
     456
     444
     461
     491
     466
     482
     464
     474
     420
     417
     398
     397
     391
     375
     345
     320
     303
     304
     299
     311
     308
     298
     298
     263
     279
     250
     282
     272
     265
     260
     277
     271
     289
     267
     291
     254
     263
     276
     267
     285
     286
     263
     274
     256
     265
     268
     265
     287
     263
     275
     295
     287
     276
     276
     295
     305
     268
     295
     288
     308
     272
     306
     285
     292
     297
     279
     284
     277
     246
     306
     286
     286
     254
     263
     268
     245
     247
     289
     236
     240
     278
     243
     256
     224
     256
     217
     248
     242
     255
     228
     243
     243
     253
     230
     232
     232
     261
     217
     238
     219
     267
     230
     246
     241
     210
     213
     243
     250
     247
     232
     232
     236
     231
     233
     232
     284
     255
     250
     265
     291
     303
     306
     356
     335
     363
     392
     429
     424
     442
     465
     490
     451
     456
     443
     420
     406
     400
     329
     311
     309
     272
     265
     248
     259
     220
     221
     218
     217
     204
     216
     207
     214
     208
     200
     208
     208
     210
     204
     227
     205
     203
     167
     195
     213
     191
     203
     211
     177
     171
     194
     209
     213
     194
     207
     182
     212
     202
     193
     197
     192
     170
     221
     215
     188
     204
     204
     203
     200
     199
     202
     185
     182
     173
     195
     197
     184
     194
     190
     183
     186
     169
     182
     179
     178
     177
     178
     179
     183
     198
     168
     213
     193
     177
     197
     200
     203
     228
     249
     218
     242
     235
     261
     279
     269
     288
     277
     253
     239
     249
     246
     254
     234
     221
     226
     225
     220
     213
     234
     247
     250
     263
     329
     335
     379
     456
     509
     557
     696
     739
     802
     991
    1096
    1147
    1182
    1355
    1409
    1478
    1546
    1495
    1487
    1294
    1191
    1110
     952
     834
     693
     567
     430
     332
     291
     225
     179
     176
     160
     141
     119
     151
     135
     130
     138
     136
     150
     148
     157
     137
     146
     142
     136
     130
     170
     151
     139
     144
     131
     142
     139
     156
     136
     136
     141
     142
     130
     126
     139
     132
     123
     145
     146
     137
     126
     103
     143
     132
     126
     133
     115
     119
     129
     136
     129
     122
     143
     150
     117
     151
     144
     117
     125
     143
     121
     101
     141
     105
     119
     129
     141
     136
     121
     116
     105
     122
     130
     124
     117
     105
     118
     112
     106
     105
     111
     118
     118
     101
     107
     107
     115
     104
     142
     118
     101
     110
     108
     121
     113
      92
     105
     100
     106
     102
     108
     108
     121
     106
     101
     107
     109
     103
      84
     109
     103
     115
     107
     115
     102
      99
     104
     117
      91
     106
     107
     108
      84
      99
      93
     104
      92
     106
      85
     107
      91
      91
      88
      99
     100
     100
     116
     107
     103
     104
      80
     110
      87
     107
     106
      98
      98
      92
      83
      97
      94
      98
     106
      95
      93
      94
      82
     112
     111
     107
     108
      87
     111
     105
     107
     120
     113
     122
     108
     111
     110
     109
      96
     115
     101
     123
      90
      90
     112
      90
      92
     107
      94
      86
      96
      79
      97
     109
      89
      83
     102
      91
      91
      94
      85
      82
      60
      92
      71
      95
      90
      85
      66
      87
      88
      86
      94
      83
      93
      80
      74
      74
      97
      86
      78
      89
      99
      85
      82
      66
      64
      84
      73
      82
      72
      91
      73
      72
     110
      84
      86
      75
     104
     107
     101
      98
      96
     117
      76
      85
      95
      98
      86
      89
      85
      96
      94
      88
      74
      87
     104
      71
      70
      85
      92
      79
      60
      66
      87
      87
      80
      79
      82
      89
      89
      84
      73
      73
      78
      70
      91
      76
      75
      84
      77
      87
      68
      82
      96
      77
      80
      81
      88
      77
      82
      79
      80
      80
      69
      92
      78
      91
      86
      63
      88
      79
      82
      84
      77
      64
      76
      65
      72
      84
      78
      83
      88
      93
      84
      89
      90
      93
      82
      88
      86
      97
      83
      98
     103
      93
      97
     100
      96
      96
      81
      90
      95
      88
      76
      95
      86
      82
      93
      73
      75
      71
      79
      68
      71
      70
      73
      87
      84
      69
      71
      90
      74
      98
      87
      78
      84
      69
      73
      74
      72
      76
      85
      74
      57
      67
      69
      74
      83
      87
      67
      78
      78
      67
      91
      75
      92
      78
      87
      60
      71
      72
      79
      66
      88
      56
      68
      74
      65
      84
      59
      70
      83
      71
      72
      51
      86
      60
      85
      86
      78
      78
      81
      81
      58
      64
      67
      79
      62
      63
      73
      77
      88
      59
      68
      72
      77
      69
      68
      69
      60
      83
      84
      67
      79
      66
      77
      86
      64
      74
      57
      81
      68
      78
      67
      78
      90
      68
      78
      76
      70
      81
      75
      73
      70
      79
      93
     104
      80
      85
      72
      90
      73
      85
      71
      74
      87
      78
      80
      81
      89
      79
      74
      76
      87
      85
      85
      85
      68
      87
      92
      80
      90
      80
      86
      75
      72
      79
      70
      87
      97
      87
      78
      90
      89
      83
      93
     107
      90
      90
      84
      93
     101
      96
      90
      99
     106
     111
     104
      95
     101
      88
      96
     103
     107
      95
     115
      96
     106
     130
      87
     104
     136
     122
     132
     143
     134
     141
     131
     168
     176
     183
     225
     222
     268
     286
     342
     348
     444
     558
     621
     729
     907
    1125
    1395
    1600
    2061
    2439
    2977
    3583
    4447
    5270
    6313
    7314
    8432
    9596
   10812
   11959
   13017
   13558
   14391
   14485
   14763
   14734
   14146
   13352
   12379
   11135
    9842
    8151
    6680
    5255
    3822
    2709
    1873
    1172
     809
     464
     312
     210
     135
     113
      86
      83
      72
      90
      82
      79
      69
      80
      74
      67
      50
      63
      53
      54
      46
      52
      56
      48
      58
      55
      56
      61
      48
      53
      40
      39
      40
      49
      45
      40
      35
      41
      49
      30
      44
      54
      43
      40
      35
      45
      39
      47
      51
      36
      38
      29
      40
      33
      39
      48
      36
      33
      41
      34
      46
      33
      36
      35
      26
      32
      34
      35
      43
      31
      32
      25
      34
      26
      28
      19
      31
      32
      30
      26
      27
      33
      31
      22
      40
      20
      32
      19
      38
      21
      23
      23
      15
      30
      45
      27
      36
      30
      26
      33
      18
      28
      34
      31
      25
      26
      39
      33
      42
      37
      30
      43
      38
      42
      40
      41
      53
      48
      63
      58
      43
      36
      39
      42
      37
      28
      21
      31
      28
      23
      23
      25
      26
      25
      28
      25
      23
      30
      26
      26
      16
      16
      25
      30
      21
      22
      35
      26
      25
      32
      25
      33
      23
      29
      26
      25
      23
      22
      28
      21
      19
      26
      25
      28
      31
      20
      20
      25
      24
      19
      25
      30
      34
      23
      20
      29
      20
      32
      27
      28
      38
      34
      32
      41
      35
      38
      30
      37
      31
      34
      35
      36
      36
      27
      38
      43
      25
      30
      30
      30
      26
      19
      28
      20
      16
      21
      28
      31
      37
      32
      30
      24
      31
      30
      34
      36
      36
      47
      48
      39
      50
      54
      68
      75
      74
      78
      94
      91
     129
     156
     181
     202
     223
     224
     271
     282
     350
     321
     355
     361
     351
     342
     366
     327
     319
     309
     268
     243
     197
     156
     133
      94
      73
      87
      64
      44
      42
      38
      43
      24
      23
      31
      20
      27
      21
      26
      21
      19
      13
      11
      11
      20
      16
      16
      16
       8
      15
      12
      18
      20
      19
      16
       6
       8
      19
      21
      18
      14
      15
       9
      24
      12
      21
      11
      17
       9
      17
      11
      14
      11
      18
      17
      21
      12
      20
      14
      12
      13
      12
      14
      12
      16
      14
       5
      18
      15
      13
      19
      10
      14
       8
      11
      12
      18
      20
      13
       7
      18
      12
       8
      14
      21
      16
      13
      16
      10
      14
      19
      19
       9
      11
       8
      19
      20
      12
       8
      25
      17
      11
      18
      15
      21
      17
      21
      25
      14
      16
      17
      28
      25
      26
      31
      24
      25
      30
      21
      25
      23
      23
      23
      37
      26
      17
      18
      20
      28
      10
      16
      20
      19
      14
      12
      16
      16
      19
      13
      10
      14
      12
      21
      16
      11
      11
      23
      21
      20
      20
      27
      15
      23
      19
      15
      15
      20
      14
      19
      17
      26
      27
      25
      27
      36
      28
      29
      32
      35
      31
      33
      40
      31
      25
      24
      36
      36
      32
      15
      28
      27
      23
      19
      21
      27
      28
      22
      16
      24
      17
      19
      24
      22
      15
      17
      18
      21
      18
      17
      14
      13
      21
      17
      16
      19
      16
      22
       8
      13
      16
      16
      13
      13
      17
      18
      15
      19
      14
      18
      16
      13
      15
      20
      22
       7
      15
      15
      18
      10
      15
      17
       8
      17
      13
      11
      15
      12
      16
      16
      21
      24
      16
       7
      14
      23
      16
      12
       8
      15
      13
      11
      15
       8
       9
      20
       6
      12
      12
      17
       7
      10
      12
      14
      16
      11
      16
      12
      14
      21
      13
      14
       8
      13
      17
       7
      19
      13
      12
      12
      12
      10
      24
      14
      11
      16
      21
      17
      16
      13
      19
      14
      11
      10
      11
      18
       9
      14
      11
      14
      22
      15
      21
       8
      16
      14
      12
      14
      11
      10
      12
      13
       9
      22
      18
      12
      15
      13
      17
      16
      16
      18
      20
      19
      15
      22
      12
      15
      15
      19
      31
      16
      25
      36
      27
      34
      44
      40
      36
      45
      52
      76
      84
      85
     107
     119
     174
     139
     178
     220
     213
     242
     272
     313
     351
     352
     389
     410
     426
     463
     469
     444
     433
     455
     388
     393
     368
     317
     273
     197
     193
     150
     134
      89
      71
      51
      36
      10
      10
      15
       8
      10
       6
       7
       9
       9
       8
      10
       5
       1
      11
       6
       6
       3
       3
       5
       6
       6
       5
       6
      10
       4
       8
       4
      15
       5
       7
       0
       8
       2
       5
      12
       6
      11
       6
       6
       8
       3
       5
       5
       8
       2
       6
       7
       5
       5
       5
       5
       7
       4
       4
       2
       5
       8
       3
       6
       3
       6
       7
       3
       5
       5
       7
       8
       3
       4
       6
       5
       4
       1
       3
       7
       6
       8
       5
       9
       8
       4
       7
       7
       5
       1
      10
       4
       4
       6
       5
       2
       8
       7
       5
       7
       7
       4
       4
       3
       6
       3
       2
       3
       3
       5
       5
       3
       1
       3
       4
       4
       4
       6
       5
       3
       6
       5
       7
       5
       4
       3
       6
       7
       5
       9
       5
       8
       2
       2
       4
       3
       5
       0
       5
       7
       5
       6
       4
       8
       1
       3
      10
       7
       6
       4
       5
       3
       4
       4
       3
       8
       6
       3
       5
       1
       7
       4
       3
       6
       6
       4
       2
       5
       5
       3
       5
       4
       2
       1
       7
       4
       5
       6
       4
       4
       5
       3
       6
       4
       9
      11
       1
       5
       9
       5
       6
       5
       1
       6
       0
       9
       1
       3
       4
       5
       7
       3
       6
      10
       6
       5
       2
       4
       6
       5
       4
       4
       5
       4
       0
       0
       0
       0
       0
       0
       0
       0
       0
       0
       0
       0
       0
       0
       0
       0
       0
       0
       0
       0
       0
       0
       0
       0
       0
       0
       0
       0
       0
       0
       0
       0
       0
       0
       0
       0
       0
       0
       0
       0
       0
       0
       0
       0
       0
       0
       0
       0
       0
       0
       0
       0
       0
       0
       0
       0
       0
       0
       0
       0
       0
       0
       0
       0
       0
       0
       0
       0
       0
       0
       0
       0
       0
       0
       0
       0
       0
       0
       0
       0
       0
       0
       0
       0
       0
       0
       0
       0
       0
       0
       0
       0
       0
       0
       0
       0
       0
       0
       0
       0
       0
       0
       0
       0
       0
       0
       0
       0
       0
       0
       0
       0
       0
       0
       0
       0
       0
       0
       0
       0
       0
       0
       0
       0
       0
       0
       0
       0
$ROI:
1
4146 4168
$PRESETS:
None
0
0
$ENER_FIT:
-1.504534 0.196418
$MCA_CAL:
3
-1.504534E+000 1.964177E-001 -1.544040E-007 keV
$SHAPE_CAL:
3
0.000000E+000 0.000000E+000 0.000000E+000
