$SPEC_ID:
HFNG Beamline
$SPEC_REM:
DET# 2
DETDESC# EasyMCA
AP# Maestro Version 7.01
$DATE_MEA:
06/22/2018 16:49:04
$MEAS_TIM:
600 602
$DATA:
0 8191
       0
       0
       0
       0
       0
       0
       0
       0
       0
       0
       0
       0
       0
       0
       0
       1
       1
       0
       1
       0
       0
       2
       0
       0
       0
       0
       1
       0
       0
       0
       0
       0
       0
       0
       0
       0
       0
       0
       0
       0
       0
       0
       0
       0
       0
       0
       0
       1
      63
     137
     121
      86
     111
     113
     113
     123
     116
     125
     122
     138
     145
     118
     135
     115
     133
     130
     107
     115
     102
     110
     125
      93
     135
     119
     102
      96
     103
     107
     121
     100
     116
      90
     104
     101
     113
      96
      79
     101
     112
     106
     105
      82
     111
     107
     109
     100
      82
     103
      94
      93
     103
      84
     106
      93
      91
      83
     106
      94
      94
      96
      90
      97
      76
      85
      83
      84
      91
      98
      86
      70
      81
     105
      72
      81
     101
      95
      90
      89
     103
      98
      76
      91
      87
      79
      81
      94
      95
      85
      95
      79
      86
      82
      75
     100
      79
      91
     101
      75
      70
      78
      73
     101
      86
      75
      94
      63
      93
      86
      71
      82
      93
      70
      74
      70
      79
      90
      79
      61
      86
      65
      74
      82
      75
      81
      68
      68
      76
      70
      87
      78
      70
      81
      74
      70
      78
      80
      96
      77
      85
      72
      75
      75
      68
      72
      91
      71
      70
      86
      77
      69
      59
      67
      70
      63
      67
      81
      74
      82
      85
      77
      81
      69
      73
      67
      77
      65
      72
      69
      71
      58
      72
      64
      81
      91
      79
      68
      79
      84
      65
      72
      76
      70
      65
      58
      69
      77
      60
      64
      51
      72
      81
      63
      64
      62
      71
      70
      70
      79
      72
      61
      63
      74
      59
      67
      64
      65
      70
      75
      66
      58
      62
      63
      60
      77
      63
      76
      58
      47
      67
      68
      64
      64
      65
      62
      53
      72
      71
      67
      69
      66
      73
      66
      78
      62
      71
      58
      72
      69
      55
      62
      69
      64
      57
      62
      82
      72
      61
      55
      52
      64
      64
      61
      59
      58
      58
      61
      54
      60
      86
      66
      73
      55
      69
      61
      44
      66
      66
      77
      73
      66
      64
      74
      68
      63
      55
      56
      62
      63
      56
      55
      59
      67
      65
      70
      58
      56
      63
      74
      58
      61
      67
      75
      68
      54
      67
      64
      57
      60
      66
      66
      62
      64
      61
      70
      69
      70
      65
      58
      60
      67
      68
      70
      62
      50
      65
      62
      66
      70
      73
      80
      90
      91
     109
     138
     165
     130
     101
      78
      70
      60
      73
      66
      85
     143
     187
     211
     190
     105
      94
      69
      57
      58
      55
      57
      55
      50
      55
      63
      65
      58
      67
      65
      53
      57
      68
      62
      62
      63
      59
      67
      66
      60
      54
      62
      66
      57
      70
      57
      60
      57
      55
      64
      70
      62
      73
      55
      64
      62
      53
      52
      60
      76
      93
     106
     109
     137
     100
     108
      91
      76
      47
      56
      63
      61
      53
      73
      59
      79
      65
      72
      67
      65
      57
      64
      66
      61
      61
      63
      51
      49
      63
      68
      58
      58
      60
      73
      58
      64
      57
      61
      59
      57
      61
      59
      60
      46
      70
      60
      51
      55
      66
      65
      74
      71
      71
      52
      50
      51
      65
      53
      68
      53
      57
      57
      59
      61
      61
      65
      57
      54
      71
      55
      71
      49
      67
      60
      74
      75
      64
      54
      52
      46
      68
      63
      45
      45
      54
      70
      64
      65
      54
      58
      64
      68
      54
      66
      59
      44
      56
      68
      46
      52
      74
      67
      58
      58
      69
      62
      72
      61
      53
      63
      44
      61
      58
      64
      65
      68
      48
      57
      58
      49
      52
      61
      58
      61
      56
      71
      65
      64
      64
      59
      53
      63
      64
      72
      36
      51
      58
      70
      60
      62
      54
      63
      56
      60
      58
      75
      71
      65
      57
      53
      72
      60
      62
      64
      56
      63
      52
      74
      58
      58
      71
      56
      54
      59
      64
      58
      54
      58
      69
      50
      59
      66
      58
      66
      61
      59
      77
      46
      66
      63
      54
      64
      56
      69
      63
      54
      53
      51
      59
      57
      61
      79
      67
      64
      48
      59
      51
      61
      70
      39
      64
      77
      59
      54
      59
      58
      64
      73
      59
      55
      64
      64
      59
      60
      61
      79
      62
      61
      62
      67
      65
      64
      51
      52
      58
      60
      59
      68
      57
      55
      58
      53
      77
      54
      65
      67
      72
      56
      70
      62
      86
      59
      62
      60
      53
      57
      69
      76
      67
      71
      57
      71
      61
      60
      67
      65
      60
      65
      62
      49
      69
      60
      48
      64
      66
      64
      70
      55
      50
      55
      67
      62
      66
      81
      80
     136
     227
     279
     360
     331
     224
     152
     102
      68
      63
      62
      68
      55
      53
      65
      61
      57
      61
      71
      68
      60
      72
      67
      52
      64
      73
      50
      64
      68
      53
      70
      54
      76
      68
      68
      78
      68
      59
      57
      65
      55
      66
      74
      85
      68
      69
      65
      65
      80
      70
      66
      64
      70
      70
      65
      68
      91
      67
      77
      74
      60
      79
      79
      63
      59
      79
      75
      82
      73
      82
      70
      68
      67
      70
      72
      81
      60
      66
      84
      69
      84
      74
      78
      76
      73
      72
      58
      83
      80
      78
      67
      74
      81
      94
      88
      73
      78
      63
      88
      67
      66
      88
      62
      71
      61
      72
      65
      77
      85
      72
      62
      84
      62
      57
      80
      83
      67
      74
      82
      78
      65
      78
      72
      69
      74
      75
      73
      81
      74
      62
      64
      90
      72
      66
      77
      88
      65
      81
      68
      87
      74
      86
      84
      68
      74
      66
      75
      78
      86
      80
      71
      71
      66
      64
      66
      62
      67
      65
      65
      61
      74
      52
      83
      73
      75
      62
      68
      76
      54
      71
      80
      73
      67
      67
      86
      79
      72
      64
      64
      71
      67
      75
      82
      79
      68
      78
      79
      64
      55
      70
      61
      71
      94
      72
      64
      59
      65
      80
      61
      86
      62
      59
      67
      84
      89
      66
      77
      78
      54
      87
      76
      90
      83
      63
      71
      57
      65
      69
      70
      72
      60
      89
      66
      68
      47
      66
      80
      71
      64
      71
      68
      70
      82
      68
      76
      84
      65
      61
      68
      63
      75
      61
      81
      72
      81
      62
      74
      82
      90
      69
      73
      69
      82
      75
      77
      73
      73
      65
      59
      79
      68
      68
      75
      77
      60
      65
      76
      56
      69
      72
      68
      66
      62
      59
      68
      92
      69
      58
      50
      63
      59
      82
      55
      67
      76
      70
      60
      78
      62
      61
      69
      74
      63
      65
      54
      59
      50
      62
      58
      54
      62
      64
      67
      66
      57
      58
      74
      63
      71
      57
      71
      65
      72
      68
      56
      66
      68
      66
      66
      58
      63
      54
      59
      57
      61
      66
      62
      45
      56
      59
      47
      57
      59
      74
      62
      58
      52
      50
      76
      47
      67
      59
      56
      59
      58
      67
      56
      49
      50
      59
      53
      53
      51
      65
      54
      60
      55
      64
      86
      56
      56
      72
      77
      61
      65
      45
      52
      66
      57
      63
      65
      55
      66
      62
      60
      57
      60
      64
      65
      64
      63
      70
      56
      48
      62
      56
      73
      56
      52
      53
      59
      58
      56
      55
      62
      66
      78
      67
      45
      50
      58
      54
      70
      70
      62
      67
      76
      46
      59
      42
      80
      66
      50
      59
      58
      46
      65
      66
      60
      58
      52
      50
      51
      64
      56
      54
      55
      61
      59
      68
      60
      52
      57
      65
      47
      56
      61
      58
      54
      50
      54
      54
      65
      51
      48
      53
      52
      38
      73
      55
      49
      62
      52
      57
      48
      54
      47
      62
      54
      57
      55
      62
      62
      51
      67
      71
      55
      56
      42
      64
      60
      45
      60
      56
      69
      57
      52
      52
      68
      62
      56
      58
      59
      57
      43
      55
      39
      46
      51
      50
      57
      61
      47
      52
      65
      63
      58
      53
      52
      54
      62
      47
      52
      57
      43
      53
      62
      58
      49
      59
      66
      49
      53
      51
      47
      69
      63
      53
      46
      42
      58
      47
      44
      57
      58
      44
      51
      52
      64
      59
      48
      41
      58
      36
      58
      52
      52
      57
      68
      43
      57
      51
      38
      46
      56
      58
      49
      59
      58
      60
      60
      47
      43
      62
      54
      58
      41
      56
      42
      62
      43
      56
      46
      50
      62
      46
      48
      52
      44
      41
      56
      45
      33
      68
      45
      61
      63
      41
      56
      47
      49
      56
      45
      43
      51
      61
      55
      42
      72
      51
      44
      49
      48
      47
      52
      57
      57
      53
      60
      55
      59
      49
      57
      45
      47
      51
      51
      51
      54
      34
      47
      51
      52
      42
      46
      45
      43
      47
      43
      38
      50
      49
      30
      52
      50
      46
      39
      35
      44
      38
      49
      40
      44
      44
      24
      59
      46
      41
      54
      34
      40
      54
      57
      58
      40
      47
      54
      33
      44
      47
      34
      45
      40
      28
      33
      42
      35
      35
      43
      38
      45
      50
      39
      36
      46
      35
      52
      42
      48
      36
      42
      32
      41
      47
      40
      44
      35
      29
      47
      39
      39
      45
      34
      46
      42
      50
      38
      53
      47
      44
      37
      40
      44
      42
      38
      39
      48
      40
      40
      36
      37
      48
      36
      40
      32
      32
      28
      39
      34
      43
      43
      51
      42
      26
      43
      32
      51
      34
      43
      46
      35
      48
      28
      28
      43
      36
      33
      45
      37
      36
      30
      30
      37
      39
      22
      34
      38
      35
      39
      31
      29
      45
      44
      39
      35
      39
      44
      48
      45
      39
      30
      43
      32
      41
      38
      41
      46
      40
      30
      35
      29
      44
      39
      31
      40
      30
      49
      39
      28
      43
      33
      39
      38
      37
      37
      39
      28
      26
      27
      41
      38
      29
      34
      43
      34
      34
      26
      40
      32
      28
      43
      36
      29
      35
      32
      40
      36
      33
      31
      34
      31
      35
      28
      29
      44
      34
      37
      50
      24
      32
      31
      35
      27
      38
      23
      32
      44
      43
      31
      37
      31
      35
      26
      36
      33
      35
      31
      35
      36
      26
      36
      38
      33
      42
      45
      33
      36
      36
      28
      29
      38
      30
      42
      28
      30
      28
      32
      32
      33
      31
      42
      39
      38
      30
      45
      36
      24
      31
      28
      32
      26
      23
      42
      30
      40
      32
      38
      23
      33
      31
      32
      36
      32
      26
      25
      25
      30
      33
      33
      37
      25
      26
      27
      29
      36
      36
      37
      30
      36
      33
      32
      27
      24
      31
      24
      28
      26
      25
      32
      39
      39
      46
      31
      25
      29
      36
      36
      33
      21
      33
      37
      22
      31
      27
      39
      42
      26
      32
      25
      26
      34
      34
      23
      34
      23
      26
      30
      27
      24
      30
      37
      29
      24
      29
      30
      24
      35
      39
      31
      30
      37
      31
      20
      39
      27
      25
      27
      34
      29
      30
      35
      34
      25
      25
      26
      39
      30
      32
      31
      30
      40
      34
      24
      32
      22
      29
      39
      41
      35
      29
      29
      23
      46
      27
      23
      36
      35
      29
      30
      20
      24
      22
      20
      23
      34
      38
      35
      23
      34
      25
      28
      30
      28
      33
      28
      30
      36
      32
      32
      32
      30
      26
      29
      27
      32
      45
      39
      36
      42
      66
      65
     127
     195
     312
     588
     841
    1201
    1451
    1590
    1420
    1229
     810
     483
     260
     112
      50
      38
      23
      14
      22
      15
      24
      24
      17
      19
      21
      26
      23
      28
      30
      32
      21
      20
      24
      30
      22
      18
      21
      22
      24
      31
      21
      20
      25
      18
      25
      13
      25
      25
      23
      21
      31
      19
      16
      22
      13
      21
      18
      22
      29
      25
      25
      20
      22
      24
      14
      22
      14
      17
      24
      21
      20
      24
      18
      16
      22
      18
      17
      25
      24
      23
      22
      17
      15
      22
      14
      22
      23
      31
      32
      25
      22
      19
      20
      15
      25
      23
      20
      29
      23
      24
      27
      30
      27
      33
      30
      44
      35
      33
      32
      26
      33
      23
      19
      19
      16
      19
      21
      17
      28
      18
      22
      33
      16
      16
      23
      19
      27
      18
      22
      19
      21
      28
      27
      14
      18
      20
      21
      17
      26
      17
      22
      22
      19
      21
      21
      19
      23
      18
      15
      27
      27
      22
      18
      11
      29
      22
      12
      18
      27
      21
      15
      17
      21
      16
      30
      17
      21
      25
      24
      22
      19
      28
      22
      20
      20
      21
      22
      28
      18
      23
      20
      23
      19
      15
      19
      27
      24
      16
      14
      18
      23
      21
      16
      25
      15
      19
      19
      20
      20
      24
      12
      15
      16
      18
      29
      20
      18
      20
      19
      21
      17
      18
      25
      25
      23
      28
      20
      17
      17
      28
      26
      14
      18
      16
      15
      24
      21
      23
      19
      20
      21
      24
      18
      22
      22
      21
      24
      16
      13
      18
      14
      17
      24
      21
      21
      14
      17
      16
      18
      24
      19
      19
       7
      26
      23
      16
      28
      26
      25
      21
      23
      20
      18
      23
      18
      20
      19
      23
      15
      22
      16
      15
      19
      18
      20
      10
      16
      15
      22
      24
      23
      12
      19
      29
      33
      41
      57
      46
      63
     103
     115
     106
     124
     102
      72
      53
      33
      36
      28
      22
      38
      24
      17
      20
      10
      17
      10
      17
      19
      10
      15
      18
      23
      20
      19
      19
      24
      15
      19
      26
      25
      14
      20
      15
      12
      11
      21
      12
      24
      19
      14
      25
      18
      10
      17
      25
      24
      21
      17
      22
      18
      17
      17
      21
      18
      18
      24
      16
      12
      28
      20
      15
      19
      17
      13
      19
      22
      10
      14
      20
      20
      16
      25
      15
      21
      16
      15
      20
      20
      17
      22
      23
      20
      24
      19
      26
      14
      17
      19
      15
      23
      21
      18
      22
      15
      21
      25
      20
      19
      18
      33
      22
      20
      18
      14
      26
      17
      23
      17
      13
      21
      15
      21
      18
      16
      24
      24
      21
      31
      27
      21
      39
      50
      65
      99
     154
     269
     375
     472
     584
     678
     698
     604
     467
     297
     175
      96
      66
      33
      30
      17
      11
       8
      22
      15
      14
      21
      11
      15
      16
      16
      12
      13
      15
      15
       9
      14
      18
      20
      16
      12
      15
      10
       9
      19
      20
      20
      18
      22
      12
      18
      13
      17
      18
      20
      20
      10
      12
      16
       6
      12
      12
      15
      25
      19
      19
      16
      20
      10
      16
      11
      10
      14
      17
      17
      17
      15
      14
      10
      10
      11
      16
      15
      19
      14
      12
      25
      16
      11
      10
      16
      18
      14
      13
      14
       7
      13
      11
      17
      14
      21
      19
      12
      15
      16
      17
      16
      16
       9
      11
      18
      10
      13
      14
      14
      23
      12
      15
      21
      12
      16
       8
      13
      13
      14
      18
      10
      16
      15
      17
      18
      13
      19
      16
      14
      10
      13
      14
      15
      16
      17
      19
      20
      12
      17
      11
      13
      12
      20
      15
      19
      15
      21
      13
      13
      10
      16
      12
      13
      16
      14
      11
      14
      14
      12
      15
      17
      17
      13
      11
      10
      12
      12
      15
      11
       9
      13
      17
      17
      22
      16
      11
      12
      15
      17
      13
       9
      12
      14
       9
      14
      14
       7
      14
       7
      18
      13
      22
      11
      13
      16
      18
      14
      15
      20
      27
      18
      24
      11
      14
      20
      13
       9
      16
      15
      16
       9
      15
      18
      16
      13
      13
      14
      10
       9
      13
      17
      12
      13
      11
      16
      17
       9
       9
      12
      25
      18
      13
      10
      11
      12
      20
      13
      21
      23
      29
      22
      27
      30
      30
      20
      16
      20
      15
      16
      17
      19
      13
      11
       8
      11
      17
      10
      10
      10
      14
      15
      15
      17
      24
      17
      12
       9
      13
      16
      14
      14
      17
      17
      10
      13
      16
      14
      10
      11
      12
      16
      22
      16
      12
      17
      18
      12
      22
      13
      11
      20
      15
      15
      16
      14
      14
      18
       9
      19
      17
      11
      19
       9
      12
      13
      11
      16
      13
      15
      17
      15
       9
      16
       8
      16
      13
      12
      13
      16
      11
      10
      17
      13
      18
      17
      11
      13
      11
      10
      15
      11
      15
      14
      15
      19
      11
       9
      14
      14
      14
      12
      11
      17
       9
       9
      13
      11
      13
      18
      15
      17
      20
      13
      13
      17
      14
      13
      14
      11
      14
      10
      18
      11
      17
      14
      18
      13
      13
      13
      14
      19
       9
      17
      23
       4
      21
      15
      18
      25
      15
      10
      10
      19
      13
      15
      12
      15
      14
      10
      15
      14
      15
      13
      14
      17
      11
      13
      18
      12
      17
      12
      18
      13
       6
      15
       7
      10
      15
      18
      14
      21
      17
      20
      12
      14
      16
      24
      19
      13
      14
      14
      14
      22
      16
      15
      11
      15
      15
      18
      15
      20
      15
      16
      12
      15
      22
      18
      13
      10
      12
      15
      10
      13
      10
      14
      15
       8
      15
      21
      13
      16
      10
      21
      11
      22
       9
      14
      13
      12
      14
      14
      15
       6
      12
      13
       9
      16
      16
      11
      17
      18
      15
      10
      10
      13
      20
      14
       9
      29
      31
      24
      32
      25
      35
      29
      26
      23
      39
      29
      18
      19
      25
      21
      15
      19
      20
      22
      13
      11
      20
      14
      16
      16
      16
      10
      16
       9
      11
      18
      20
      12
      15
      17
      15
      16
      15
      20
      14
      19
      15
      10
      13
      13
      14
       8
      11
      12
      13
      14
      19
      15
       9
      17
      18
      10
      11
      11
      19
      16
      11
       8
      13
      20
      12
      14
      11
      10
      13
      14
      11
      20
      12
      11
      11
      18
      12
       8
      24
      17
      11
       7
      11
      15
      10
      10
      13
      19
       6
      12
      14
      14
      12
      10
      15
      16
      16
      21
      11
       9
       9
      11
      17
      14
      13
      22
      19
       9
      14
       6
      19
      19
      16
      14
      12
      16
      12
      24
       8
      17
      13
      15
      11
      18
      18
      16
      12
      14
      14
      18
      18
      15
      14
      15
      17
      11
      10
      19
      17
      16
      14
      10
      18
      13
      13
      13
      17
      16
      13
      20
      17
      12
      10
      14
      23
      10
       8
      14
      13
      11
      19
      16
       8
      16
      11
      11
      16
      20
      16
      12
      14
      12
      13
      17
      12
      12
      13
      13
      16
      22
       8
      10
      20
      22
       9
      12
      14
      11
      17
      14
      13
      11
      12
      12
       7
      23
      20
      18
      15
      14
      10
      16
       5
       8
      12
      18
      15
      13
      10
       8
      13
      12
      11
      15
      23
      11
      20
      14
      11
      15
      20
       7
      16
       7
      15
      14
      18
       9
      14
       9
      12
      14
       9
      17
      18
      17
      12
      11
      15
      10
      16
      14
      11
      11
      13
      19
      15
      14
      16
      23
      21
       6
      22
      15
       9
      12
      10
      22
      13
      12
      10
      16
      14
      13
      15
      14
      15
       7
      15
      10
      13
      24
      14
      17
      18
      10
      10
      11
      18
      14
       9
       7
      16
      10
      18
       9
      14
      19
      14
      13
      20
       6
      16
      17
      17
      17
      13
      12
      19
      17
      13
      15
      12
      13
      15
      15
      14
      17
      10
      19
      11
      13
      14
      11
      18
      11
      17
       5
      15
      17
      15
      10
      14
      13
      12
      15
      14
      18
      17
      15
      11
      25
      17
      11
      11
      13
      15
      14
      15
      10
      10
      15
      10
       6
      15
       7
      16
       7
      14
      13
      14
      10
       8
      16
      17
      12
      18
      14
      14
      15
      10
      12
      14
      12
       6
       8
      14
      13
      10
      18
      15
      17
      15
      14
      17
      22
      19
      22
      12
      15
      10
      16
       6
      12
      20
      14
      21
       8
      18
      13
      14
      13
      14
       8
      12
      13
      12
      18
      11
      17
      15
      23
       9
      11
      11
      17
      16
      16
      15
       8
      23
      18
      13
      10
      17
       9
      17
       9
      11
      16
      17
      10
      12
      17
      11
      10
      15
      12
      10
      13
      10
      15
      16
      11
      12
      25
      13
      15
      14
      17
      13
      12
      18
      12
      17
      12
      16
      15
      15
      12
      16
      12
      17
      18
      19
       8
      17
      14
      19
      12
      10
      15
      13
      17
      15
      17
      10
      19
      21
      23
      14
      18
      15
      12
      12
      23
      18
      17
      21
      16
      16
      13
      17
       7
      25
      11
       7
      17
      12
       9
      15
      13
      10
      19
      10
      21
      18
      17
      13
      18
       9
      15
      15
       9
      13
      10
      11
      22
      14
      12
      19
      15
      17
      19
      13
      12
      10
      18
      14
      24
       9
      12
      14
      18
      14
      14
      15
      15
      14
      15
      16
      19
      15
      21
      11
      11
      21
      16
      13
      13
      16
      15
      13
      12
      17
      19
      16
      16
      10
      11
      10
      11
      16
      10
      25
      20
      10
      16
      12
      21
      13
      17
      24
      13
      14
      17
       9
       9
       9
       9
      18
      13
      13
      10
      10
      14
      17
      13
      15
      10
      23
      13
      22
      15
      13
      13
      18
      14
      21
      17
      16
      22
      11
      15
      14
       8
      12
      12
       9
      18
      11
       5
      12
      12
       7
      13
      16
      15
      12
      16
      18
      13
      14
      11
      12
       6
      16
      12
      13
       6
       9
      10
       7
      15
      15
      12
      14
      15
      12
      12
      14
      12
      14
      10
      20
      12
      10
      17
      13
      16
      11
      12
      16
      12
      13
      13
       9
      15
      19
      16
      21
      11
      13
      11
      11
      11
      16
      13
      11
      11
       8
      14
      12
      12
       9
      14
      10
      15
       7
      10
      13
      14
      12
      17
      10
       8
      12
      11
      16
      20
      15
       6
      23
       9
      19
      13
      20
      14
      19
       8
      18
      18
      13
      17
      15
      13
      13
      12
      14
       6
      13
      13
      18
       8
      10
       6
      16
      19
      14
      21
       8
      16
      12
      15
      11
       9
       8
      11
      16
       8
      14
      11
      12
      13
      11
      17
      12
      13
      17
      18
      13
      15
      19
      12
      11
      12
      13
      11
       9
      12
      13
      17
       5
      15
       7
      11
      12
      14
      17
      10
       7
      11
      15
      11
       8
      17
      18
      17
       9
      16
      16
      15
      11
      19
      12
      10
      12
       8
      17
      13
      12
      17
      19
      14
      11
      10
      17
      13
      13
      11
      21
      14
      15
      12
      16
      14
      13
      15
       9
      10
      16
      19
      16
      13
      14
      14
      17
      13
      11
      10
      15
       6
      15
       8
      13
      14
       6
       9
       6
      11
      11
      14
       8
       9
       7
      12
      12
      11
      12
      14
       9
       6
      12
      11
      14
      10
      14
      20
      11
       9
      14
       9
      10
       9
      21
      13
      16
      14
      15
       9
      10
      12
      17
      13
      10
      12
      11
      11
      23
      10
      13
      15
      13
       7
      18
       9
      11
      10
      13
       8
      14
      21
      16
       8
      15
       9
      15
      14
      14
      18
      13
       7
      12
      11
       9
      15
       7
       8
       7
      12
      16
      13
      14
      18
       8
      16
      16
      16
      10
      13
      16
      10
      15
      22
      11
      13
      14
      17
      20
      10
      18
       9
      11
      14
      13
      17
      13
      14
      18
      14
      15
      11
      20
      13
      10
      12
      13
      10
      20
      14
      17
      15
      14
      15
      12
      18
      11
      11
      12
      12
      10
      13
      12
      18
      16
      16
      13
      16
       9
      13
       9
      12
      21
      12
      13
      11
      14
      20
      17
       5
      14
      10
      15
      12
      15
      13
      14
      16
       8
      10
      11
       4
       5
      11
      10
      11
       7
      22
      12
       4
      12
      11
      12
      17
       9
      12
      13
      16
       9
      12
      16
      10
      11
      23
      11
      15
      17
       8
       9
       7
      14
       9
      14
      15
       9
      12
      12
       9
      23
      13
      10
      19
      13
      15
      16
      14
      13
      12
      13
      14
      16
      12
      16
      14
      11
      16
      12
      10
       6
      10
      10
      14
       5
      10
      12
      14
       4
      19
       8
      18
      15
      12
      12
      16
      13
      12
       9
      17
      15
       7
      19
       8
      17
       9
      13
      15
      16
      12
      16
      10
      17
      16
       8
       9
      10
      21
      10
      16
       9
       9
      11
      16
       9
      13
      12
       9
       9
      11
      22
      14
      14
       5
       9
      12
      15
      14
      14
      13
       9
      13
       8
       5
      16
      20
       9
      12
      13
      15
      14
       9
      11
      11
      16
       9
      11
      15
      13
      10
      14
       8
      19
      19
       9
      12
      13
       9
       9
      14
      16
      18
       8
      14
      15
      16
      15
      17
      14
      16
      12
      10
      12
      10
      14
       7
      15
      20
      13
      11
      16
      16
      13
      15
      13
       9
      16
      17
      21
      12
      11
      12
       9
      14
      15
       8
      12
      14
      12
      13
      12
      11
      15
      14
      15
      11
       8
      15
      14
      10
      13
      17
      11
      13
      17
       9
      13
      13
      18
      15
      11
      12
      14
      16
      14
      13
      15
      11
      17
      17
      11
      10
      13
      16
      24
      17
      11
      19
      13
       8
       7
      10
       8
      11
      11
      15
       9
      10
      11
      14
      14
      11
      15
      16
      13
      12
      13
       8
      15
      13
      11
      12
      12
      11
      13
      16
      12
      11
      11
      14
       9
      15
      11
      16
       9
      17
      10
      25
      19
      15
      11
      13
      12
      13
      12
      12
      12
      12
      10
      14
       8
      13
      15
       4
      19
      15
      20
       7
       9
      14
      11
      12
      17
      11
      14
      10
       7
      20
      13
       9
      11
      15
      15
      18
       6
       5
      12
      14
      10
      12
      12
      10
      10
      11
      12
       9
      11
      10
      16
      16
      17
      14
       8
      14
      11
      17
      17
      17
      13
      15
      15
       7
      18
      16
      13
      18
      16
       7
      13
      12
      12
      17
      13
      18
      13
      13
      14
       8
      17
      16
       9
      10
      17
       9
      16
      21
       8
      14
      11
      11
      17
      17
      16
      17
       8
      22
      17
      13
       8
      13
      12
      16
      15
      16
      17
      17
      11
      15
      12
      15
       9
      15
      14
      17
       8
      16
      14
      21
      14
       8
      14
      15
      18
      18
      15
      12
      15
      12
      16
       7
      17
      12
       7
      17
      15
      14
      15
      15
      12
      20
      15
      12
      14
      20
      23
      10
       6
       9
      13
      11
      12
      16
      13
      12
      13
      21
      13
      15
      10
      12
      11
      14
      18
      10
      14
       9
      13
      17
      19
      14
      13
      18
      14
      23
      14
      20
      22
      14
      11
       9
      10
      21
      17
       8
      15
      18
      21
      17
      17
      22
      15
      18
      19
      12
       8
       8
      14
      16
      20
      10
      15
      20
      12
      10
      15
      12
      12
      17
      14
      10
      18
      22
      22
      16
      17
      18
      12
      25
      16
      15
      10
      11
      11
       8
      17
      12
      10
      12
      11
      19
       9
      12
      17
      20
      14
      14
      14
      11
      12
      14
       7
       9
      10
      25
      23
      11
      12
      14
      20
      14
      19
      13
      18
      18
      16
      22
       8
      13
      12
      12
      18
      12
      18
       8
      11
      10
      14
      12
       8
      19
      15
      13
      12
      20
      24
      21
      13
      12
      12
       7
      11
       9
      20
       9
      12
      11
      15
      14
      16
      17
      16
      12
      15
      22
      13
       6
      17
       9
       8
      11
      18
      16
      17
      22
      14
      21
      17
      26
      18
      17
      16
      20
      16
      10
      14
      15
      17
       9
      10
       7
      14
      17
      10
      13
      15
      16
      12
      15
      19
      17
      21
       9
      13
      17
      19
      12
      16
      16
      14
      20
      20
      16
      15
      24
      16
      18
      27
      24
      36
      40
      47
      66
      74
      79
      91
      94
      99
      93
      83
      78
      91
      68
      46
      45
      30
      20
      19
      18
       8
       9
      18
      18
      16
      17
      11
      15
      12
      10
      12
      19
      17
      15
      17
      17
      11
      18
      15
       8
       8
      15
      17
      13
      17
      15
      12
      18
      15
      18
      13
      16
      15
      14
      16
      12
      14
      12
       7
      11
      20
      20
      14
      22
      12
      14
      12
      15
       9
      17
      28
      10
      15
       9
      16
      16
      15
      14
      25
      11
      15
      19
      16
      14
      24
      12
      18
      17
      16
      12
      17
      24
      11
      13
      16
      17
      18
      14
      19
      13
      14
      14
      19
      18
      19
      17
      17
      24
      11
      17
      14
      14
      11
      24
      13
      11
      16
      16
      18
      10
      23
      26
      23
      15
      20
      16
      20
      12
      12
      19
      13
      13
       8
      19
      18
      11
      14
      11
       9
      14
      22
      12
      19
      16
      11
      19
      14
      19
       9
      14
      15
      13
      16
      20
      19
      17
      10
      15
      16
      14
      13
      13
      16
      14
      12
      20
      14
      20
      16
      20
      15
      16
      16
      22
      15
      15
      11
      13
      17
      18
      18
      20
      12
      20
      20
      11
      20
      17
      14
      21
      18
      21
      14
      17
      21
      20
       9
      22
      19
      14
      13
      12
      17
       9
      16
      19
      20
      18
      13
      21
      14
      19
      18
      23
      21
      18
       9
      18
      13
      14
      18
      19
      21
      15
      12
      20
      11
      18
      19
      16
      15
      11
      19
      22
      14
      20
      16
      14
      18
      20
      23
      20
      17
      21
      10
      16
      24
      20
      17
      13
       9
      18
      17
      17
      18
      17
      14
      17
      11
      25
      17
      16
       9
      22
      29
      20
      14
      14
      18
      19
      21
      17
      18
      17
      16
      16
       9
      19
      17
      28
      18
      22
      13
      16
      21
      20
      20
      17
      23
      24
      12
      11
      12
      22
      18
      16
      19
      15
      21
      20
      16
      22
      14
      21
      19
      17
      13
      20
      25
       9
      11
      23
      20
      18
      19
      25
      17
      14
      18
      13
      15
      22
      18
      17
      14
      11
      24
      10
      19
      19
      16
      17
      12
      26
      17
      20
      19
      14
      16
      15
       7
      19
      15
      15
      12
      17
      19
      21
      17
      13
      21
      20
      11
      27
      21
      11
      16
      20
      12
      19
      15
      18
      17
      18
      12
      17
      19
       9
      15
      19
      23
      14
      15
      19
      13
      13
      18
      13
      15
      20
      14
      21
      13
       9
      15
      10
      19
      14
      14
      15
      12
      26
       9
      17
      21
      15
      13
      17
      13
      18
      11
      15
      17
      14
      10
      13
      16
      16
       7
      13
      15
      17
      16
      10
      29
      16
      11
      12
      17
      19
       8
      12
      15
      16
      12
       9
      13
      16
       9
      14
       8
      12
      18
       7
      13
      20
      17
      17
       9
      17
       9
       9
      16
      16
      14
      11
      11
      11
      17
      17
      17
       3
      14
      12
       3
      10
      19
       6
      16
      19
      14
      21
      11
       8
       9
      19
      13
      15
      13
      11
      13
      17
      14
      11
      15
       9
       9
      17
      10
      13
      11
      14
      16
      12
      10
      20
       8
      12
      10
      16
      17
      10
      17
      14
      10
       8
       7
      12
      18
       5
      15
       7
       8
      17
      12
      12
       9
      15
      12
      10
      15
      18
      12
      17
       7
      12
      13
      10
      18
       9
      15
      17
       6
      12
      11
      16
      15
       4
      10
      12
      14
      17
      17
      13
      12
      12
      12
      10
      13
      18
      13
      13
      12
       9
      10
      10
      14
      15
       9
      16
      12
      11
      12
      11
       9
      10
      13
       7
      10
      15
      15
      14
      15
      12
      18
      10
      16
      13
      16
      11
      12
      12
      13
      16
      11
      13
      14
      16
      18
      18
      20
      11
       8
      11
       9
       8
      18
      19
      13
      13
      13
      14
      12
      18
      13
      12
      18
      11
      13
      17
      14
      12
       9
      11
      12
      12
      15
      10
      11
      15
      18
      12
      18
       9
      13
      10
      13
      11
      22
      11
      13
      11
      18
      19
      11
       9
      10
      12
       8
       8
      12
      13
      12
       7
       6
      10
      17
       7
      14
      15
      15
      19
      14
      10
       7
       8
      18
      10
      11
      10
       7
      13
      12
      13
      13
      16
      12
      15
      11
      20
       9
      15
      11
      15
      10
      11
      11
       5
      11
      19
      11
       7
      10
      12
       7
      10
      10
      18
      12
      20
       9
       8
      16
      16
       7
      18
      10
       8
      15
      15
      13
      15
      12
      15
      12
       8
       8
       9
      12
      14
      13
       6
      17
      13
      15
       9
      14
      14
      11
       7
      13
      11
      12
      13
      15
      13
      11
       8
      15
      10
      12
      11
       8
       7
      16
       9
      10
       9
       4
      10
      11
      10
      10
       9
      16
      11
      15
      13
       8
      15
      10
      17
      15
      10
      13
      11
      13
      10
       9
      14
      11
       8
       7
      12
      12
       8
      12
      11
      10
      10
      10
       7
      20
      10
       7
       7
      14
      11
      22
      14
      12
      15
       4
      13
      13
      12
      17
      12
      10
       9
      11
      14
      14
       9
       8
      11
      16
      15
      11
      14
       9
      16
      12
      14
       6
      11
      17
      13
      10
      10
      17
      20
      15
      10
      16
      13
       5
      12
      10
      15
       9
      14
      11
      16
      13
       8
      12
      10
      15
      13
       6
       9
       9
       5
      14
      11
      14
      14
       9
      11
       9
      10
       9
      14
      14
       7
      15
      14
       9
       7
       5
      12
       5
      10
       7
      15
      13
       8
      15
      10
       7
      12
       8
       7
      13
       6
       5
       8
       8
      12
      16
      14
      12
      11
       9
      11
      13
      16
      12
      12
      16
      11
      10
      11
      15
      13
       9
       6
      18
      24
      11
      10
       9
      15
      15
      17
       8
      12
       6
      11
      12
      10
      15
       9
      13
      16
      13
       7
      11
      13
       9
      17
      14
      13
      14
      12
       9
       5
       4
      12
       9
      10
      20
       7
      13
      12
       9
      17
      15
       9
       9
      22
      10
      16
      11
      16
       9
      16
      13
      12
      12
      11
       8
      10
      13
      12
      15
       6
       9
      10
      14
      12
      17
       7
       7
       9
      12
      11
       9
       8
       7
       9
       8
      18
      15
      12
      17
      14
       7
      12
      14
       9
      20
      19
      11
      18
       7
      15
      23
      12
      17
      13
      13
       7
      11
      10
      10
       9
      11
      12
      12
      11
       9
      12
      12
      13
       8
      12
      14
      11
       9
      15
      10
      12
      10
       8
      17
      18
      20
       8
      17
      13
      17
      14
      14
      17
      13
      13
      11
      13
      14
      14
      20
      10
      14
      14
      11
      10
       9
       8
      10
      20
      18
      11
      10
       8
      15
      11
       9
      12
      16
       4
      12
      15
      11
      14
      14
      15
      12
       9
       7
       9
      16
      12
      15
      10
      12
      15
      11
      16
      12
      12
      14
      12
      11
      18
       8
      15
      13
      14
      13
      11
      11
       8
      10
      12
      10
      13
      12
       8
       5
      13
       9
       8
      19
      13
      16
       9
      14
      12
      10
       4
      17
      11
      16
       9
      17
      12
      15
      13
      11
      15
       9
      10
      12
      15
      16
      10
      12
      15
       9
      12
      15
      17
      16
      11
       6
      15
      11
      13
      26
      13
      11
      17
      22
      14
      15
      13
      13
      16
      12
      14
      13
      15
       9
      13
      17
      14
      11
      20
      12
      17
      15
      20
      13
       9
      15
      11
      18
       9
      12
      17
      13
      24
      12
      14
      12
      10
      12
      11
      16
      17
       6
      11
      14
      11
       9
      15
      23
      18
       8
      16
      11
      11
      14
      19
      10
      18
      17
       5
      11
      12
      12
      11
      18
      12
       8
      10
      19
       7
      12
      13
      13
      16
      21
      14
       9
       8
      17
      13
       8
      11
      18
      14
      13
       9
      11
      19
      17
      17
      18
      12
      21
      15
      17
      19
      14
      18
      13
      20
      16
      15
      16
      14
      14
      14
      14
      17
      12
      11
      12
      17
      11
      13
      17
      17
      12
      14
      13
      22
      17
      15
      15
      12
      14
      10
      17
      15
      16
      13
      14
      19
      13
      21
      13
       9
      13
      12
      14
      10
      15
      12
      17
      11
      21
      12
      18
      15
      10
      13
      14
      15
      15
      13
      18
      16
       6
       8
      17
      21
      12
      13
      13
      17
      12
      15
      17
      17
      15
      13
      15
      16
       8
      16
      15
      17
      10
      12
      17
      17
      17
      14
      11
      13
       9
      18
      13
      13
      10
      17
       8
      11
      19
      12
      11
       8
      20
      19
      18
      15
      18
      14
      18
      15
      13
      12
      19
      11
       9
      11
      16
      12
      12
      13
      12
      20
      12
      17
       5
      11
      15
      14
       9
       9
      15
      11
      15
      13
      13
      15
      12
       9
      13
      12
      11
      13
      18
      19
      11
      10
      10
      10
      11
      12
       9
       8
      11
      18
      10
       8
      14
      14
      10
      10
       7
      11
       9
      13
       7
      10
      10
      13
       9
      14
      11
      14
       4
      15
       8
       7
      16
       4
       7
       9
      14
      11
      15
       7
      10
      13
      10
      16
      12
      14
      15
      12
       9
      23
      11
      18
      14
      10
      15
      11
      13
      15
       9
       8
      10
      10
      11
      11
      11
      11
       6
      12
       9
      12
      14
      17
      27
      25
      37
      41
      46
      69
      73
      83
     123
     131
     151
     189
     213
     237
     258
     266
     293
     260
     268
     268
     211
     194
     141
     123
     101
      86
      38
      38
      17
      12
      23
       2
      15
       9
      11
      10
       7
       3
       7
       6
       3
       8
       4
       5
       7
       7
      11
       7
      10
       8
      11
       5
      11
       6
       6
       9
       8
       3
       9
       7
      12
       4
       7
       4
       9
       5
       7
       8
       9
       8
       6
       4
       9
       5
       6
      10
       8
       5
       6
      12
       4
      11
       4
      15
       6
       7
       7
       6
       6
      10
       8
       4
      11
       9
       5
      10
       4
      11
       3
      11
       6
       9
       4
      10
       4
      10
       6
       8
       4
       8
       7
       8
      12
      12
      10
      10
      13
       5
       8
       7
       8
       7
       7
       7
       5
       8
       8
       6
       6
       6
       6
       7
       8
       5
       4
      12
      12
       5
       9
       6
       7
       3
      10
       6
       5
       3
       7
       6
       6
       8
       3
       5
       8
       8
      13
       7
       5
       9
       9
      10
      10
       7
       7
       9
       5
       9
      13
       7
       8
       6
       5
       5
       6
       2
       7
       8
       9
       4
       8
       8
       5
       7
      11
       6
       6
       6
       4
      10
       5
      10
       4
       7
       8
       8
       8
      10
       7
       5
       8
       5
       9
       6
       4
      10
       3
       8
       8
      11
      10
       4
      10
      10
       6
       5
       5
       5
       6
      13
       5
       2
       0
       5
       3
       9
       5
       8
       1
       3
       7
       2
       3
       6
       7
       4
       8
       6
       7
       6
       4
       7
       7
       6
       5
       8
      10
       6
       7
       2
       8
       7
       3
       4
       6
       9
       6
       4
       2
       2
       7
       6
       5
       2
       4
       7
       6
       2
       5
       4
       4
       4
       4
       5
       5
       6
       8
       5
       5
       9
       8
       6
       7
      11
       3
       3
       4
       3
       6
       6
       5
       8
       6
       6
       8
       8
       4
       7
       7
       6
       5
       1
       5
       2
       4
       2
       5
       4
       2
       9
       4
       4
       4
       5
       3
       3
       5
       5
       5
       7
      11
       3
       4
       7
       5
       5
       2
       5
       9
      12
       4
       6
       3
       1
       4
       7
       5
       6
       6
       4
       3
       5
      11
       3
       2
       5
       4
       3
       4
       2
       4
       5
       3
       5
       4
       2
       3
       7
       6
       5
       4
       3
       4
       6
       3
       2
       1
       9
       3
       4
       3
       5
       2
       3
       7
       2
       5
       3
       3
       9
       3
       5
       4
       4
       3
       4
       4
       5
       9
       5
       7
       3
       3
       3
       1
       6
       3
       1
       7
       1
       8
       9
       8
       1
       7
       3
       4
       5
       8
       3
       2
       4
       7
       2
       7
       4
       3
       2
       6
       4
       4
       1
       3
       4
       4
       6
       5
       4
       5
       2
       4
       5
       5
       3
       5
       8
       5
       3
       4
       5
       6
       9
       5
       1
       2
       0
       3
       1
       2
       5
       1
       6
       5
       1
       3
       4
       5
       4
       4
       5
       2
       5
       3
       2
       1
       6
       3
       4
       2
       3
       4
       2
       4
       4
       4
       1
       7
       2
       1
       4
       7
       9
       0
       1
       5
       3
       5
       0
       4
       4
       4
       1
       5
       5
       3
       3
       0
       1
       5
       6
       7
       3
       3
       2
       1
       3
       4
       3
       0
       1
       4
       2
       5
       4
       7
       1
       1
       5
       3
       2
       1
       8
       3
       4
       1
       2
       4
       4
       4
       6
       3
       4
       4
       8
       2
       2
       4
       5
       5
       1
       3
       4
       1
       6
       6
       0
       2
       5
       4
       3
       1
       0
       6
       3
       6
       3
       3
       1
       6
       3
       2
       7
       4
       2
       1
       1
       5
       2
       2
       3
       5
       6
       2
       1
       3
       3
       3
       7
       3
       4
       1
       5
       2
       4
       3
       4
       3
       7
       3
       1
       2
       2
       4
       4
       6
       5
       5
       4
       3
       5
       3
       3
       3
       1
       4
       5
       6
       4
       1
       3
       4
       5
       2
       3
       4
       7
       5
       3
       2
       2
       2
       2
       3
       3
       4
       2
       3
       4
       3
       4
       4
       5
       1
       0
       2
       2
       4
       2
       3
       3
       4
       3
       4
       2
       1
       3
       0
       1
       3
       2
       1
       2
       7
       4
       5
       2
       2
       7
       5
       5
       1
       5
       5
       4
       3
       4
       5
       3
       4
       5
       0
       5
       2
       2
       1
       4
       2
       6
       2
       5
       1
       3
       4
       5
       3
       2
       5
       1
       3
       2
       2
       2
       3
       3
       1
       0
       2
       5
       3
       2
       6
       3
       1
       5
       4
       6
       3
       3
       3
       2
       7
       6
       4
       3
       1
       3
       7
       4
       1
       2
       3
       7
       4
       7
       4
       2
       2
       4
       4
       3
       4
       4
       3
       5
       3
       2
       3
       3
       4
       3
       2
       8
       5
       2
       2
       1
       6
       6
       4
       5
       6
       3
       0
       4
       2
       0
       2
       6
       6
       0
       3
       5
       9
       4
       4
       5
       1
       2
       4
       5
       2
       3
       4
       1
       2
       4
       7
       0
       2
       2
       4
       4
       5
       3
       9
       5
       3
       2
       4
       3
       5
       1
       6
       4
       4
       1
       4
       3
       2
       4
       2
       7
       6
       2
       2
       1
       4
       3
       5
       1
       4
       3
       7
       5
       4
       1
       4
       1
       0
       3
       4
       3
       5
       6
       7
       2
       3
       2
       2
       5
       1
       3
       7
       5
       0
       2
       6
       1
       3
       1
       1
       4
       3
       5
       5
       5
       3
       2
       6
       1
       2
       4
       3
       3
       2
       2
       1
       3
       2
       1
       0
       8
       3
       3
       7
       3
       4
       4
       2
       2
       4
       3
       3
       1
       1
       4
       2
       2
       2
       5
       2
       4
       4
       4
       5
       2
       2
       0
       3
       0
       4
       6
       6
       7
       1
       5
       2
       5
       5
       5
       6
       2
       2
       8
       2
       1
       2
       6
       3
       1
       6
       2
       2
       2
       1
       5
       4
       4
       1
       6
       4
       1
       1
       7
       5
       3
       5
       6
       7
       4
       4
       5
       6
       1
       3
       2
       4
       4
       1
       7
       7
       1
       4
       3
       5
       0
       5
       1
       2
       3
       6
       3
       4
       5
       1
       4
       3
       2
       1
       5
       5
       3
       4
       3
       3
       5
       2
       6
       5
       1
       2
       5
       3
       9
       2
       2
       6
       2
       3
       4
       5
       0
       8
       3
       5
       7
       2
       6
       5
       1
       4
       4
       5
       9
       4
       4
       7
       4
       7
       5
       8
       7
      11
      11
       7
      14
      18
      28
      36
      33
      45
      56
      64
      78
     114
     112
     159
     179
     206
     191
     183
     244
     279
     281
     276
     279
     275
     245
     203
     227
     187
     177
     125
      91
      66
      36
      24
      25
      10
       5
       3
       4
       3
       1
       2
       0
       0
       0
       1
       1
       0
       5
       1
       5
       1
       1
       0
       4
       0
       1
       4
       2
       3
       3
       4
       2
       2
       2
       3
       2
       4
       2
       5
       2
       3
       3
       1
       1
       1
       3
       1
       4
       2
       6
       3
       1
       1
       3
       2
       1
       2
       2
       2
       3
       1
       1
       0
       3
       1
       1
       2
       2
       2
       2
       5
       0
       1
       5
       4
       2
       3
       0
       3
       0
       2
       2
       1
       3
       2
       1
       3
       3
       0
       5
       4
       1
       1
       1
       1
       4
       1
       1
       2
       2
       1
       0
       1
       3
       0
       0
       2
       2
       2
       1
       3
       0
       3
       3
       2
       1
       1
       3
       0
       1
       2
       3
       2
       2
       2
       1
       1
       0
       1
       2
       2
       1
       2
       0
       1
       2
       3
       0
       5
       3
       2
       0
       5
       3
       1
       1
       1
       2
       1
       0
       0
       2
       5
       0
       0
       5
       1
       1
       1
       1
       2
       2
       4
       1
       1
       0
       2
       2
       1
       2
       2
       1
       1
       1
       0
       0
       0
       0
       2
       3
       2
       4
       1
       3
       5
       2
       1
       2
       0
       1
       3
       4
       4
       3
       1
       3
       4
       1
       1
       2
       3
       3
       0
       1
       3
       3
       4
       4
       2
       2
       0
       1
       0
       0
       4
       1
       2
       1
       1
       0
       2
       1
       1
       1
       1
       1
       0
       2
       1
       0
       3
       1
       2
       1
       1
       2
       1
       2
       1
       1
       1
       2
       1
       2
       0
       2
       4
       0
       1
       3
       0
       1
       2
       1
       1
       3
       5
       1
       1
       1
       1
       6
       1
       0
       2
       0
       2
       1
       0
       2
       0
       1
       0
       0
       1
       2
       1
       0
       1
       3
       2
       2
       0
       1
       2
       0
       1
       2
       1
       2
       1
       0
       1
       1
       0
       1
       0
       1
       1
       3
       0
       2
       2
       1
       2
       2
       3
       0
       2
       1
       0
       0
       2
       1
       2
       0
       1
       2
       1
       2
       1
       3
       1
       2
       3
       1
       1
       2
       2
       3
       2
       1
       1
       2
       0
       1
       2
       4
       0
       3
       0
       1
       1
       1
       0
       0
       2
       5
       4
       3
       4
       1
       3
       0
       1
       1
       0
       2
       2
       0
       3
       2
       1
       1
       2
       1
       0
       2
       5
       0
       1
       2
       1
       0
       2
       2
       0
       1
       0
       0
       1
       1
       0
       1
       4
       1
       3
       2
       2
       2
       0
       2
       2
       2
       2
       4
       0
       3
       1
       1
       1
       0
       0
       2
       1
       1
       3
       0
       0
       1
       0
       0
       1
       0
       3
       3
       2
       1
       1
       2
       0
       1
       2
       1
       0
       4
       0
       0
       1
       0
       0
       4
       1
       2
       2
       0
       1
       3
       1
       3
       1
       1
       1
       1
       0
       0
       2
       1
       1
       1
       1
       0
       2
       0
       1
       1
       1
       1
       5
       0
       0
       1
       0
       1
       1
       1
       0
       2
       3
       4
       3
       1
       3
       2
       0
       3
       2
       2
       2
       2
       2
       1
       0
       2
       1
       0
       0
       1
       1
       1
       0
       1
       1
       2
       0
       2
       1
       1
       3
       1
       2
       4
       4
       1
       2
       1
       2
       0
       0
       0
       0
       1
       0
       4
       0
       0
       1
       0
       3
       0
       1
       0
       1
       0
       2
       1
       1
       1
       3
       1
       2
       1
       3
       1
       2
       0
       1
       0
       2
       0
       0
       1
       0
       0
       1
       0
       1
       1
       1
       3
       1
       2
       0
       0
       0
       1
       1
       0
       0
       1
       0
       3
       1
       0
       2
       1
       4
       0
       1
       2
       0
       1
       4
       3
       0
       1
       2
       2
       0
       0
       2
       1
       3
       0
       2
       0
       0
       1
       0
       2
       1
       3
       2
       1
       1
       1
       0
       4
       0
       1
       1
       0
       0
       0
       3
       2
       3
       0
       4
       2
       2
       2
       0
       1
       1
       1
       1
       1
       0
       2
       0
       4
       0
       1
       2
       3
       1
       0
       1
       2
       1
       1
       4
       0
       2
       0
       2
       2
       3
       2
       1
       3
       4
       0
       1
       0
       0
       1
       1
       0
       0
       1
       2
       2
       1
       1
       0
       0
       1
       0
       1
       3
       1
       1
       2
       1
       0
       3
       1
       0
       0
       1
       3
       1
       1
       0
       0
       2
       3
       2
       0
       3
       0
       0
       2
       3
       0
       1
       2
       3
       0
       1
       0
       0
       1
       0
       0
       2
       2
       0
       1
       1
       0
       1
       1
       2
       2
       4
       1
       1
       2
       1
       0
       2
       0
       1
       2
       2
       2
       1
       0
       0
       0
       0
       2
       0
       2
       1
       0
       0
       2
       3
       1
       2
       2
       0
       0
       1
       1
       1
       0
       0
       2
       1
       0
       0
       1
       2
       0
       0
       3
       1
       1
       0
       2
       0
       2
       4
       0
       2
       1
       4
       0
       1
       0
       1
       0
       1
       2
       1
       1
       1
       1
       3
       0
       2
       0
       1
       1
       1
       1
       1
       0
       0
       3
       2
       2
       1
       2
       1
       0
       0
       3
       0
       0
       0
       1
       0
       2
       0
       3
       0
       1
       2
       0
       0
       1
       2
       1
       0
       1
       2
       2
       2
       2
       1
       2
       0
       1
       2
       2
       1
       0
       0
       1
       0
       2
       3
       1
       2
       2
       0
       3
       2
       0
       0
       3
       2
       1
       3
       4
       1
       2
       2
       0
       0
       1
       1
       3
       0
       1
       3
       4
       0
       0
       1
       4
       0
       0
       0
       0
       1
       3
       2
       1
       0
       2
       2
       1
       3
       0
       0
       1
       2
       1
       0
       0
       3
       0
       0
       3
       2
       1
       0
       1
       0
       1
       0
       2
       1
       2
       2
       2
       1
       1
       0
       1
       2
       0
       0
       2
       0
       3
       1
       0
       0
       0
       0
       1
       2
       2
       0
       1
       1
       0
       0
       2
       3
       0
       2
       2
       1
       1
       1
       0
       0
       0
       2
       2
       0
       0
       1
       0
       2
       1
       2
       0
       2
       4
       1
       1
       2
       0
       2
       0
       2
       2
       2
       1
       0
       0
       0
       1
       1
       1
       2
       0
       1
       0
       0
       1
       2
       0
       2
       1
       1
       1
       2
       1
       1
       2
       2
       3
       1
       2
       1
       1
       1
       1
       0
       1
       1
       0
       1
       0
       1
       1
       0
       0
       3
       1
       3
       2
       0
       3
       0
       1
       1
       1
       0
       1
       1
       0
       1
       1
       3
       3
       0
       0
       0
       2
       2
       2
       1
       1
       1
       0
       3
       2
       0
       1
       1
       1
       2
       3
       3
       1
       0
       1
       1
       1
       1
       2
       1
       1
       2
       3
       2
       0
       1
       3
       3
       1
       2
       1
       1
       1
       0
       2
       2
       1
       0
       1
       2
       3
       0
       3
       1
       0
       2
       2
       2
       2
       1
       3
       2
       3
       3
       2
       7
       8
       2
      10
      10
      13
      12
       6
      13
      19
      14
      14
      25
      28
      25
      23
      21
      37
      29
      33
      18
      27
      24
      29
      21
      17
      15
       9
       4
       7
       7
       3
       4
       1
       1
       0
       0
       4
       2
       4
       4
       2
       2
       0
       2
       3
       2
       0
       1
       0
       0
       1
       0
       1
       0
       1
       0
       1
       0
       2
       1
       0
       2
       2
       2
       1
       1
       2
       1
       0
       0
       0
       1
       1
       0
       0
       4
       1
       0
       2
       0
       2
       0
       0
       2
       0
       1
       1
       1
       3
       0
       1
       1
       4
       1
       0
       1
       2
       0
       0
       0
       0
       1
       1
       0
       0
       1
       2
       1
       2
       1
       3
       0
       1
       0
       1
       1
       2
       2
       4
       2
       1
       1
       1
       0
       3
       2
       2
       2
       4
       0
       1
       0
       2
       2
       0
       2
       1
       2
       2
       4
       3
       0
       2
       0
       0
       3
       2
       0
       1
       0
       1
       0
       2
       3
       2
       1
       4
       1
       1
       2
       1
       0
       1
       0
       1
       1
       3
       1
       0
       4
       2
       1
       2
       1
       0
       1
       1
       0
       2
       0
       0
       2
       2
       1
       0
       0
       1
       0
       0
       1
       0
       1
       0
       2
       1
       0
       0
       1
       0
       0
       0
       0
       0
       1
       0
       1
       2
       5
       0
       1
       1
       0
       2
       1
       2
       1
       2
       2
       0
       0
       0
       3
       2
       1
       1
       3
       2
       1
       1
       0
       1
       0
       3
       2
       1
       0
       2
       0
       1
       0
       1
       1
       0
       3
       2
       2
       1
       3
       0
       2
       0
       2
       1
       0
       0
       0
       1
       1
       3
       1
       2
       1
       0
       0
       0
       0
       0
       1
       2
       2
       1
       0
       1
       0
       1
       0
       2
       0
       2
       2
       2
       0
       1
       0
       0
       0
       0
       1
       0
       0
       0
       0
       0
       2
       1
       0
       4
       0
       0
       0
       1
       1
       0
       1
       0
       1
       1
       0
       1
       1
       0
       3
       2
       1
       3
       1
       1
       0
       2
       1
       1
       0
       0
       1
       2
       2
       0
       3
       0
       3
       0
       0
       0
       0
       0
       0
       2
       0
       1
       0
       1
       1
       0
       1
       0
       2
       1
       1
       1
       1
       2
       2
       2
       0
       0
       0
       0
       0
       0
       0
       0
       0
       0
       0
       0
       0
       0
       0
       0
       0
       0
       0
       0
       0
       0
       0
       0
       0
       0
       0
       0
       0
       0
       0
       0
       0
       0
       0
       0
       0
       0
       0
       0
       0
       0
       0
       0
       0
       0
       0
       0
       0
       0
       0
       0
       0
       0
       0
       0
       0
       0
       0
       0
       0
       0
       0
       0
       0
       0
       0
       0
       0
       0
       0
       0
       0
       0
       0
       0
       0
       0
       0
       0
       0
       0
       0
       0
       0
       0
       0
       0
       0
       0
       0
       0
       0
       0
       0
       0
       0
       0
       0
       0
       0
       0
       0
       0
       0
       0
       0
       0
       0
       0
       0
       0
       0
       0
       0
       0
       0
       0
       0
       0
       0
       0
       0
       0
       0
       0
       0
       0
$ROI:
1
4146 4168
$PRESETS:
Live Time
600
0
$ENER_FIT:
-1.504534 0.196418
$MCA_CAL:
3
-1.504534E+000 1.964177E-001 -1.544040E-007 keV
$SHAPE_CAL:
3
0.000000E+000 0.000000E+000 0.000000E+000
