$SPEC_ID:
HFNG Beamline
$SPEC_REM:
DET# 2
DETDESC# EasyMCA
AP# Maestro Version 7.01
$DATE_MEA:
06/22/2018 15:58:46
$MEAS_TIM:
600 604
$DATA:
0 8191
       0
       0
       0
       0
       0
       0
       0
       0
       0
       0
       0
       0
       0
       0
       0
       0
       0
       0
       0
       0
       0
       0
       0
       0
       0
       0
       0
       0
       0
       0
       0
       0
       0
       0
       0
       0
       0
       0
       0
       0
       0
       0
       0
       0
       0
       0
       0
       1
      95
     206
     173
     181
     189
     201
     218
     205
     225
     209
     209
     176
     212
     172
     212
     195
     223
     190
     204
     224
     190
     181
     198
     172
     183
     174
     181
     162
     180
     173
     159
     166
     173
     179
     191
     165
     153
     149
     155
     178
     129
     156
     154
     159
     185
     182
     162
     179
     141
     137
     169
     155
     184
     183
     147
     156
     152
     163
     143
     158
     153
     151
     139
     134
     153
     178
     150
     166
     171
     152
     155
     147
     147
     140
     151
     123
     148
     142
     122
     162
     139
     135
     144
     136
     138
     133
     139
     123
     119
     159
     139
     154
     126
     135
     135
     117
     114
     125
     145
     123
     159
     110
     120
     146
     126
     129
     146
     113
     153
     147
     146
     131
     133
     136
     127
     150
     134
     141
     142
     125
     123
     145
     127
     134
     130
     150
     127
     142
     132
     138
     140
     121
     110
     150
     117
     111
     130
     126
     115
     137
     137
     137
     126
     121
     123
     127
     121
     117
     117
     137
     116
     135
     130
     125
     123
     132
     131
     122
     119
     124
      94
     131
     112
     114
     112
     128
     122
     116
     118
     128
     133
     106
     132
     105
     118
     117
     112
     120
     146
     109
     145
     101
     121
     103
     119
     112
     111
     125
     124
     126
     120
     101
     124
     111
     113
     123
     116
     107
     125
     108
     106
      95
     112
     105
     114
      99
     114
     105
     103
     109
     112
     107
     110
     114
     102
     117
      94
     119
     122
      94
     123
     100
     101
     137
     120
     121
     115
     109
     116
     120
     120
     111
     108
      91
     109
      98
     123
     120
     106
     110
     107
     106
      99
     126
      97
     105
     100
      97
     100
     110
     108
     110
     123
     115
      93
     102
     105
     120
     119
     109
     111
      93
     110
     118
     114
     115
     100
     119
     101
     111
      89
     115
     112
      97
     111
     112
     113
     110
     105
     111
     111
     118
     109
     103
     104
     113
      89
     102
     125
     107
     117
     100
     120
     100
      99
      98
     110
     116
      97
     106
      98
     110
     104
     116
      91
     109
     116
     120
     117
     134
     117
      88
      99
     115
     108
     119
     106
     108
     126
     113
     116
     120
     127
     138
     176
     201
     206
     217
     150
     117
     118
     136
     113
     143
     176
     245
     304
     338
     284
     225
     120
     118
     110
     106
      89
     100
      94
      99
      98
      93
     113
     113
     104
      92
      99
     115
      98
      95
     101
      88
      90
     111
     119
     110
     110
      84
     103
     103
     102
      93
      92
     100
      86
     102
      96
     112
     110
     106
     123
     107
     105
     101
     113
     119
     136
     158
     202
     193
     205
     161
     140
     122
     108
     114
     125
     106
     104
     104
     121
     140
     142
     117
     150
     125
     113
      85
     102
     110
      93
      99
     104
     105
     115
     111
      84
     105
      90
     106
     103
      78
      73
      92
     102
     101
     114
      86
      92
      93
     102
      83
      96
     123
      95
      97
      73
      95
      98
      89
     103
      79
     100
      86
      96
     114
     107
     110
     114
      92
      99
      98
      79
      95
      97
     111
      90
      86
      99
     103
      96
      93
     101
      84
      98
      97
      91
     102
     103
     114
     105
      88
     102
     109
      91
      97
      81
      98
     104
     100
      95
      92
      99
      90
      76
     101
     104
     114
      79
      91
     103
     102
      96
     102
      91
     102
      96
     102
      99
     101
      92
      79
      91
      85
      95
     105
      85
     102
     109
     108
      94
     107
     103
      86
      98
      79
     103
     101
      95
     107
     100
      98
     101
     101
     108
      87
      89
     108
      86
     105
      98
      81
      90
     103
     112
      93
     103
      88
      93
      96
     112
     111
      94
     113
      95
      90
      98
     127
      97
      96
      99
      97
     109
     104
      82
      92
      95
      83
     107
      95
      99
      92
     104
      98
      91
     100
      98
      97
      92
     116
     115
     100
     102
      91
     101
      83
      91
     107
     124
     119
     105
     101
      94
     100
     100
     111
      98
      78
      98
     109
      95
     105
     119
     100
     117
     107
     107
     110
     126
     100
      93
     101
     102
     102
      80
     106
      91
      98
      92
     115
      94
     109
     108
     105
     113
     114
     108
      92
     107
      99
      98
      98
      89
     102
     103
      98
      97
     106
     126
     102
      99
      87
      94
      98
      86
     102
     109
      70
     101
     114
     107
     106
     101
     103
     101
     108
     112
      99
     113
     111
     112
     122
     112
      92
     111
     123
     107
     126
      97
     142
     165
     257
     379
     552
     614
     572
     440
     260
     150
      90
     102
     107
     120
     110
     110
     105
     110
     120
     106
      99
     101
      92
     107
     102
      96
     126
     128
     117
     103
     103
     102
     116
     118
     108
     104
      96
     109
      92
     103
     106
      96
     104
     110
     107
      96
     104
     101
     118
     124
     110
     110
      92
     127
     101
     108
     113
     138
     123
     104
     103
     126
     121
     126
     120
     125
     121
     127
     115
     114
     114
     115
     125
     118
     145
     136
     114
     112
     103
     129
     135
     114
     110
     112
     108
     105
     122
     119
     107
     118
     107
     120
     110
     110
     124
     113
     109
     122
     116
     107
     103
     107
     112
      96
     129
     103
     108
     109
     112
     108
     135
     105
     122
     131
     124
     113
     112
      96
      97
     119
     130
     107
     122
     119
     118
     104
     143
     117
     107
     125
     123
     121
     113
     111
     110
     113
     125
     120
     132
     108
     104
      94
     116
     120
     121
     129
     123
     112
     121
     128
     137
     116
     121
     119
     123
     108
     108
     113
     123
     112
     119
     119
     122
     130
     141
     126
     114
     146
     122
     102
     103
     103
     140
     115
      99
     123
     112
      87
     133
     109
     116
     112
     109
     105
     107
     117
      99
     114
     115
     136
     106
     119
     123
     116
     109
     122
     110
     129
     110
     107
     120
     119
     114
     100
     120
     119
     120
     114
     112
     110
     121
     117
     121
     114
     112
      98
     114
     109
     109
     119
     129
     122
     107
     126
     121
     102
     108
     116
     114
     111
     117
     121
     108
     116
     109
      98
     116
     122
     128
     110
     117
     127
     120
     124
     111
     119
     108
     117
     144
     111
     121
      97
     136
     117
     105
     101
     112
     114
     104
     110
     125
     125
     106
     123
     117
      88
     111
     111
     118
      97
     102
     125
     104
     106
     119
     110
     103
     112
     115
      93
      98
     101
     109
     111
      89
      78
     104
     116
     110
      98
     115
     102
      97
      83
     113
      95
     113
     115
     100
     104
      92
     100
     122
      93
      98
     109
      98
      89
      90
      94
      84
      97
     108
      93
      95
      95
      84
     105
     101
      99
     103
     106
     104
      98
      88
     100
      96
     108
      87
      99
      98
      95
      91
     102
     100
      93
     106
      97
     105
     100
      97
     102
      85
     112
      77
     102
     112
     105
     103
     125
      93
     101
     100
     104
     106
      84
     100
     108
     101
      94
      88
     108
     107
     106
      94
      86
      99
      99
      99
      91
     114
     119
      86
     112
     102
      83
      99
     109
      99
     112
     108
     115
     103
      84
      93
      97
     107
      79
     113
      94
     119
      99
      90
     111
     103
     108
     100
     118
     126
     106
     105
      85
     110
      96
      90
      95
      89
     106
      97
     104
     107
      97
      87
     101
      91
     108
      85
      92
     107
     117
     117
     111
     106
     107
     123
     110
     105
     103
     111
     104
     106
      96
      95
      88
      88
     102
     109
      96
     109
     109
     111
     117
      99
      91
      98
      85
     100
     100
     108
     111
      74
     133
     101
     137
     107
      94
     122
     106
     102
     110
     117
      95
     109
      99
      93
      94
     111
     107
     102
     103
     109
      98
     106
      95
     106
      82
     112
      96
     100
      94
     101
     118
     103
      95
     100
      99
      83
      97
      98
      98
     101
      76
      92
      93
     125
      73
      91
     110
     108
      84
      93
      88
      85
     116
     108
      86
     102
      85
     105
      84
      94
      93
      83
     104
      83
     100
     106
     107
     110
      89
      82
     108
      74
      87
      87
     107
     116
     109
     101
     103
     103
     100
      83
      86
     100
      92
      93
      91
      95
     113
      70
      85
     110
      70
      76
     106
      73
      83
      92
      78
     104
      94
      90
     100
      81
      87
     113
     108
      91
      96
      90
      96
     100
      96
      85
      84
      80
     111
      82
      92
     108
      85
      96
      82
     102
      86
      87
      88
      79
      82
      92
      96
      78
      87
      61
      74
      92
      77
      63
      87
      96
     107
      89
      84
      84
      82
      78
      79
      84
      87
      78
      87
      85
      81
      84
      82
      74
      84
      85
      96
      64
      82
      69
      76
     108
      87
      89
      85
      77
      85
      54
      93
      86
      79
      74
      74
      95
      87
      67
      74
      76
      86
      75
      79
      76
      92
      75
      89
      70
      82
      74
      82
      78
      80
      90
      95
      80
      92
      70
      74
      78
      74
      62
      81
      59
      63
      82
      83
      68
      62
      69
      75
      51
      80
      86
      63
      71
      58
      68
      67
      56
      86
      68
      63
      60
      73
      83
      63
      83
      61
      59
      79
      59
      77
      57
      60
      85
      77
      74
      64
      79
      88
      63
      70
      78
      47
      70
      67
      72
      64
      54
      52
      70
      61
      56
      57
      72
      80
      78
      59
      73
      72
      61
      67
      62
      68
      58
      72
      81
      81
      66
      82
      95
      70
      91
      56
      81
      77
      50
      71
      72
      70
      71
      58
      82
      60
      55
      62
      61
      62
      66
      55
      63
      68
      64
      68
      66
      49
      73
      69
      65
      58
      64
      55
      48
      73
      58
      69
      73
      71
      61
      67
      63
      55
      54
      61
      39
      60
      64
      71
      66
      63
      58
      54
      55
      61
      63
      63
      67
      51
      56
      64
      67
      54
      48
      62
      62
      60
      60
      66
      68
      58
      54
      64
      49
      61
      56
      79
      55
      65
      67
      53
      54
      48
      57
      61
      55
      47
      72
      50
      59
      57
      62
      57
      68
      65
      67
      71
      64
      56
      63
      66
      67
      38
      60
      57
      61
      58
      73
      65
      50
      54
      61
      67
      52
      60
      56
      54
      49
      70
      52
      49
      61
      64
      63
      53
      53
      44
      60
      48
      44
      58
      59
      62
      77
      70
      62
      58
      60
      60
      59
      65
      51
      70
      50
      62
      51
      55
      53
      47
      65
      56
      64
      48
      59
      49
      55
      59
      64
      47
      70
      62
      46
      52
      49
      56
      59
      62
      48
      50
      56
      48
      59
      63
      54
      46
      61
      54
      42
      43
      53
      42
      49
      50
      39
      53
      57
      56
      59
      57
      40
      61
      45
      43
      49
      47
      46
      46
      53
      57
      48
      62
      56
      49
      43
      65
      58
      39
      52
      55
      51
      45
      60
      45
      58
      64
      44
      46
      44
      43
      58
      42
      60
      52
      58
      49
      53
      49
      45
      47
      49
      44
      44
      50
      55
      40
      51
      57
      80
      47
      41
      58
      52
      38
      54
      50
      41
      49
      57
      53
      55
      56
      57
      53
      47
      44
      55
      52
      59
      55
      44
      44
      47
      38
      56
      40
      44
      51
      45
      43
      47
      50
      40
      54
      51
      47
      53
      47
      54
      50
      59
      63
      59
      62
      55
      66
      61
      75
      66
      71
      75
      89
     101
     149
     265
     451
     672
    1025
    1433
    1673
    1760
    1522
    1221
     922
     517
     288
     124
      72
      51
      56
      51
      43
      32
      43
      42
      54
      42
      45
      35
      46
      43
      40
      32
      49
      45
      40
      47
      44
      50
      47
      40
      42
      43
      53
      38
      32
      41
      50
      34
      51
      37
      46
      35
      51
      39
      36
      42
      43
      40
      41
      45
      41
      41
      47
      34
      36
      38
      38
      51
      36
      39
      41
      37
      52
      34
      33
      46
      46
      41
      33
      36
      40
      36
      37
      42
      42
      36
      38
      38
      49
      52
      37
      45
      41
      50
      36
      42
      42
      49
      29
      40
      46
      46
      39
      53
      59
      84
      82
      72
      71
      59
      91
      68
      55
      40
      42
      30
      45
      49
      38
      37
      38
      29
      42
      41
      38
      41
      33
      43
      43
      34
      42
      39
      32
      39
      43
      37
      31
      39
      42
      36
      40
      31
      36
      33
      45
      36
      35
      26
      35
      29
      43
      39
      40
      34
      34
      47
      33
      30
      36
      47
      35
      34
      35
      42
      38
      35
      48
      36
      34
      31
      28
      47
      43
      30
      41
      32
      38
      45
      42
      41
      28
      44
      45
      42
      30
      41
      42
      44
      37
      38
      43
      41
      50
      37
      39
      32
      46
      34
      37
      37
      33
      44
      43
      36
      35
      40
      40
      33
      34
      48
      27
      45
      44
      47
      42
      36
      35
      39
      38
      31
      34
      39
      38
      25
      38
      51
      32
      41
      44
      41
      27
      44
      26
      36
      39
      40
      32
      40
      29
      36
      38
      32
      49
      42
      44
      27
      36
      30
      40
      39
      39
      44
      38
      50
      43
      41
      41
      42
      41
      34
      37
      28
      33
      40
      43
      42
      28
      36
      31
      27
      41
      30
      35
      35
      37
      44
      35
      34
      41
      43
      33
      44
      30
      24
      42
      41
      60
      67
      65
      70
     127
     151
     162
     173
     153
     170
     100
      68
      59
      51
      41
      39
      38
      34
      41
      38
      45
      40
      34
      43
      33
      28
      33
      36
      24
      46
      33
      23
      33
      23
      27
      39
      37
      46
      37
      35
      38
      21
      29
      41
      36
      40
      33
      29
      38
      39
      32
      33
      40
      40
      35
      42
      31
      33
      37
      31
      34
      42
      35
      41
      37
      34
      24
      35
      36
      30
      28
      24
      32
      35
      27
      34
      34
      28
      45
      35
      43
      26
      29
      42
      34
      45
      43
      29
      33
      31
      32
      28
      41
      32
      40
      26
      39
      44
      32
      40
      37
      35
      42
      36
      41
      37
      37
      34
      35
      31
      32
      25
      41
      32
      38
      43
      33
      36
      41
      42
      39
      40
      46
      47
      57
      55
      79
      69
     103
     165
     209
     332
     506
     778
     952
    1246
    1237
    1271
    1048
     808
     539
     329
     180
      90
      58
      36
      24
      30
      30
      31
      31
      35
      32
      21
      36
      37
      36
      31
      40
      34
      41
      35
      30
      23
      33
      37
      40
      39
      41
      33
      22
      29
      31
      30
      27
      29
      37
      35
      26
      23
      32
      32
      25
      31
      32
      24
      26
      28
      24
      36
      23
      25
      34
      28
      34
      34
      37
      25
      39
      35
      30
      24
      23
      22
      31
      31
      20
      40
      24
      29
      28
      29
      17
      40
      23
      27
      31
      35
      26
      36
      35
      40
      31
      36
      37
      25
      31
      25
      44
      24
      29
      27
      21
      30
      37
      28
      25
      30
      33
      27
      22
      29
      31
      24
      26
      23
      26
      33
      27
      27
      29
      35
      27
      39
      30
      28
      22
      32
      33
      30
      29
      26
      30
      25
      31
      22
      24
      42
      39
      33
      28
      28
      29
      29
      26
      32
      37
      28
      27
      34
      37
      15
      21
      33
      37
      35
      27
      27
      29
      24
      29
      25
      28
      28
      34
      28
      23
      26
      29
      27
      25
      27
      22
      20
      36
      28
      34
      26
      27
      24
      31
      34
      23
      27
      32
      22
      35
      25
      26
      35
      27
      19
      25
      33
      23
      35
      23
      32
      28
      27
      30
      27
      25
      39
      30
      26
      21
      27
      29
      24
      25
      22
      29
      30
      26
      28
      17
      30
      32
      14
      26
      35
      38
      33
      27
      25
      27
      27
      25
      36
      29
      34
      34
      29
      26
      27
      31
      44
      51
      23
      61
      55
      53
      52
      58
      47
      36
      42
      31
      27
      30
      30
      21
      32
      33
      35
      26
      24
      27
      35
      26
      37
      37
      21
      29
      26
      28
      35
      26
      35
      20
      32
      26
      28
      30
      24
      20
      34
      37
      27
      34
      27
      25
      39
      34
      30
      32
      28
      20
      23
      26
      34
      20
      29
      21
      30
      21
      31
      21
      29
      34
      36
      26
      28
      34
      28
      33
      39
      27
      29
      23
      30
      26
      26
      35
      28
      22
      27
      29
      30
      23
      35
      35
      26
      33
      47
      29
      30
      20
      26
      35
      22
      30
      23
      36
      28
      31
      33
      37
      19
      40
      27
      21
      43
      34
      36
      20
      19
      20
      29
      32
      28
      30
      20
      26
      30
      25
      31
      20
      32
      26
      31
      30
      22
      30
      30
      30
      29
      23
      24
      31
      21
      34
      23
      30
      23
      27
      24
      22
      30
      36
      23
      28
      26
      32
      34
      19
      34
      19
      30
      21
      27
      22
      26
      23
      33
      37
      31
      26
      29
      25
      32
      27
      31
      26
      32
      26
      26
      16
      24
      26
      28
      30
      24
      25
      41
      25
      29
      27
      20
      18
      32
      25
      28
      22
      22
      20
      24
      30
      28
      26
      13
      27
      25
      34
      30
      15
      34
      31
      27
      29
      26
      35
      37
      22
      21
      23
      22
      24
      27
      24
      21
      25
      20
      34
      23
      26
      25
      24
      23
      30
      29
      17
      22
      28
      29
      22
      32
      31
      33
      28
      19
      23
      22
      33
      28
      25
      29
      28
      36
      36
      50
      35
      40
      46
      39
      42
      45
      47
      44
      45
      39
      54
      38
      48
      36
      31
      43
      33
      22
      36
      26
      31
      24
      24
      28
      26
      29
      19
      26
      28
      26
      31
      38
      28
      18
      24
      38
      28
      25
      27
      28
      18
      25
      24
      29
      31
      28
      29
      28
      30
      32
      25
      33
      28
      27
      33
      20
      26
      24
      23
      40
      25
      36
      25
      38
      25
      34
      31
      34
      26
      22
      21
      23
      30
      31
      23
      26
      21
      20
      26
      26
      30
      33
      22
      26
      19
      30
      24
      31
      25
      20
      17
      26
      22
      28
      19
      34
      23
      25
      31
      31
      32
      26
      23
      20
      29
      26
      21
      24
      27
      18
      27
      29
      30
      24
      26
      17
      22
      26
      30
      32
      22
      30
      24
      24
      29
      13
      34
      23
      19
      20
      27
      26
      28
      28
      26
      35
      20
      35
      26
      27
      29
      28
      22
      32
      28
      27
      25
      31
      20
      30
      19
      34
      27
      20
      17
      21
      30
      24
      30
      23
      39
      25
      28
      24
      25
      26
      29
      25
      15
      22
      21
      24
      37
      33
      26
      23
      23
      23
      25
      24
      40
      29
      29
      26
      32
      24
      28
      35
      28
      34
      24
      29
      20
      29
      30
      31
      41
      18
      30
      29
      25
      22
      21
      27
      32
      37
      22
      26
      27
      25
      24
      37
      29
      28
      17
      15
      21
      29
      27
      41
      30
      33
      25
      31
      27
      23
      32
      28
      26
      28
      25
      33
      20
      24
      29
      29
      26
      32
      28
      19
      22
      31
      21
      26
      23
      36
      35
      24
      26
      26
      27
      28
      21
      24
      37
      31
      18
      33
      24
      28
      25
      24
      25
      24
      28
      25
      19
      24
      32
      30
      25
      24
      23
      19
      34
      27
      22
      34
      30
      25
      26
      20
      26
      26
      26
      23
      19
      31
      27
      21
      30
      32
      23
      34
      26
      35
      24
      32
      23
      22
      23
      35
      32
      16
      26
      28
      24
      30
      27
      34
      23
      28
      28
      32
      25
      15
      20
      23
      24
      24
      25
      15
      30
      22
      21
      23
      36
      23
      22
      26
      29
      28
      19
      25
      28
      34
      30
      27
      33
      31
      25
      24
      30
      25
      21
      28
      39
      28
      22
      19
      34
      30
      26
      25
      24
      20
      26
      24
      33
      25
      17
      29
      29
      28
      25
      27
      27
      20
      29
      26
      32
      23
      34
      25
      33
      29
      35
      25
      35
      19
      20
      26
      29
      27
      25
      32
      19
      28
      26
      21
      29
      23
      27
      26
      29
      32
      24
      34
      33
      26
      28
      20
      21
      22
      28
      38
      33
      28
      32
      30
      22
      26
      29
      28
      26
      27
      20
      29
      23
      20
      20
      24
      31
      22
      29
      25
      27
      23
      25
      28
      24
      27
      19
      33
      38
      33
      34
      36
      21
      23
      30
      27
      21
      26
      32
      21
      29
      27
      30
      24
      26
      30
      29
      25
      20
      28
      24
      29
      29
      35
      28
      28
      27
      22
      23
      19
      33
      41
      32
      14
      21
      29
      21
      34
      26
      27
      32
      29
      16
      26
      30
      33
      22
      25
      33
      31
      33
      19
      24
      30
      29
      24
      38
      28
      22
      27
      20
      18
      25
      21
      28
      29
      31
      36
      22
      24
      27
      24
      32
      25
      27
      30
      30
      30
      23
      25
      37
      22
      37
      31
      24
      24
      27
      21
      21
      26
      30
      27
      32
      25
      22
      30
      30
      28
      32
      29
      22
      27
      32
      30
      28
      22
      25
      24
      24
      22
      25
      20
      31
      29
      25
      21
      34
      19
      36
      27
      26
      21
      26
      21
      28
      30
      23
      29
      24
      33
      32
      33
      27
      26
      29
      30
      35
      18
      25
      29
      24
      25
      25
      27
      19
      27
      31
      29
      24
      17
      28
      20
      22
      26
      30
      40
      16
      20
      32
      35
      25
      22
      27
      21
      25
      23
      26
      33
      24
      23
      26
      27
      20
      21
      28
      30
      21
      29
      30
      22
      21
      27
      19
      20
      30
      22
      27
      32
      25
      23
      25
      21
      22
      29
      29
      26
      23
      23
      20
      22
      25
      28
      19
      25
      19
      31
      19
      26
      31
      16
      16
      21
      31
      27
      18
      21
      17
      33
      26
      34
      18
      16
      29
      29
      28
      35
      23
      34
      21
      21
      28
      20
      24
      16
      25
      25
      17
      21
      25
      22
      20
      33
      26
      20
      30
      29
      31
      29
      28
      21
      35
      24
      31
      28
      20
      28
      24
      24
      14
      27
      23
      25
      29
      33
      24
      23
      30
      26
      35
      33
      40
      25
      18
      18
      26
      31
      29
      20
      30
      20
      24
      22
      30
      24
      19
      25
      27
      16
      34
      30
      18
      16
      21
      17
      30
      29
      25
      28
      28
      32
      26
      27
      18
      26
      14
      20
      37
      32
      32
      26
      24
      25
      28
      31
      31
      21
      28
      24
      24
      24
      18
      30
      25
      18
      14
      19
      24
      29
      27
      19
      31
      17
      29
      23
      19
      29
      27
      23
      24
      24
      21
      17
      28
      25
      23
      23
      21
      22
      16
      37
      25
      20
      22
      24
      26
      30
      37
      18
      32
      31
      22
      23
      26
      20
      16
      25
      17
      28
      24
      30
      18
      21
      22
      20
      23
      22
      30
      24
      25
      24
      28
      24
      24
      27
      24
      25
      21
      30
      19
      21
      23
      25
      27
      19
      21
      25
      12
      26
      23
      24
      17
      29
      34
      20
      19
      25
      18
      29
      19
      28
      30
      22
      34
      25
      17
      15
      22
      25
      23
      17
      28
      28
      34
      33
      18
      18
      27
      26
      22
      30
      20
      22
      18
      26
      22
      23
      29
      27
      29
      26
      24
      23
      26
      24
      26
      23
      23
      24
      26
      23
      26
      22
      22
      26
      21
      29
      19
      21
      22
      28
      23
      25
      18
      20
      22
      26
      17
      24
      27
      28
      26
      29
      26
      25
      19
      23
      32
      27
      23
      29
      28
      22
      22
      23
      28
      18
      19
      21
      24
      38
      18
      36
      23
      24
      25
      24
      22
      23
      27
      19
      28
      19
      18
      16
      25
      26
      22
      26
      20
      32
      18
      17
      23
      23
      30
      30
      31
      28
      20
      23
      24
      33
      28
      27
      23
      32
      30
      21
      30
      32
      21
      27
      27
      23
      23
      23
      21
      18
      19
      26
      18
      21
      25
      36
      27
      26
      15
      21
      20
      23
      21
      17
      16
      27
      24
      22
      24
      26
      27
      27
      23
      19
      24
      32
      19
      22
      18
      30
      21
      31
      24
      37
      23
      32
      25
      26
      26
      34
      22
      19
      35
      19
      28
      22
      26
      18
      21
      17
      27
      20
      23
      28
      20
      28
      30
      27
      28
      27
      24
      19
      29
      24
      17
      28
      34
      34
      24
      30
      24
      23
      27
      26
      17
      30
      20
      31
      20
      24
      21
      22
      28
      24
      20
      26
      22
      21
      22
      20
      30
      18
      27
      16
      18
      20
      16
      32
      23
      22
      32
      19
      26
      17
      21
      24
      20
      26
      21
      29
      24
      21
      29
      19
      27
      23
      34
      27
      24
      25
      20
      23
      29
      22
      15
      27
      29
      27
      30
      24
      16
      25
      16
      24
      23
      25
      30
      18
      21
      30
      20
      13
      21
      36
      25
      25
      31
      19
      28
      25
      16
      37
      33
      20
      21
      32
      22
      28
      27
      20
      28
      21
      18
      22
      28
      15
      25
      30
      20
      34
      20
      28
      30
      23
      19
      19
      22
      29
      22
      22
      17
      26
      18
      29
      27
      31
      21
      22
      22
      29
      25
      25
      26
      16
      18
      19
      30
      26
      19
      28
      19
      22
      29
      17
      23
      33
      22
      21
      27
      24
      24
      27
      18
      27
      26
      21
      22
      28
      31
      35
      24
      19
      29
      32
      22
      18
      33
      30
      24
      26
      25
      18
      23
      25
      20
      21
      23
      17
      27
      20
      24
      18
      25
      21
      25
      28
      24
      26
      24
      19
      27
      25
      25
      25
      18
      30
      22
      29
      26
      33
      21
      23
      23
      26
      31
      23
      18
      15
      19
      29
      24
      29
      23
      32
      28
      21
      25
      33
      25
      27
      25
      34
      42
      24
      26
      24
      26
      25
      19
      24
      27
      35
      27
      23
      21
      28
      23
      21
      37
      23
      20
      29
      32
      31
      30
      25
      21
      21
      24
      24
      37
      22
      25
      32
      23
      21
      23
      18
      22
      31
      27
      21
      22
      21
      27
      26
      32
      22
      23
      24
      21
      27
      30
      34
      17
      37
      27
      24
      26
      22
      20
      26
      24
      32
      32
      23
      24
      22
      21
      25
      35
      30
      27
      24
      20
      36
      19
      26
      27
      21
      26
      24
      22
      28
      21
      25
      29
      27
      21
      26
      33
      20
      18
      26
      20
      18
      29
      29
      32
      31
      27
      30
      23
      22
      21
      20
      26
      29
      19
      17
      18
      32
      29
      33
      20
      28
      21
      26
      27
      28
      28
      24
      22
      25
      27
      37
      33
      35
      43
      32
      21
      28
      39
      27
      34
      20
      23
      29
      41
      16
      30
      29
      22
      24
      34
      33
      26
      30
      25
      25
      31
      28
      24
      34
      30
      26
      21
      31
      27
      28
      27
      26
      20
      25
      29
      24
      40
      24
      26
      26
      20
      27
      19
      20
      23
      25
      28
      21
      27
      29
      22
      27
      28
      27
      31
      36
      27
      30
      22
      25
      26
      24
      22
      34
      28
      29
      26
      22
      31
      27
      27
      23
      30
      18
      24
      29
      28
      31
      27
      25
      30
      28
      23
      39
      21
      25
      27
      29
      33
      23
      37
      22
      26
      28
      34
      20
      41
      22
      19
      30
      19
      40
      30
      38
      23
      25
      28
      22
      17
      22
      23
      30
      28
      29
      29
      30
      31
      31
      31
      29
      31
      24
      25
      34
      35
      27
      19
      16
      24
      23
      28
      21
      33
      29
      30
      26
      27
      35
      31
      29
      25
      29
      23
      23
      28
      25
      21
      35
      26
      23
      30
      18
      33
      25
      22
      35
      35
      22
      18
      27
      28
      25
      33
      38
      31
      21
      28
      28
      28
      28
      25
      30
      21
      39
      37
      27
      29
      25
      28
      36
      34
      38
      40
      27
      47
      41
      44
      38
      51
      44
      59
      72
      94
      95
     137
     138
     147
     160
     182
     201
     193
     186
     171
     149
     118
     102
      59
      65
      39
      40
      42
      32
      31
      25
      27
      27
      33
      28
      33
      26
      27
      27
      19
      32
      24
      29
      23
      26
      34
      26
      36
      31
      27
      17
      29
      27
      17
      25
      26
      26
      38
      30
      26
      26
      20
      32
      48
      28
      22
      33
      31
      13
      20
      34
      32
      30
      31
      29
      31
      32
      29
      23
      31
      25
      27
      33
      24
      36
      30
      24
      38
      30
      19
      33
      26
      32
      20
      23
      33
      30
      24
      36
      17
      21
      35
      26
      32
      33
      22
      22
      32
      32
      28
      27
      33
      28
      33
      41
      26
      32
      28
      27
      42
      29
      26
      31
      22
      32
      14
      35
      38
      31
      23
      29
      23
      28
      45
      23
      26
      35
      31
      33
      21
      31
      31
      27
      36
      31
      33
      25
      33
      33
      38
      30
      39
      41
      29
      31
      42
      33
      42
      23
      31
      27
      39
      41
      32
      41
      31
      32
      32
      30
      45
      31
      35
      29
      28
      27
      40
      37
      32
      35
      29
      23
      22
      27
      35
      34
      33
      29
      31
      28
      21
      38
      33
      38
      34
      34
      33
      32
      32
      37
      23
      31
      30
      33
      34
      23
      38
      28
      25
      27
      35
      42
      37
      35
      25
      31
      23
      34
      21
      37
      29
      35
      30
      40
      28
      26
      33
      30
      28
      29
      31
      34
      27
      30
      36
      36
      39
      37
      36
      26
      30
      24
      25
      30
      31
      25
      31
      36
      20
      33
      26
      41
      22
      28
      30
      34
      27
      31
      39
      40
      41
      33
      30
      34
      23
      40
      27
      28
      17
      35
      36
      36
      32
      28
      40
      25
      41
      28
      33
      26
      26
      35
      38
      24
      34
      29
      37
      23
      33
      30
      28
      35
      33
      26
      26
      34
      29
      31
      26
      31
      24
      32
      31
      40
      34
      42
      33
      35
      23
      34
      47
      30
      36
      29
      40
      26
      37
      36
      33
      33
      31
      32
      40
      27
      42
      35
      30
      40
      37
      30
      26
      32
      28
      26
      38
      42
      40
      31
      27
      36
      36
      26
      29
      35
      31
      43
      41
      33
      35
      36
      23
      35
      26
      34
      31
      36
      30
      37
      29
      31
      36
      26
      33
      34
      41
      29
      34
      27
      34
      33
      30
      31
      33
      31
      23
      28
      30
      30
      26
      34
      31
      26
      25
      39
      34
      29
      32
      29
      36
      34
      33
      30
      28
      30
      36
      25
      22
      36
      23
      25
      38
      28
      35
      32
      35
      19
      32
      25
      23
      32
      27
      31
      18
      33
      21
      27
      35
      17
      28
      24
      35
      30
      34
      30
      24
      27
      19
      36
      26
      19
      17
      32
      21
      25
      22
      22
      22
      24
      29
      30
      25
      18
      14
      28
      32
      28
      17
      26
      25
      23
      14
      25
      30
      32
      26
      23
      23
      30
      32
      27
      30
      18
      18
      28
      23
      23
      25
      28
      26
      19
      29
      24
      21
      18
      23
      24
      25
      22
      22
      20
      26
      33
      23
      33
      26
      33
      20
      21
      29
      25
      22
      28
      29
      20
      22
      19
      33
      23
      27
      36
      27
      31
      27
      18
      29
      20
      17
      33
      25
      24
      31
      19
      13
      24
      26
      27
      23
      19
      16
      24
      17
      32
      34
      15
      15
      21
      21
      18
      20
      17
      20
      41
      35
      19
      20
      21
      34
      20
      18
      22
      33
      20
      23
      20
      22
      26
      17
      22
      20
      17
      33
      21
      21
      16
      24
      21
      30
      17
      25
      24
      23
      30
      18
      21
      23
      19
      33
      29
      22
      25
      27
      19
      26
      22
      27
      24
      19
      19
      24
      33
      26
      25
      12
      23
      15
      16
      22
      30
      32
      27
      13
      26
      20
      29
      17
      39
      25
      21
      19
      32
      18
      38
      31
      24
      23
      22
      27
      23
      21
      26
      26
      19
      30
      15
      20
      21
      26
      23
      23
      20
      19
      22
      28
      28
      25
      27
      16
      13
      21
      27
      18
      22
      17
      22
      20
      19
      28
      21
      17
      32
      27
      25
      28
      20
      31
      25
      25
      18
      22
      21
      23
      33
      21
      23
      28
      20
      27
      20
      19
      15
      30
      23
      29
      16
      24
      15
      18
      33
      14
      23
      32
      25
      29
      20
      21
      26
      30
      31
      25
      26
      17
      30
      17
      16
      34
      14
      20
      14
      22
      27
      21
      33
      20
      18
      16
      30
      34
      15
      16
      25
      20
      22
      21
      19
      19
      16
      23
      17
      14
      16
      23
      21
      21
      26
      20
      24
      32
      25
      25
      16
      14
      24
      19
      20
      21
      26
      22
      14
      18
      17
      20
      27
      14
      18
      22
      24
      18
      21
      19
      24
      28
      24
      16
      20
      24
      22
      23
      12
      26
      21
       9
      25
      25
      28
      22
      25
      28
      22
      14
      18
      20
      25
      26
      17
      23
      19
      21
      15
      25
      24
      29
      19
      16
      26
      17
      16
      27
      30
      30
      18
      23
      17
      20
      22
      23
      24
      23
      18
      19
      10
      24
      18
      26
      20
      27
      22
      18
      15
      26
      23
      26
      19
      29
      19
      32
      25
      34
      23
      27
      34
      16
      23
      28
      25
      21
      24
      24
      22
      28
      28
      19
      23
      25
      28
      31
      16
      18
      21
      22
      19
      15
      18
      15
      29
      18
      33
      12
      22
      20
      20
      24
      19
      22
      28
      24
      19
      24
      26
      25
      17
      25
      20
      24
      21
      22
      16
      24
      19
      15
      20
      24
      20
      21
      29
      22
      13
      20
      21
      21
      23
      25
      18
      27
      25
      20
      23
      30
      18
      25
      14
      18
      16
      18
      17
      13
      28
      18
      21
      25
      25
      16
      16
      21
      29
      26
      18
      14
      21
      21
      13
      15
      20
      22
      32
      19
      26
      17
      22
      23
      15
      21
      15
      26
      27
      24
      18
      24
      17
      23
      31
      25
      17
      25
      22
      18
      16
      32
      26
      23
      20
      20
      21
      26
      27
      34
      33
      24
      20
      25
      34
      24
      18
      18
      22
      19
      17
      18
      21
      18
      25
      19
      24
      18
      17
      16
      17
      25
      13
      23
      14
      29
      26
      27
      21
      16
      20
      24
      29
      20
      21
      25
      21
      23
      21
      24
      17
      30
      23
      24
      18
      27
      19
      17
      24
      22
      14
      24
      17
      21
      24
      20
      21
      26
      20
      33
      30
      33
      19
      27
      20
      27
      21
      21
      20
      22
      16
      19
      27
      17
      20
      31
      24
      30
      22
      28
      21
      16
      23
      23
      25
      20
      20
      20
      17
      21
      16
      22
      14
      16
      24
      21
      21
      22
      25
      19
      24
      16
      19
      22
      19
      13
      17
      26
      22
      20
      15
      27
      21
      27
      28
      30
      29
      17
      15
      24
      26
      25
      24
      17
      30
      19
      19
      26
      20
      27
      27
      22
      25
      23
      26
      31
      24
      17
      24
      20
      21
      32
      18
      20
      27
      22
      19
      31
      24
      32
      24
      26
      27
      23
      31
      22
      21
      27
      28
      22
      17
      28
      32
      22
      32
      20
      26
      28
      26
      21
      38
      14
      31
      21
      22
      22
      17
      24
      23
      18
      20
      28
      27
      26
      26
      18
      20
      20
      22
      16
      16
      24
      29
      24
      26
      24
      33
      18
      28
      26
      22
      22
      35
      25
       9
      20
      26
      21
      18
      25
      29
      31
      29
      19
      24
      35
      25
      23
      27
      25
      21
      34
      23
      19
      23
      25
      22
      26
      26
      26
      23
      25
      31
      20
      30
      34
      19
      20
      26
      33
      13
      31
      35
      20
      26
      25
      33
      29
      28
      25
      27
      30
      24
      28
      24
      28
      24
      32
      28
      30
      23
      28
      25
      23
      31
      19
      32
      25
      20
      21
      30
      25
      10
      23
      31
      30
      21
      43
      24
      24
      28
      28
      24
      25
      25
      20
      23
      19
      25
      21
      26
      24
      32
      28
      30
      35
      18
      25
      24
      27
      20
      23
      28
      30
      26
      29
      23
      24
      18
      18
      25
      26
      27
      33
      30
      27
      23
      39
      14
      25
      30
      30
      38
      29
      23
      35
      35
      31
      27
      36
      32
      25
      23
      33
      23
      23
      24
      29
      21
      29
      29
      37
      41
      25
      37
      31
      36
      22
      23
      24
      23
      23
      34
      34
      27
      22
      38
      32
      31
      28
      28
      32
      33
      28
      32
      28
      23
      34
      23
      24
      32
      31
      26
      26
      31
      36
      30
      32
      32
      28
      30
      21
      32
      35
      28
      34
      34
      25
      21
      16
      27
      36
      36
      24
      22
      18
      25
      23
      43
      33
      34
      32
      31
      27
      25
      18
      29
      26
      36
      27
      35
      18
      20
      18
      24
      22
      23
      36
      14
      20
      23
      18
      23
      19
      18
      25
      30
      19
      33
      21
      17
      21
      29
      18
      24
      29
      22
      22
      19
      16
      21
      18
      13
      17
      29
      32
      19
      15
      30
      17
      16
      24
      19
      23
      24
      19
      21
      13
      26
       7
      21
      17
      30
      21
      22
      21
      20
      20
      20
      19
      21
      33
      16
      35
      22
      32
      21
      29
      20
      32
      26
      22
      33
      21
      19
      27
      26
      16
      28
      21
      36
      31
      51
      40
      42
      62
      77
      79
     100
     138
     171
     166
     220
     259
     322
     401
     411
     449
     528
     516
     501
     551
     470
     399
     426
     335
     284
     190
     152
     119
      79
      56
      31
      23
      22
      20
      18
      13
      18
      11
      15
      21
      13
      19
       8
       8
      17
      17
      17
      12
      16
      21
      14
      18
      14
      16
      12
      21
      10
      12
      10
      18
      10
      16
      13
      16
      19
      17
      15
      15
      10
      14
      17
      18
      11
      20
      14
      11
      20
      17
      17
      16
      14
      11
      12
      18
      18
      15
      15
      16
      13
      11
      15
       8
      15
      10
      17
      18
      13
      13
       8
      14
       9
      17
      26
       9
      14
      15
      16
      14
       9
      14
      13
      13
      15
      20
      12
      12
      13
      16
      16
      10
      14
      16
       7
       9
      14
      16
      10
      15
      13
       9
      10
      15
       6
      20
      15
      12
      14
      14
      16
       9
      12
      14
      13
       5
      17
      17
      12
      15
      13
      17
      15
      14
       9
      10
      10
       9
      16
      14
      13
      15
       9
      17
      13
      15
      11
      15
       8
      13
      11
       9
      20
       9
      14
      23
      19
       8
      11
      16
      11
      16
       9
      11
       8
      15
      13
      16
      10
      11
      11
       6
      13
       9
      13
      16
      10
      12
      14
      12
      10
      10
      13
      10
      17
      13
      11
      12
      13
       8
      19
      16
      13
      14
      13
      17
      13
      17
      16
      10
      18
      15
      18
      12
      17
      11
      14
      16
      12
      12
      17
      12
      11
       8
      16
       9
       6
      20
       6
      11
       4
      11
       9
       9
      11
      14
      12
       8
      13
      12
      14
      10
      16
       7
      12
      14
      10
      10
      18
      13
      10
       8
       8
      18
      12
       2
      10
      10
       7
      13
       9
      14
      11
       5
      15
      13
       8
      19
      10
      13
      13
       5
       9
      10
      10
      10
       5
       7
       7
       8
      17
      12
      11
       7
       8
       6
       9
      15
      13
       4
      16
      10
       3
      12
       7
       5
       9
       8
      15
       8
       5
       7
      11
       6
       9
       7
      14
      11
      10
      10
      11
       8
       6
       8
       8
       8
       6
      12
       9
      14
       6
       7
      12
      11
      14
       9
       9
      11
      10
       5
       6
       8
       2
       4
      10
      10
      16
       8
      11
       9
      11
       5
       8
       6
       5
       6
      11
      14
      11
       8
       9
      11
      14
      13
      10
       9
       5
       8
       9
       8
      10
       6
       6
       9
      12
       6
       9
      12
       8
       7
       8
       7
      15
      12
       6
       8
      12
      11
       8
      10
       6
      11
      10
       1
       7
       5
       7
      14
       6
      10
      11
       9
      10
       7
      10
      10
       8
       6
       5
       6
       7
       6
       7
       5
      10
       6
       7
      11
       9
       9
      13
       7
       7
      12
      13
       8
       6
       4
       6
       9
       4
       6
      10
       5
       7
       8
      11
       9
       9
       7
      14
      12
      10
       6
       9
       8
       6
       6
       6
       7
       8
       7
       6
      10
       5
       6
       7
      13
       8
      13
       5
       2
       3
       3
       7
       4
      14
      11
       7
       7
      11
       4
      10
       8
      11
      14
       5
       6
       7
      10
       4
       4
       8
      10
       7
       7
       5
      11
       7
       8
       8
       8
       4
      10
      12
       6
      12
       5
       6
       6
       4
       5
       6
      10
       8
       7
      11
       9
       7
       4
      11
      10
      11
       6
       0
       6
       6
      15
       6
       9
       7
       7
       8
       5
       8
       5
       4
      14
       8
       0
      11
       4
       4
       5
       7
       5
      11
       8
       5
       8
       8
       2
       7
       5
       4
       8
       6
       5
       8
      10
       9
       6
       7
       5
       8
       7
       6
       6
       3
       5
       3
       6
       4
       5
       6
       7
       2
       7
       3
       3
       7
       5
       6
       2
       7
       5
       4
       5
       6
       4
       8
      13
       5
       3
       4
       7
       5
       4
       4
       3
       6
       2
       6
       8
       4
       2
       6
       3
       2
       6
       8
       6
       5
       4
       8
       3
       6
      11
       6
       3
      12
      13
       9
       4
       8
       3
       6
       7
       5
       7
       3
       3
       7
       2
       5
       3
       5
       5
       2
       4
       6
       7
       8
       3
       7
       8
       8
       5
      10
       4
       5
       5
       2
       6
       5
       4
       5
       8
       4
       3
       7
       3
       4
       6
       9
       8
       5
       9
      10
       1
       7
       7
       8
       5
       6
       2
       2
       5
      10
       4
       7
       1
       7
       3
       3
       6
       8
       4
       4
       3
       6
       2
       4
      10
       6
       6
       6
       4
       8
       5
       6
       8
       6
       6
       7
       5
       7
       8
       7
       7
       3
       6
       9
       4
       4
       2
       3
      10
       5
       3
       2
       6
       3
       5
       5
       8
       3
       8
       4
       5
       4
       7
       7
      10
       9
       7
       7
      13
       6
       9
       7
       6
       9
       9
       6
       4
       7
       8
       7
       6
       5
       8
       5
       3
      12
       5
       8
       4
       7
       7
       3
       4
      10
       7
       6
       8
       6
       7
       6
       8
       3
       5
       4
       4
       7
       6
       7
       9
       5
       8
       5
       6
       2
       7
       3
       4
       5
       7
      12
       2
       6
       5
       5
       5
       6
      11
       7
       4
       2
       4
       6
       9
      10
       6
       4
       4
       3
       4
       7
       7
       9
       7
       9
       7
       3
       7
       1
       7
       6
       5
      11
       7
       5
       4
       6
      10
       4
      10
      11
       7
       4
       6
       6
       5
       5
       8
       7
       6
       4
       4
       8
      11
       2
       8
       6
       2
       3
       3
       3
       4
       9
      10
       4
       4
       6
       5
      11
       4
       2
       5
       4
       5
       6
      11
       9
       6
       6
       5
       5
       6
      10
       5
       5
       7
       4
       5
       8
       9
       5
       2
       5
       6
       6
       7
       7
       6
       6
       7
       0
       6
       4
       3
       2
       9
       9
       6
       2
       5
       8
       8
       8
       4
       5
       4
      10
       9
      10
       4
       3
       9
       4
       6
       7
       5
       6
       7
       5
       3
       8
       2
       7
       6
       3
       6
       7
       7
       8
       7
       6
       7
       8
       6
       4
       5
       7
       2
       6
       9
       6
      11
       7
       7
       9
       6
       7
       8
       6
       2
       9
       8
       9
       7
       4
      10
       8
       9
       5
       9
       9
       6
       4
       3
       5
       2
       7
       6
       3
      12
       5
       8
       8
      12
       9
       8
       5
       3
       5
       8
       8
      10
      10
       5
       7
       5
       8
       8
       9
      12
       9
       7
      12
       5
       4
       6
       7
       8
       8
       9
       7
       8
       6
      10
       6
       9
      10
       7
      10
       9
      10
      13
       9
      18
      18
      17
      21
      27
      35
      46
      45
      55
      52
      77
     102
     104
     146
     175
     205
     262
     281
     360
     389
     424
     488
     498
     530
     498
     496
     519
     536
     447
     409
     406
     304
     246
     197
     157
     109
      57
      45
      29
       9
       8
      10
       1
       2
       5
       2
       4
       6
       6
       3
       2
       1
       1
       6
       3
       4
       3
       5
       2
       5
       5
       2
       2
       5
       2
       3
       5
       3
       4
       4
       3
       1
       8
       2
       1
       4
       2
       3
       4
       2
       5
       8
       5
       5
       2
       6
       2
       1
       2
       8
       0
       5
       2
       4
       2
       7
       2
       4
       3
       6
       3
       5
       4
       3
       4
       3
       3
       4
       2
       5
       2
       5
       4
       3
       5
       7
      12
       4
       7
       4
       3
       4
       2
       3
       3
       4
       2
       6
       1
       5
       3
       3
       6
       3
       2
       5
       3
       3
       4
       2
       0
       1
       5
       2
       2
       4
       4
       4
       0
       5
       1
       4
       4
       4
       1
       5
       2
       1
       4
       4
       3
       2
       4
       0
       2
       0
       2
       5
       3
       2
       5
       2
       3
       2
       1
       0
       3
       3
       6
       4
       5
       3
       8
       3
       3
       4
       1
       3
       6
       2
       5
       2
       4
       4
       5
       5
       3
       6
       2
       2
       3
       3
       3
       7
       7
       3
       8
       5
       3
       0
       1
       1
       1
       1
       1
       6
       3
       1
       7
       1
       4
       6
       4
       4
       0
       2
       5
       5
       5
       4
       1
       1
       4
       5
       2
       0
       5
       3
       3
       5
       4
       5
       2
       3
       2
       4
       6
       2
       5
       2
       4
       2
       6
       6
       4
       3
       3
       0
       5
       4
       1
       0
       3
       4
       3
       4
       2
       0
       2
       3
       3
       1
       1
       3
       1
       4
       5
       5
       4
       3
       4
       3
       3
       7
       1
       2
       5
       6
       2
       4
       1
       2
       6
       1
       8
       7
       5
       2
       2
       5
       3
       4
       5
       4
       3
       4
       3
       1
       2
       2
       5
       6
       2
       4
       1
       4
       5
       2
       4
       2
       1
       1
       2
       4
       4
       3
       6
       1
       3
       4
       1
       3
       1
       5
       5
       3
       1
       4
       2
       4
       0
       5
       4
       4
       4
       5
       3
       2
       2
       0
       3
      10
       1
       0
       1
       3
       2
       4
       2
       1
       3
       2
       2
       1
       0
       3
       2
       4
       1
       2
       5
       3
       6
       3
       5
       2
       3
       3
       3
       3
       1
       4
       3
       1
       3
       5
       2
       5
       1
       5
       4
       2
       1
       1
       2
       2
       2
       6
       1
       7
       1
       1
       3
       2
       3
       2
       2
       1
       1
       3
       1
       3
       3
       4
       3
       4
       3
       1
       2
       0
       4
       3
       4
       0
       0
       3
       2
       2
       0
       5
       6
       2
       0
       2
       2
       3
       1
       7
       1
       2
       3
       2
       0
       1
       1
       3
       4
       1
       1
       2
       1
       4
       2
       3
       3
       5
       2
       3
       1
       1
       4
       3
       4
       2
       1
       2
       4
       1
       0
       2
       1
       3
       2
       0
       3
       1
       1
       3
       2
       2
       2
       2
       4
       3
       6
       3
       4
       1
       0
       1
       5
       5
       2
       2
       2
       6
       2
       3
       0
       1
       1
       2
       6
       1
       0
       3
       2
       2
       2
       1
       2
       1
       1
       2
       4
       3
       0
       2
       3
       0
       6
       2
       4
       3
       2
       1
       1
       2
       4
       4
       3
       4
       0
       3
       4
       1
       1
       2
       1
       0
       3
       3
       1
       2
       1
       3
       1
       2
       3
       3
       2
       2
       3
       1
       4
       4
       2
       3
       1
       2
       3
       1
       1
       2
       2
       4
       2
       2
       1
       2
       3
       1
       6
       3
       0
       0
       1
       1
       3
       4
       4
       3
       7
       3
       1
       1
       0
       8
       3
       0
       3
       6
       3
       2
       4
       2
       2
       3
       2
       2
       2
       0
       3
       1
       3
       4
       1
       1
       6
       3
       3
       2
       3
       1
       1
       0
       1
       3
       1
       3
       2
       1
       3
       3
       0
       0
       1
       2
       4
       3
       2
       5
       2
       1
       2
       3
       1
       2
       0
       1
       2
       1
       2
       2
       3
       3
       0
       6
       5
       1
       2
       1
       6
       4
       3
       1
       3
       2
       2
       1
       2
       3
       3
       1
       2
       1
       4
       1
       6
       2
       1
       2
       5
       2
       1
       2
       3
       2
       7
       0
       3
       2
       3
       1
       1
       2
       2
       1
       1
       3
       3
       0
       2
       1
       2
       3
       1
       0
       5
       2
       1
       1
       2
       2
       3
       1
       1
       2
       2
       3
       0
       6
       3
       2
       3
       1
       0
       1
       3
       3
       5
       2
       1
       2
       1
       1
       3
       3
       0
       5
       3
       3
       2
       9
       4
       7
       2
       2
       1
       5
       3
       5
       5
       0
       0
       4
       3
       2
       2
       1
       3
       1
       1
       0
       3
       1
       2
       1
       2
       3
       1
       3
       3
       1
       1
       1
       2
       2
       3
       4
       2
       1
       5
       2
       2
       3
       2
       4
       3
       3
       5
       2
       3
       2
       3
       2
       1
       2
       1
       4
       0
       0
       0
       3
       3
       4
       1
       2
       2
       3
       1
       5
       1
       3
       2
       1
       2
       5
       1
       3
       5
       1
       1
       2
       3
       2
       4
       0
       2
       3
       2
       4
       1
       2
       3
       1
       2
       2
       3
       2
       0
       0
       2
       1
       3
       3
       2
       1
       1
       2
       2
       3
       1
       2
       1
       2
       2
       2
       3
       3
       3
       2
       3
       0
       0
       2
       2
       1
       3
       1
       1
       0
       3
       1
       1
       2
       1
       6
       2
       1
       4
       4
       4
       2
       0
       2
       3
       4
       5
       6
       5
       4
       2
       4
       2
       1
       0
       2
       5
       1
       3
       1
       2
       2
       5
       4
       5
       1
       1
       1
       0
       1
       2
       1
       4
       4
       1
       1
       3
       2
       6
       2
       3
       2
       2
       2
       6
       3
       2
       1
       4
       1
       2
       1
       3
       2
       1
       2
       2
       2
       4
       0
       4
       0
       2
       2
       0
       1
       1
       2
       1
       5
       1
       5
       2
       5
       0
       3
       6
       8
       2
       3
       4
       2
       1
       0
       3
       4
       0
       2
       1
       4
       2
       3
       2
       4
       1
       4
       4
       0
       5
       3
       2
       0
       2
       0
       2
       3
       2
       1
       1
       3
       3
       0
       4
       3
       2
       2
       0
       6
       2
       4
       5
       4
       2
       2
       1
       1
       2
       3
       1
       0
       5
       3
       1
       0
       4
       1
       2
       3
       2
       4
       1
       3
       1
       1
       0
       1
       2
       4
       3
       1
       0
       3
       2
       2
       0
       0
       3
       1
       2
       2
       3
       5
       4
       2
       2
       1
       2
       3
       2
       2
       3
       2
       1
       2
       3
       0
       3
       4
       6
       1
       2
       5
       1
       1
       1
       0
       3
       1
       1
       1
       2
       3
       3
       0
       3
       1
       0
       4
       3
       2
       4
       5
       5
       4
       4
       1
       4
       3
       0
       3
       4
       2
       3
       5
       3
       2
       2
       2
       2
       3
       4
       2
       3
       5
       7
       6
       6
       6
       2
       6
       2
       6
       4
       9
      16
      13
      13
      14
      18
      27
      21
      30
      28
      29
      38
      43
      41
      51
      59
      56
      52
      54
      48
      49
      37
      53
      39
      23
      17
      19
      12
      14
       8
       7
       3
       7
       5
       1
       2
       0
       1
       2
       1
       2
       1
       2
       2
       2
       3
       1
       4
       1
       0
       3
       1
       2
       0
       2
       1
       3
       3
       1
       2
       3
       0
       1
       1
       2
       5
       1
       2
       1
       6
       1
       3
       6
       5
       0
       4
       2
       6
       4
       3
       3
       3
       1
       1
       0
       3
       4
       0
       2
       0
       3
       0
       2
       3
       2
       3
       1
       1
       2
       1
       6
       5
       1
       1
       1
       3
       3
       1
       1
       1
       1
       1
       9
       1
       2
       5
       0
       2
       1
       1
       2
       4
       4
       0
       0
       0
       1
       3
       3
       3
       3
       4
       1
       0
       1
       1
       4
       1
       2
       3
       1
       6
       5
       2
       1
       6
       0
       2
       2
       0
       1
       1
       0
       3
       0
       1
       2
       2
       3
       1
       3
       2
       2
       1
       2
       2
       2
       2
       4
       2
       1
       2
       0
       2
       0
       0
       0
       1
       1
       3
       3
       3
       4
       2
       1
       1
       4
       1
       1
       2
       0
       1
       1
       1
       1
       3
       3
       1
       1
       1
       1
       2
       0
       5
       1
       1
       3
       1
       1
       2
       1
       1
       2
       0
       1
       0
       3
       1
       1
       2
       2
       2
       1
       3
       1
       1
       3
       1
       1
       4
       1
       2
       4
       2
       1
       1
       0
       3
       2
       1
       0
       1
       1
       0
       3
       4
       2
       3
       1
       3
       1
       1
       2
       1
       2
       5
       1
       1
       4
       4
       1
       1
       2
       2
       1
       7
       4
       2
       2
       2
       5
       2
       0
       1
       1
       8
       2
       2
       2
       3
       2
       0
       2
       3
       2
       4
       4
       1
       3
       2
       1
       4
       3
       3
       1
       1
       2
       3
       3
       1
       6
       4
       2
       2
       1
       1
       0
       2
       5
       2
       1
       3
       2
       1
       0
       4
       2
       0
       2
       3
       4
       1
       0
       2
       2
       2
       1
       4
       2
       2
       2
       1
       0
       2
       1
       4
       0
       2
       1
       0
       1
       1
       2
       2
       3
       2
       2
       0
       0
       2
       2
       2
       0
       0
       0
       0
       0
       0
       0
       0
       0
       0
       0
       0
       0
       0
       0
       0
       0
       0
       0
       0
       0
       0
       0
       0
       0
       0
       0
       0
       0
       0
       0
       0
       0
       0
       0
       0
       0
       0
       0
       0
       0
       0
       0
       0
       0
       0
       0
       0
       0
       0
       0
       0
       0
       0
       0
       0
       0
       0
       0
       0
       0
       0
       0
       0
       0
       0
       0
       0
       0
       0
       0
       0
       0
       0
       0
       0
       0
       0
       0
       0
       0
       0
       0
       0
       0
       0
       0
       0
       0
       0
       0
       0
       0
       0
       0
       0
       0
       0
       0
       0
       0
       0
       0
       0
       0
       0
       0
       0
       0
       0
       0
       0
       0
       0
       0
       0
       0
       0
       0
       0
       0
       0
       0
       0
       0
       0
       0
       0
       0
$ROI:
1
4146 4168
$PRESETS:
Live Time
600
0
$ENER_FIT:
-1.504534 0.196418
$MCA_CAL:
3
-1.504534E+000 1.964177E-001 -1.544040E-007 keV
$SHAPE_CAL:
3
0.000000E+000 0.000000E+000 0.000000E+000
