$SPEC_ID:
HFNG Beamline
$SPEC_REM:
DET# 2
DETDESC# EasyMCA
AP# Maestro Version 7.01
$DATE_MEA:
06/22/2018 16:08:51
$MEAS_TIM:
600 603
$DATA:
0 8191
       0
       0
       0
       0
       0
       0
       0
       0
       0
       0
       0
       0
       0
       0
       0
       0
       0
       0
       0
       0
       0
       0
       0
       0
       0
       0
       0
       0
       0
       0
       0
       0
       0
       0
       0
       0
       0
       0
       0
       0
       0
       0
       0
       0
       0
       0
       0
       1
      87
     186
     190
     155
     163
     165
     166
     166
     197
     166
     202
     178
     180
     180
     180
     168
     191
     179
     173
     197
     172
     175
     171
     161
     168
     189
     167
     146
     174
     166
     145
     153
     158
     144
     176
     138
     147
     135
     145
     143
     148
     167
     164
     161
     152
     152
     157
     133
     147
     172
     143
     150
     149
     151
     141
     133
     113
     142
     139
     151
     149
     133
     122
     123
     158
     155
     131
     109
     122
     139
     112
     126
     139
     145
     134
     120
     136
     127
     105
     120
     150
     120
     137
     129
     123
     134
     119
     120
     135
     102
     115
     133
     145
     122
     121
     125
     129
     142
     148
     135
     132
     131
     115
     128
     117
     141
     128
     119
     125
     138
     122
     130
     121
     109
     126
     115
     129
     142
     116
     116
     118
     122
     109
     116
     136
     123
     104
     108
      88
     116
     119
     122
     113
     121
     125
     113
     114
     114
     101
     113
     122
     105
     102
     126
      96
     133
     116
      98
     114
     109
     110
     120
     106
     106
     113
     118
      97
     114
     108
     115
     132
      87
     104
     110
     107
      92
     100
     123
      97
     104
     108
     114
      98
     103
     103
     120
      97
     100
      96
      99
     111
     104
     102
     111
     107
     112
      94
      99
     105
     115
     105
     107
     106
     129
      99
     100
     103
      94
     117
      80
     111
     103
     102
      99
     106
      95
      88
     103
     105
     108
      96
     107
      83
      95
     104
     105
     109
      98
     122
     107
     108
      94
      93
      97
      85
      91
      92
     107
      98
     102
      93
      98
      91
     120
      88
      90
     121
     104
     101
      85
      90
     102
      88
      97
      91
      75
      97
     104
      99
     114
      88
      91
      97
     101
      96
      79
      84
      95
     107
     102
     103
     103
      92
      89
     103
      98
      87
      99
      98
     100
      98
      81
      85
     113
      96
      74
     101
      92
      86
     104
      87
     106
     106
      87
     109
      90
      98
      98
      97
      88
     100
     107
      86
     104
      96
      85
      91
     114
      97
      88
      97
      95
      85
      98
     110
     125
      97
     104
     100
     107
     101
      98
     102
     104
     110
      97
      85
      83
     107
      97
     104
      97
     109
     107
     173
     191
     225
     173
     137
     133
     126
     122
     103
     116
     125
     203
     268
     305
     300
     183
     142
      97
     106
      93
     123
     110
      87
      84
      81
      99
      94
      90
      98
      76
      82
      86
      96
      89
      86
     100
      83
      85
     104
     104
      90
      90
     104
      86
     104
      86
     101
     101
      99
      92
     108
      97
      82
      97
      99
      80
     101
     116
     107
     102
     136
     165
     166
     199
     206
     158
     110
      96
     108
      87
      75
      93
      96
      84
     117
     109
     119
     115
      89
     102
      94
      94
      90
      87
      78
      98
      86
      85
     111
      88
      83
      99
      95
      95
      88
      85
      95
      78
      75
      76
      76
     102
      88
      89
     101
      87
     107
      81
      99
      85
      94
      97
      72
      90
      89
      78
      88
      69
      78
      93
      87
      80
      95
     102
      80
     101
      92
      77
      93
      95
      68
      90
      81
      67
      94
      99
      84
      83
      92
     103
      76
      84
      86
     109
     100
     115
      94
      99
      78
      99
      88
      92
     101
      77
     101
      77
      83
      73
      95
      80
      87
      87
      88
      89
      99
     100
      90
      94
      90
      95
      90
     102
      82
      83
      88
      71
     105
      84
      79
      81
      82
      67
      90
      83
      97
     121
      89
      99
      89
     105
      99
      98
      95
     101
      85
      86
      90
      88
      87
      95
      95
      81
      79
      97
     105
      82
      86
      97
      77
      86
     100
      96
      89
     100
      94
      76
      81
      93
      92
      90
     100
     106
      79
      93
     112
      72
      89
      86
      86
      91
      93
      95
     110
      89
      76
      86
     108
      87
     109
      82
      92
      90
     101
      88
      97
      91
      95
      88
      80
      82
      90
      85
      69
      81
      86
      95
      69
      95
     101
      92
      84
     102
      92
      99
      97
      83
     100
      82
      88
      75
      96
     103
      93
      98
      86
     102
      83
      97
      61
     114
     102
      94
      95
     101
      91
     109
      99
      86
      95
      82
      98
      98
      78
      94
      98
      98
      90
      92
      93
      86
      92
     103
     107
      86
      95
     100
      93
      93
      98
      87
      96
      95
     100
      90
      97
      83
      93
     114
      90
      97
     109
      81
     102
     101
      91
      91
     101
      85
      90
     120
      96
      87
     106
     118
     155
     235
     353
     452
     565
     484
     389
     264
     110
     106
      95
     102
     101
      91
      86
      88
     113
      96
     100
      77
      93
     100
      98
      77
      99
      95
      89
      91
      89
     104
      94
     117
      93
      92
     101
      91
      87
      95
      98
     113
      96
     116
     109
      92
     111
     101
     104
     113
      95
     100
     103
      94
     107
     115
      88
      98
     111
      88
     102
     101
      92
     100
     103
     108
     105
     112
      96
      93
     100
      88
      92
     108
      85
     121
      92
      96
     110
      90
      92
     101
      95
      91
     108
     114
      90
     103
      80
     111
     111
     125
     103
     112
     107
      94
     122
     100
     114
     105
     100
     102
     102
      97
      92
     117
     114
     117
     110
      99
     123
     108
      84
      96
     123
      93
     108
     107
      95
      98
     109
     113
      96
      91
     109
      97
      96
     117
      95
     102
      96
     108
     102
     114
     102
     123
      92
     110
     110
     112
     104
     111
     117
      94
      97
     113
     104
     103
     101
     108
     120
     105
     126
     102
      94
     121
     110
      95
      91
     106
     112
     107
     114
     118
     111
      97
     115
     105
     113
      94
     117
      97
      94
     112
      97
     101
     131
     109
     112
     104
      98
     101
      97
      87
     116
     120
      98
     100
      92
      97
      99
     111
      95
      90
      98
     110
     103
     101
      96
      92
     111
      89
     109
      94
      87
     115
      95
     105
     109
     116
      99
      91
      98
     103
     110
     102
     100
     128
      79
      99
     106
      99
      94
     117
      92
      97
     120
      96
      88
     100
      92
     131
     108
      91
     127
      96
     104
     133
      99
      96
     100
      90
     110
      95
     119
      98
     108
     121
     101
     106
     116
     101
     103
     128
      87
     100
     103
      97
     102
     105
     106
     101
     105
      96
      88
      92
     108
     122
      79
      97
     108
      94
      91
      99
     116
      95
      92
      90
      98
      95
      86
     103
      90
      93
      79
     106
      94
      94
      93
      84
      87
      81
      91
      88
     107
      81
     101
      96
      94
     112
     118
     103
      86
      90
      89
      82
      74
      97
      94
      90
      95
      87
     106
      90
     105
      96
      88
      86
      73
      81
      95
     100
      79
      84
      93
      93
      95
      94
      91
      86
     106
      86
      94
     100
      94
      87
     100
     105
     106
      81
      80
      82
      86
      68
      88
      82
     104
      81
      97
      84
      95
      80
     109
     102
      78
      92
     102
      93
      95
      83
      77
      82
      90
      83
      94
      81
      87
      86
     102
      81
     107
     104
      78
      75
     100
      73
     101
      80
      93
      97
      78
      85
     107
     106
      83
      97
      89
      86
      94
      75
      88
      88
      99
      89
      74
     115
      94
      98
      96
     101
      97
      78
      86
      93
     102
     109
      87
      83
      81
      79
      99
     101
      86
     100
      94
     105
      78
      95
      86
     114
      98
      84
      85
      77
      87
      99
      97
      87
      86
      82
      80
      80
      80
      87
      97
      96
      81
      76
      85
      85
      88
      95
     104
      87
     107
      94
      79
      81
      86
      80
      85
      81
      90
      97
      99
     102
      84
      90
      86
      95
      90
      92
      88
      80
      98
      88
      95
      82
      90
      76
      72
      77
      81
      92
      92
      91
      78
      85
      94
      79
      98
      86
      85
      87
      92
      83
      80
      77
      82
      92
      90
      84
     111
      75
     100
      97
     102
      88
     102
      84
      86
      86
      81
      93
      84
      61
      69
      76
      83
      89
      82
      81
      80
      56
      76
      76
      89
      82
      79
      94
      79
      98
      83
      93
      84
      75
      88
     112
      81
     100
      75
     104
      75
      94
      90
      66
      88
      79
      88
      74
      81
      86
      91
      81
      87
      77
      69
      69
      76
      77
      73
      78
     102
      84
      82
      77
      83
      90
      88
      85
      86
      93
      59
      79
      82
      87
      75
      85
      78
      68
      80
      83
      65
      83
      83
      85
      82
      90
      75
      75
      90
      84
      80
      85
      87
      83
      90
      93
      81
      98
      85
      83
      92
      73
      82
      84
      69
      86
      87
      74
      66
      81
      74
      63
      81
      74
      84
      81
      84
      71
      75
      68
      81
      64
      62
      73
      73
      81
      70
      70
      88
      79
      68
      69
      63
      81
      66
      75
      66
      54
      49
      71
      76
      58
      75
      84
      65
      54
      62
      73
      65
      70
      67
      55
      81
      87
      85
      71
      79
      69
      68
      63
      76
      64
      68
      56
      48
      61
      73
      54
      62
      60
      49
      68
      58
      54
      61
      55
      54
      51
      64
      62
      73
      61
      79
      57
      71
      54
      71
      63
      55
      56
      76
      60
      58
      57
      70
      71
      75
      79
      65
      68
      77
      63
      67
      59
      52
      64
      66
      61
      70
      53
      55
      66
      60
      49
      64
      59
      51
      71
      70
      48
      57
      61
      77
      63
      53
      76
      62
      69
      63
      52
      61
      62
      64
      63
      73
      61
      71
      64
      56
      54
      52
      50
      59
      73
      55
      47
      53
      68
      55
      59
      62
      53
      58
      68
      59
      56
      58
      55
      59
      43
      51
      39
      66
      66
      53
      70
      56
      66
      53
      54
      73
      58
      44
      57
      57
      48
      55
      56
      55
      54
      60
      51
      53
      59
      47
      53
      61
      49
      48
      53
      53
      57
      66
      60
      50
      52
      53
      41
      55
      49
      52
      58
      49
      54
      60
      56
      66
      49
      42
      60
      48
      52
      52
      59
      60
      45
      66
      39
      52
      47
      48
      56
      54
      47
      50
      53
      62
      67
      44
      43
      60
      61
      45
      47
      53
      47
      50
      74
      56
      52
      55
      49
      64
      48
      59
      51
      56
      54
      57
      53
      63
      57
      51
      43
      49
      65
      45
      46
      50
      59
      66
      57
      63
      55
      60
      53
      45
      48
      55
      57
      43
      39
      47
      50
      66
      50
      55
      46
      45
      55
      47
      50
      47
      48
      58
      36
      58
      46
      56
      43
      37
      45
      67
      44
      65
      58
      30
      46
      52
      44
      50
      45
      51
      53
      46
      37
      50
      62
      47
      50
      36
      48
      47
      56
      42
      50
      40
      50
      50
      44
      47
      34
      31
      44
      57
      42
      47
      44
      36
      40
      40
      55
      43
      39
      38
      42
      59
      54
      52
      50
      44
      48
      35
      39
      47
      44
      45
      44
      34
      50
      62
      44
      42
      44
      48
      54
      42
      43
      35
      50
      50
      42
      43
      43
      55
      45
      51
      54
      42
      41
      42
      43
      50
      42
      44
      43
      52
      42
      57
      45
      45
      51
      38
      49
      54
      45
      35
      52
      54
      43
      43
      39
      39
      41
      51
      51
      31
      40
      54
      49
      48
      44
      41
      53
      47
      53
      40
      57
      52
      53
      40
      47
      34
      50
      56
      47
      45
      60
      58
      80
      89
     109
     157
     262
     403
     596
     905
    1316
    1617
    1727
    1609
    1291
     873
     482
     283
     116
      70
      40
      36
      45
      38
      46
      38
      39
      43
      32
      45
      42
      41
      22
      34
      35
      30
      33
      37
      40
      47
      42
      44
      27
      42
      31
      39
      31
      47
      32
      40
      32
      34
      34
      40
      41
      31
      41
      40
      46
      38
      24
      36
      41
      40
      33
      31
      45
      40
      25
      36
      32
      45
      36
      42
      29
      33
      44
      39
      42
      29
      36
      36
      34
      39
      34
      38
      28
      34
      35
      31
      42
      34
      32
      26
      29
      35
      28
      33
      27
      35
      36
      25
      45
      35
      51
      38
      46
      47
      65
      70
      66
      63
      74
      63
      56
      45
      40
      44
      36
      31
      36
      34
      38
      28
      34
      40
      44
      37
      28
      33
      47
      44
      26
      39
      42
      37
      31
      42
      38
      34
      43
      37
      36
      29
      21
      27
      46
      43
      26
      38
      42
      50
      24
      29
      45
      20
      27
      32
      33
      42
      31
      17
      35
      28
      35
      36
      47
      38
      30
      27
      40
      28
      50
      20
      34
      30
      40
      32
      22
      43
      38
      31
      30
      37
      30
      27
      41
      29
      36
      42
      32
      33
      44
      33
      39
      37
      38
      38
      44
      36
      26
      27
      29
      32
      39
      25
      30
      24
      28
      32
      34
      26
      37
      28
      36
      27
      37
      28
      33
      31
      30
      16
      30
      23
      42
      31
      36
      30
      35
      28
      29
      30
      30
      36
      40
      27
      26
      36
      33
      36
      28
      30
      28
      28
      20
      38
      29
      38
      44
      31
      41
      36
      25
      36
      22
      30
      32
      33
      44
      33
      36
      30
      30
      35
      28
      30
      22
      33
      30
      34
      29
      26
      34
      35
      28
      35
      30
      36
      39
      32
      26
      29
      29
      31
      31
      38
      32
      44
      39
      47
      47
      61
      82
      88
     129
     154
     150
     159
     152
     119
      92
      65
      40
      36
      39
      29
      33
      33
      36
      28
      35
      35
      42
      29
      30
      32
      27
      30
      33
      37
      31
      24
      26
      35
      31
      28
      29
      34
      31
      32
      28
      27
      31
      32
      20
      37
      23
      30
      19
      29
      27
      25
      25
      22
      31
      35
      37
      37
      27
      25
      30
      28
      29
      29
      36
      37
      26
      17
      27
      25
      26
      23
      27
      36
      33
      27
      46
      34
      32
      26
      38
      32
      33
      34
      35
      33
      24
      29
      22
      25
      26
      36
      43
      39
      29
      27
      27
      35
      30
      33
      43
      25
      33
      40
      33
      45
      32
      21
      27
      41
      38
      26
      22
      38
      27
      29
      28
      37
      36
      41
      28
      36
      41
      44
      43
      64
      53
      88
     116
     177
     322
     447
     640
     883
    1009
    1221
    1090
     989
     746
     475
     312
     167
      94
      53
      38
      25
      28
      32
      19
      29
      22
      28
      25
      25
      31
      22
      29
      26
      25
      23
      26
      26
      26
      32
      18
      25
      16
      39
      33
      29
      24
      22
      17
      21
      23
      21
      29
      26
      35
      33
      35
      28
      17
      17
      30
      28
      26
      29
      29
      22
      29
      23
      29
      22
      35
      25
      35
      23
      26
      19
      12
      24
      11
      23
      29
      26
      32
      13
      25
      28
      31
      30
      24
      20
      31
      27
      19
      16
      26
      27
      38
      30
      24
      29
      28
      30
      25
      28
      25
      29
      28
      25
      30
      37
      31
      29
      21
      30
      24
      22
      20
      27
      26
      25
      32
      26
      20
      24
      21
      32
      19
      39
      26
      18
      22
      29
      21
      32
      30
      34
      28
      23
      26
      25
      21
      27
      20
      20
      27
      27
      26
      29
      32
      31
      33
      23
      17
      26
      23
      36
      27
      19
      25
      19
      32
      29
      24
      30
      23
      25
      24
      28
      19
      24
      25
      23
      34
      35
      27
      32
      29
      29
      22
      24
      16
      21
      23
      23
      22
      18
      19
      28
      25
      27
      19
      18
      31
      30
      31
      27
      22
      26
      23
      31
      27
      22
      25
      21
      23
      28
      29
      30
      29
      26
      19
      25
      21
      29
      30
      36
      28
      29
      33
      31
      25
      27
      20
      34
      36
      23
      19
      23
      25
      15
      21
      18
      17
      30
      31
      31
      33
      29
      25
      26
      24
      33
      24
      26
      41
      26
      41
      39
      41
      40
      34
      47
      38
      27
      27
      23
      26
      20
      26
      23
      26
      31
      34
      26
      18
      23
      23
      23
      29
      24
      29
      15
      21
      28
      25
      29
      30
      24
      32
      27
      28
      34
      25
      24
      26
      28
      29
      21
      21
      28
      19
      29
      25
      27
      24
      33
      20
      33
      27
      23
      30
      30
      17
      30
      16
      14
      19
      22
      18
      17
      29
      21
      42
      35
      20
      31
      23
      24
      16
      22
      16
      23
      22
      29
      33
      24
      18
      28
      22
      29
      31
      23
      25
      24
      25
      25
      29
      27
      19
      20
      25
      28
      23
      29
      31
      22
      19
      26
      14
      20
      31
      26
      16
      22
      25
      11
      28
      22
      21
      22
      27
      24
      22
      35
      26
      27
      27
      22
      25
      23
      18
      29
      29
      22
      18
      33
      20
      25
      23
      30
      30
      16
      25
      23
      19
      20
      35
      24
      19
      22
      29
      16
      23
      22
      22
      24
      15
      28
      26
      22
      31
      28
      21
      22
      27
      23
      28
      24
      15
      21
      22
      15
      19
      26
      23
      22
      37
      15
      22
      30
      32
      24
      25
      27
      19
      28
      30
      17
      21
      23
      26
      26
      19
      14
      23
      17
      29
      28
      16
      23
      18
      17
      30
      26
      30
      27
      25
      21
      32
      23
      20
      22
      32
      47
      28
      19
      23
      23
      28
      24
      25
      30
      26
      20
      30
      37
      33
      24
      24
      27
      30
      31
      29
      25
      28
      22
      28
      24
      15
      16
      18
      33
      19
      35
      39
      33
      22
      28
      29
      49
      42
      45
      36
      52
      49
      42
      40
      43
      36
      32
      47
      28
      17
      24
      13
      33
      28
      32
      24
      19
      27
      27
      21
      25
      29
      23
      28
      19
      26
      30
      25
      29
      19
      25
      22
      15
      28
      40
      14
      24
      32
      21
      25
      25
      25
      21
      24
      31
      23
      21
      20
      32
      19
      28
      30
      27
      25
      28
      27
      25
      17
      19
      28
      28
      24
      25
      20
      27
      15
      27
      18
      19
      19
      20
      24
      20
      23
      17
      19
      21
      15
      24
      16
      30
      20
      19
      16
      17
      24
      16
      23
      24
      20
      25
      20
      35
      29
      25
      17
      22
      25
      19
      30
      35
      24
      26
      27
      25
      24
      36
      24
      28
      14
      24
      18
      31
      12
      28
      20
      21
      27
      27
      20
      25
      29
      19
      22
      24
      27
      23
      23
      27
      30
      18
      15
      25
      21
      14
      24
      26
      22
      25
      30
      18
      21
      20
      24
      22
      29
      23
      19
      27
      15
      15
      19
      20
      21
      26
      26
      17
      22
      15
      28
      28
      24
      25
      30
      22
      23
      13
      25
      25
      29
      25
      22
      30
      26
      16
      24
      18
      19
      27
      23
      21
      27
      30
      24
      17
      25
      23
      32
      20
      20
      28
      16
      24
      26
      18
      27
      19
      36
      23
      32
      37
      17
      25
      26
      27
      28
      24
      32
      23
      20
      22
      28
      22
      32
      22
      20
      24
      20
      25
      20
      20
      17
      23
      23
      24
      33
      25
      19
      30
      25
      22
      20
      30
      22
      20
      18
      25
      22
      27
      24
      24
      26
      23
      22
      18
      19
      22
      19
      20
      16
      25
      28
      30
      18
      19
      26
      19
      22
      25
      22
      30
      25
      22
      31
      24
      27
      22
      22
      28
      21
      21
      20
      30
      24
      21
      34
      22
      22
      23
      19
      25
      17
      25
      31
      28
      31
      30
      27
      19
      28
      24
      23
      33
      30
      27
      26
      26
      18
      19
      20
      19
      19
      37
      25
      27
      15
      22
      20
      24
      20
      26
      18
      19
      23
      17
      23
      28
      24
      28
      18
      24
      19
      23
      20
      23
      29
      32
      21
      30
      32
      29
      29
      30
      26
      28
      31
      28
      22
      27
      26
      24
      14
      19
      25
      17
      27
      24
      25
      26
      22
      33
      35
      20
      21
      24
      21
      23
      19
      18
      23
      14
      23
      23
      27
      28
      22
      16
      27
      24
      24
      32
      36
      24
      17
      33
      21
      25
      25
      14
      25
      24
      17
      28
      29
      26
      19
      20
      26
      24
      27
      22
      24
      19
      22
      26
      26
      29
      15
      23
      34
      19
      29
      21
      23
      26
      15
      26
      19
      28
      23
      23
      23
      25
      25
      20
      18
      19
      26
      32
      27
      24
      18
      23
      24
      29
      26
      32
      24
      26
      21
      30
      17
      26
      18
      25
      23
      24
      28
      28
      25
      24
      17
      25
      33
      22
      30
      21
      30
      20
      31
      16
      21
      23
      23
      26
      28
      16
      12
      18
      22
      21
      20
      30
      26
      27
      25
      32
      20
      25
      34
      24
      21
      23
      24
      22
      28
      27
      22
      29
      22
      18
      30
      28
      20
      24
      12
      30
      22
      20
      16
      27
      12
      33
      29
      18
      25
      33
      27
      22
      34
      25
      25
      28
      24
      22
      25
      14
      27
      18
      28
      20
      14
      21
      25
      29
      26
      21
      24
      23
      39
      17
      22
      30
      26
      31
      34
      31
      20
      25
      22
      29
      26
      24
      25
      33
      27
      26
      25
      25
      26
      22
      34
      31
      26
      33
      29
      24
      28
      19
      20
      25
      28
      29
      27
      26
      21
      23
      19
      31
      28
      16
      14
      25
      17
      21
      25
      19
      19
      21
      39
      30
      31
      35
      23
      24
      23
      23
      26
      27
      23
      22
      19
      27
      26
      24
      20
      28
      20
      21
      18
      17
      25
      19
      17
      16
      27
      18
      23
      28
      16
      23
      17
      23
      22
      27
      27
      28
      26
      25
      26
      23
      14
      22
      17
      20
      21
      21
      25
      21
      23
      23
      19
      22
      18
      23
      19
      14
      22
      29
      19
      22
      24
      19
      26
      27
      17
      20
      27
      23
      26
      19
      30
      22
      17
      22
      25
      28
      23
      22
      19
      18
      23
      33
      25
      22
      22
      29
      23
      13
      30
      25
      22
      17
      18
      32
      29
      23
      29
      28
      25
      18
      24
      19
      20
      14
      19
      22
      27
      25
      17
      11
      17
      24
      24
      24
      21
      20
      23
      20
      25
      24
      20
      18
      17
      21
      20
      24
      17
      26
      22
      24
      26
      17
      27
      20
      25
      27
      32
      26
      26
      28
      13
      26
      23
      10
      24
      22
      21
      23
      32
      18
      21
      14
      19
      27
      24
      26
      15
      26
      20
      29
      18
      24
      26
      26
      25
      20
      29
      28
      15
      18
      19
      30
      13
      16
      26
      30
      26
      17
      22
      20
      16
      27
      22
      20
      22
      25
      33
      29
      25
      15
      26
      24
      22
      28
      23
      27
      17
      29
      27
      15
      18
      28
      27
      29
      14
      36
      23
      14
      14
      11
      19
      24
      22
      21
      20
      29
      27
      10
      21
      22
      23
      21
      38
      22
      21
      11
      20
      21
      22
      15
      21
      26
      16
      21
      15
      15
      24
      16
      19
      19
      22
      18
      23
      25
      21
      15
      18
      26
      22
      15
      25
      19
      23
      24
      21
      21
      28
      22
      28
      20
      21
      24
      20
      22
      26
      20
      32
      21
      18
      28
      22
      25
      25
      19
      21
      25
      12
      19
      22
      18
      23
      26
      25
      20
      20
      13
      17
      18
      22
      20
      19
      20
      11
      24
      20
      25
      19
      20
      18
      26
      20
      14
      20
      19
      17
      19
      26
      17
      18
      18
      13
      26
      22
      21
      18
      18
      22
      28
      24
      18
      26
      18
      21
      28
      26
      19
      30
      19
      26
      18
      26
      13
      22
      20
      24
      32
      16
      22
      35
      22
      30
      28
      18
      24
      18
      25
      28
      23
      21
      21
      20
      20
      23
      27
      18
      22
      19
      22
      21
      23
      18
      19
      29
      20
      18
      18
      20
      23
      16
      15
      24
      22
      19
      24
      29
      20
      18
      23
      17
      23
      21
      17
      19
      16
      25
      20
      20
      19
      22
      29
      20
      23
      21
      19
      15
      31
      19
      30
      18
      22
      10
      18
      28
      26
      17
      20
      19
      18
      17
      20
      15
      16
      18
      19
      19
      27
      14
      18
      31
      19
      30
      19
      24
      17
      25
      25
      23
      27
      15
      20
      19
      23
      33
      16
      18
      15
      22
      21
      16
      25
      20
      33
      21
      19
      27
      26
      23
      22
      20
      33
      25
      13
      19
      23
      14
      19
      17
      18
      11
      32
      21
      16
      21
      20
      16
      28
      25
      20
      19
      28
      20
      15
      13
      21
      20
      23
      20
      28
      23
      18
      20
      22
      21
      21
      20
      21
      18
      17
      16
      26
      24
      27
      13
      28
      21
      17
      22
      18
      19
      19
      22
      22
      23
      27
      24
      26
      20
      17
      10
      22
      25
      24
      22
      23
      23
      23
      29
      13
      27
      18
      30
      22
      19
      21
      29
      21
      25
      35
      22
      19
      28
      18
      15
      27
      25
      25
      30
      25
      21
      16
      10
      17
      16
      19
      19
      24
      14
      27
      25
      25
      16
      20
      16
      24
      23
      25
      16
      20
      25
      21
      17
      17
      21
      26
      22
      25
      20
      25
      17
      20
      22
      20
      32
      25
      20
      28
      17
      14
      15
      25
      22
      21
      25
      23
      32
      26
      24
      21
      16
      20
      18
      24
      13
      23
      17
      22
      28
      22
      33
      21
      19
      19
      24
      17
      23
      21
      18
      22
      29
      27
      21
      17
      18
      22
      16
      28
      23
      29
      25
      21
      26
      22
      20
      20
      20
      25
      18
      23
      22
      21
      26
      25
      18
      24
      15
      15
      24
      21
      28
      23
      20
      34
      27
      23
      24
      27
      25
      18
      18
      22
      22
      26
      22
      20
      17
      21
      25
      17
      26
      23
      27
      19
      20
      21
      19
      18
      18
      19
      25
      24
      21
      17
      24
      19
      14
      29
      20
      23
      23
      27
      24
      17
      20
      24
      23
      19
      31
      14
      22
      21
      32
      23
      18
      20
      25
      21
      29
      21
      23
      25
      17
      24
      17
      19
      14
      18
      24
      21
      22
      21
      29
      19
      18
      24
      18
      22
      27
      24
      25
      17
      19
      23
      29
      25
      25
      27
      25
      25
      24
      23
      21
      11
      27
      26
      27
      17
      20
      18
      18
      16
      29
      23
      19
      28
      17
      23
      16
      19
      22
      27
      20
      17
      23
      22
      19
      31
      16
      23
      20
      27
      17
      22
      25
      27
      19
      25
      12
      23
      22
      16
      15
      16
      35
      28
      20
      22
      29
      20
      23
      21
      15
      22
      18
      20
      28
      25
      28
      16
      28
      18
      19
      19
      26
      18
      33
      17
      24
      24
      27
      32
      16
      35
      24
      13
      27
      24
      17
      20
      32
      27
      29
      29
      19
      32
      26
      30
      22
      20
      32
      31
      30
      26
      26
      26
      24
      28
      25
      24
      31
      30
      14
      25
      21
      15
      27
      18
      26
      22
      24
      23
      28
      18
      33
      26
      25
      24
      31
      32
      26
      34
      27
      17
      25
      22
      29
      29
      29
      24
      21
      22
      18
      18
      20
      18
      20
      26
      22
      21
      26
      24
      16
      19
      25
      26
      21
      26
      24
      28
      25
      18
      18
      24
      23
      28
      22
      23
      19
      17
      21
      23
      19
      22
      18
      29
      21
      22
      19
      28
      23
      34
      26
      28
      22
      28
      18
      27
      19
      17
      21
      26
      20
      26
      21
      22
      26
      18
      21
      23
      25
      29
      22
      19
      30
      34
      28
      20
      20
      20
      20
      19
      25
      24
      29
      25
      24
      21
      14
      16
      16
      31
      16
      30
      22
      19
      25
      25
      24
      24
      28
      24
      30
      26
      21
      27
      17
      23
      28
      25
      22
      27
      19
      30
      19
      19
      24
      31
      28
      26
      18
      26
      23
      11
      20
      27
      26
      26
      19
      34
      20
      24
      28
      23
      19
      25
      24
      28
      24
      22
      27
      29
      35
      30
      28
      27
      30
      43
      39
      46
      57
      74
      94
     113
     123
     124
     156
     152
     169
     196
     162
     159
     140
     112
      78
      58
      56
      30
      38
      21
      24
      27
      22
      31
      20
      26
      28
      17
      19
      31
      28
      20
      28
      21
      22
      33
      33
      23
      21
      20
      34
      31
      27
      17
      21
      19
      25
      29
      18
      18
      19
      30
      29
      21
      29
      35
      22
      23
      23
      25
      28
      27
      23
      21
      22
      31
      26
      21
      26
      19
      19
      26
      26
      25
      25
      22
      16
      25
      38
      26
      32
      29
      20
      21
      23
      19
      36
      18
      20
      27
      28
      33
      26
      22
      26
      26
      25
      22
      24
      23
      19
      21
      26
      27
      25
      27
      28
      24
      22
      29
      21
      29
      22
      25
      22
      24
      26
      23
      26
      22
      20
      26
      33
      26
      28
      20
      23
      28
      22
      15
      30
      18
      21
      30
      33
      21
      23
      20
      28
      25
      25
      31
      37
      20
      27
      37
      27
      36
      25
      26
      29
      37
      33
      22
      18
      35
      28
      21
      30
      23
      32
      33
      23
      27
      22
      32
      30
      21
      30
      25
      18
      27
      27
      31
      37
      24
      19
      22
      30
      19
      27
      30
      35
      31
      28
      23
      22
      24
      31
      23
      35
      26
      24
      24
      41
      29
      18
      32
      20
      33
      35
      18
      21
      36
      15
      28
      21
      24
      34
      18
      24
      29
      34
      24
      25
      27
      33
      24
      27
      28
      41
      23
      30
      32
      21
      26
      21
      32
      23
      24
      28
      27
      25
      22
      25
      39
      27
      35
      30
      18
      37
      24
      33
      23
      28
      29
      21
      33
      28
      37
      23
      28
      26
      30
      27
      27
      29
      37
      28
      25
      19
      30
      35
      41
      29
      27
      27
      22
      27
      31
      23
      28
      37
      46
      27
      27
      27
      47
      29
      37
      23
      28
      30
      26
      24
      31
      31
      27
      44
      27
      33
      15
      32
      33
      33
      26
      31
      23
      34
      26
      32
      34
      28
      30
      32
      27
      31
      28
      24
      25
      30
      38
      25
      28
      26
      43
      32
      35
      34
      37
      30
      30
      31
      30
      28
      29
      20
      35
      38
      42
      19
      31
      28
      23
      28
      35
      32
      28
      35
      23
      30
      19
      26
      28
      35
      30
      26
      23
      22
      34
      39
      26
      23
      29
      30
      35
      25
      42
      31
      29
      27
      33
      28
      32
      22
      26
      27
      24
      24
      28
      25
      23
      26
      32
      24
      20
      27
      17
      34
      29
      31
      27
      24
      34
      19
      23
      29
      24
      22
      25
      19
      32
      27
      21
      22
      20
      26
      15
      31
      24
      24
      21
      19
      23
      26
      19
      24
      16
      16
      19
      19
      19
      21
      20
      24
      28
      25
      25
      29
      16
      24
      27
      17
      17
      20
      25
      21
      19
      18
      23
      22
      29
      17
      21
      23
      21
      19
      26
      18
      29
      23
      20
      19
      22
      26
      21
      18
      27
      28
      24
      18
      24
      21
      25
      16
      32
      27
      17
      15
      18
      18
      17
      24
      17
      21
      16
      25
       9
      16
      18
      23
      19
      17
      25
      24
      25
      13
      25
      31
      21
      21
      18
      23
      21
      24
      24
      21
      18
      17
      15
      21
      15
      27
      17
      25
      21
      16
      20
      14
      25
      29
      20
      23
      25
      14
      12
      23
      24
      22
      28
      22
      19
      12
      23
      20
      24
      28
      15
      16
      23
      21
      24
      23
      16
      20
      17
      17
      29
      24
      18
      25
      25
      17
      15
      15
      21
      17
      16
      23
      16
      19
      16
      25
      25
      21
      22
      20
      25
      17
      20
      20
      17
      27
      23
      20
      22
      12
      16
      24
      20
      19
      25
      28
      18
      21
      16
      29
      23
      19
      15
      22
      30
      11
      22
      19
      16
      19
      19
      28
      19
      12
      20
      28
      18
      16
      25
      19
      21
      17
      19
      25
      25
      19
      20
      26
      31
      22
      14
      16
      22
      14
      19
      11
      21
      20
      25
      22
      18
      19
      22
      21
      28
      22
      17
      19
      23
      16
      21
      13
      21
      23
      24
      15
      21
      18
      33
      26
      17
      21
      19
      14
      23
      23
      19
      16
      22
      15
      25
      28
      15
      30
      18
      20
      29
      14
      14
      17
      21
      14
      21
      21
      23
      20
      20
      25
      26
      29
      24
      19
      25
      12
      23
      22
      11
      25
      18
      16
      19
      26
      17
      19
      21
      15
       9
      17
      15
      20
      18
      23
      22
      27
      16
      21
      13
      21
      19
      20
      18
      28
      23
      20
      19
      17
      30
      14
      20
      19
      21
      18
      15
      13
      16
      18
      12
      30
      16
      11
      20
      22
      19
      21
      29
      19
      21
      27
      16
      16
      14
      16
      26
      15
      19
      17
      18
      20
      27
      22
      20
      15
      19
      17
      21
      18
      11
      19
      17
      11
      17
      19
      21
      14
      17
      23
      15
      24
      11
      19
      22
      14
      16
      14
      19
      23
      23
      19
      17
      11
      27
      16
      13
      16
      19
      17
      20
      23
      18
      27
      17
      21
      15
      19
      23
      25
      18
      23
      18
      25
      27
      16
      23
      19
      25
      18
      24
      12
      30
      31
      22
      18
      19
      17
      30
      24
      17
      25
      17
      21
      26
      30
      25
      17
      21
      25
      20
      32
      23
      17
      14
      14
      21
      17
      20
      28
      11
      22
      20
      20
      18
      16
      19
      19
      25
      25
      18
      21
      11
      22
      19
      15
      23
      16
      18
      18
      20
      18
      18
      15
      14
       8
      21
      16
      17
      21
      11
      20
      17
      21
      18
      18
      21
      16
      13
      16
      13
      20
      17
      20
      18
      25
      15
      11
      22
      23
      17
      22
      17
      19
      24
      16
      15
      14
      20
      20
      23
      18
      22
      18
      16
      17
       9
      20
      25
      16
      27
      14
      24
      19
      19
      15
      23
      19
      20
      12
      17
      16
      18
      16
      20
      19
      24
      13
      22
      13
      20
      23
      17
      15
      23
      27
      24
      23
      19
      15
      16
      16
      12
      17
      14
      26
      23
      11
      29
      15
      20
      13
      17
      18
      14
       9
      15
      24
      17
      24
      11
      23
      20
      21
      18
      18
      19
      18
      22
      21
      12
      17
      22
      15
      15
      20
      19
      24
      18
      24
      15
      19
      27
      16
      25
      23
      16
      21
      18
      25
      23
      24
      20
      13
      19
      12
      14
      14
      16
      21
      19
      19
      16
      23
      14
      22
      22
      23
      22
      21
      16
      27
      15
      19
      24
      12
      25
      17
      14
      10
      15
      16
      21
      20
      11
      16
      19
      14
      21
      13
      18
      17
      27
      19
      17
      23
      20
      18
      22
      13
      23
      22
      23
      20
      22
      13
      24
      20
      14
      23
      23
      15
      19
      18
      15
      32
      22
      17
      21
      16
      20
      18
      28
      24
      25
      23
      17
      17
      19
      24
      19
      18
      24
      20
      18
      11
      22
      23
      16
      32
      21
      17
      16
      24
      25
      21
      19
      18
      28
      20
      32
      21
      11
      22
      17
      21
      17
      18
      25
      27
      16
      21
      22
      17
      17
      18
       9
      22
      20
      26
      20
      30
      15
      16
      30
      23
      20
      18
      22
      13
      14
      16
      22
       6
      31
      24
      25
      32
      22
      25
      24
      28
      23
      27
      21
      17
      24
      24
      24
      26
      17
      21
      19
      17
      21
      23
      22
      31
      12
      27
      26
      24
      29
      21
      27
      29
      26
      26
      21
      19
      28
      14
      13
      20
      18
      29
      24
      24
      29
      27
      22
      15
      18
      17
      14
      22
      19
      29
      26
      20
      25
      22
      25
      17
      26
      20
      16
      28
      25
      20
      26
      20
      25
      21
      24
      16
      24
      20
      23
      21
      27
      21
      25
      19
      25
      22
      22
      27
      18
      26
      19
      27
      17
      19
      19
      13
      20
      27
      17
      26
      29
      19
      26
      30
      20
      31
      26
      25
      16
      28
      31
      19
      23
      29
      19
      28
      28
      21
      15
      25
      23
      17
      19
      20
      21
      27
      20
      26
      33
      21
      21
      22
      25
      17
      21
      30
      28
      28
      30
      30
      26
      19
      27
      27
      23
      30
      20
      19
      19
      18
      18
      34
      19
      17
      23
      28
      18
      24
      27
      29
      29
      20
      17
      23
      24
      26
      22
      28
      19
      20
      27
      33
      20
      23
      27
      28
      19
      26
      25
      18
      23
      21
      30
      23
      30
      28
      23
      24
      29
      21
      23
      28
      26
      23
      26
      26
      28
      14
      26
      25
      17
      20
      17
      30
      25
      29
      24
      25
      20
      19
      18
      25
      22
      34
      29
      27
      22
      25
      22
      18
      26
      19
      31
      20
      23
      20
      23
      27
      23
      21
      28
      21
      20
      20
      28
      34
      24
      27
      15
      19
      24
      31
      18
      23
      25
      23
      20
      14
      24
      31
      22
      24
      19
      23
      16
      27
      21
      28
      23
      23
      17
      14
      20
      31
      24
      18
      27
      15
      19
      18
      20
      14
      20
      20
      15
      18
      18
      16
      16
      12
      13
      21
      13
      13
      18
      21
      10
      13
      10
      12
      18
      19
      18
      13
      17
      19
      21
      22
      21
      16
      24
      22
      19
      18
      17
      17
      24
      18
      19
      20
      23
      23
      26
      23
      20
      19
      19
      25
      24
      25
      15
      27
      17
      19
      29
      31
      28
      36
      53
      64
      62
      83
     113
     121
     177
     189
     230
     304
     336
     367
     371
     400
     432
     458
     444
     435
     418
     346
     328
     272
     197
     161
     104
      75
      51
      33
      33
      18
      21
      13
      18
      17
      19
      18
       9
      16
       9
       9
       6
      10
       6
      11
      12
       8
      20
      15
      11
      18
      13
      10
       7
      11
      16
      10
       8
       5
      13
      15
      15
      17
      11
       9
      10
       8
      14
      18
      10
       5
      15
       8
      13
       8
      16
      12
      11
      12
      13
      12
      13
      12
      11
      13
      11
      10
      12
       7
      12
       8
      12
       6
       9
      13
      15
      11
      10
       9
      22
      15
      12
      13
       9
      15
      12
       9
      11
      13
       7
      12
      15
      16
      12
      14
      13
      15
      13
      14
      11
      16
       8
      11
      11
      16
      14
      11
      12
      13
       9
      10
      13
      14
       7
       9
      16
      16
      12
      14
      11
      18
      14
       8
      18
      10
      12
      12
      11
      10
      16
      10
      11
       8
       7
       9
      15
       9
      15
      13
       8
      13
       6
      12
      17
       6
      10
      15
      12
      18
      12
      14
      12
      11
       7
      16
       5
      12
       8
      15
      16
      14
       8
       6
       9
      10
       7
      20
      11
       7
      10
      10
      12
      10
      10
       6
       7
      13
       7
      12
       7
       9
       6
      13
      10
      11
       6
      12
      11
      15
       7
      11
       6
      17
      10
       9
      15
      11
      14
      11
       4
       4
       9
      10
       7
       8
       9
       5
      12
      10
      10
      13
       9
      12
       8
      11
      12
      12
       7
       5
      10
      13
       6
       9
       9
       8
       9
      12
       7
      10
       9
      10
       8
      11
      18
      13
       8
      13
       8
      12
       6
       7
      10
      11
      11
       6
      13
       7
      11
       5
       7
      13
       8
       9
       9
      16
       9
       7
      11
      11
      10
       5
       8
      10
       6
       7
      10
      10
       7
      11
      11
       9
       9
       4
       6
      13
      11
      10
       8
       8
      15
       5
      11
       9
       8
       8
      11
       9
       7
      10
       5
       8
       5
       8
      11
       9
      13
       6
      14
       7
       7
       8
      10
      10
      11
      11
       4
       7
       7
       8
       9
       6
       8
      11
       6
       8
       8
       8
       9
      16
       6
       8
       8
       3
       6
       7
       9
       8
       4
       5
       8
       8
       4
       5
       7
       8
       7
       5
      10
      14
       9
       6
       8
      10
       6
       9
       9
       8
       8
       9
       7
       6
       9
       6
       6
       5
      10
      11
       8
       9
      11
       6
       6
      10
       8
      10
       7
       5
       5
       7
       6
       6
      10
      13
       9
       8
       6
       7
       3
       4
       3
       9
       4
       4
       5
       7
       7
       4
       7
       7
       8
       6
       5
       6
       5
       7
      10
       4
       2
       3
       9
       3
       7
       7
       5
       9
      12
       6
       6
       4
       7
      12
       6
       4
       7
       6
       9
       6
       9
       5
       5
       5
       4
       6
       8
       5
       4
       5
       4
       6
       9
       7
       9
       6
       2
       3
       4
       7
       8
       7
       6
       5
       5
       1
       6
       5
       5
       9
       7
       5
       5
       6
       8
       7
       2
       3
       5
       5
       8
       6
       0
       1
       7
      11
       7
       8
      10
       4
      11
       4
       5
       5
       4
       4
       3
       8
       6
       7
       7
       4
       6
       4
      11
       7
       8
      12
       2
       3
       6
       2
       3
       7
       6
       7
      10
       6
       5
       6
       8
       9
       4
       7
       4
       5
       7
      10
       9
      11
       8
       3
       3
       3
       4
       4
      13
       4
       7
       7
       6
       3
       7
       8
       4
       6
       8
      10
       4
       4
       9
       6
      10
       3
       3
       8
       7
       3
       7
       4
       7
       4
       5
       6
       3
      12
       4
       3
       9
       3
       7
       6
       7
       2
       2
       6
       4
       4
       3
       6
       8
       7
       9
       8
       3
       3
       8
       5
       8
       0
       9
       5
       6
       3
       5
       8
       5
       2
       4
       6
       5
      10
       8
       7
       8
       4
       7
       4
       5
       5
       5
       6
       2
       4
       1
       5
       8
       3
       5
      10
       5
       3
       4
       5
       6
       7
       6
      13
       4
       5
       8
       8
       5
       2
       6
       2
       6
       7
       7
      12
       5
       5
       6
       7
       3
       2
       3
       3
       2
       6
       6
       5
       7
       5
       7
       3
       5
       5
       2
       1
       8
       5
       1
       4
       3
       4
       7
       8
       7
       5
       7
       6
       3
       1
       7
       8
       8
       9
       3
       4
       6
       7
       3
       9
       4
       6
       8
       4
       5
       3
       8
       5
       5
       3
       6
      10
       7
       4
       5
       6
       4
       3
       7
      11
       5
       5
       4
       4
       5
       9
       6
       3
       4
       5
       7
       5
       5
       8
       3
       8
      11
       5
       6
       6
       6
       9
       5
       7
       9
       6
       8
       3
      10
       6
       6
       3
       8
       6
       1
       6
       4
       5
       5
       4
       3
       8
       4
       3
       9
       1
       1
       6
       3
       3
       3
       5
       5
       7
       8
       6
       3
       4
       4
       5
       4
       4
       5
       1
       8
       5
      10
       5
       2
       6
      14
       9
       4
      11
       4
       5
       5
       5
       4
       4
       2
       8
       6
       4
       3
       5
       8
       7
       2
       7
       4
       3
       6
       6
       3
       9
      10
       2
       3
       6
       5
       6
       3
       6
      10
       3
       2
       5
       4
       3
       5
       7
       3
       8
       6
       7
       5
       4
       9
       4
       8
       5
       2
       4
       6
       6
       7
       7
       7
       2
       5
       9
       5
       4
       8
       2
       8
      15
       5
       6
       6
       7
       6
       4
       5
       4
      13
       5
       3
       9
       6
       3
       7
       2
       3
       9
       3
       8
       7
       3
       8
      11
       5
       8
       8
       4
       6
       3
       6
       7
       1
      10
      10
       4
       6
       4
       7
       1
       3
       9
       4
       3
       1
       7
       5
       5
       6
       5
      11
       4
       2
       0
       9
       9
       5
       7
       9
       4
       5
       2
       8
       6
      10
       3
       2
       5
      11
       2
       4
      11
       5
       3
       4
       8
       5
       7
       4
       4
       5
      10
       8
       6
       6
       6
       6
       6
       4
       5
       7
       5
       7
       3
       8
       6
       5
       9
       8
       7
       5
       2
       1
       8
       7
       7
       3
       9
       1
       5
       4
       6
       6
       4
       6
       4
       0
       4
      11
       5
       9
       7
       6
       4
       4
      10
       8
       9
       5
       6
       6
       5
       6
       5
      10
       8
       8
       7
       6
       6
       7
      10
      13
       7
       7
       5
       9
       9
       6
       3
       8
       4
      12
       4
      10
      12
      11
      12
      20
      23
      19
      23
      28
      18
      27
      30
      55
      50
      73
      83
     102
     121
     139
     180
     188
     270
     305
     317
     321
     398
     441
     456
     509
     488
     446
     464
     446
     390
     330
     273
     256
     178
     121
      91
      58
      34
      23
      12
       8
       2
       3
       2
       4
       7
       4
       3
       3
       4
       2
       6
       4
       3
       4
       3
       3
       5
       4
       4
       2
       3
       6
       4
       2
       2
       4
       3
       3
       3
       7
       4
       4
       2
       1
       2
       2
       2
       3
       6
       3
       4
       4
       2
       2
       4
       7
       1
       2
       4
       1
       4
       2
       2
       3
       3
       1
       1
       6
       3
       3
       3
       2
       5
       1
       2
       5
       4
       3
       2
       0
       4
       1
       4
       1
       5
       4
       5
       2
       3
       0
       2
       5
       4
       2
       2
       5
       4
       2
       3
       1
       5
       1
       3
       2
       3
       2
       2
       2
       5
       2
       6
       2
       2
       1
       2
       2
       2
       5
       3
       2
       0
       3
       4
       3
       4
       4
       4
       1
       3
       2
       3
       3
       4
       3
       4
       2
       4
       1
       3
       3
       5
       2
       1
       3
       2
       2
       4
       4
       2
       3
       6
       3
       5
       3
       3
       1
       3
       3
       1
       4
       4
       5
       3
       1
       4
       3
       2
       4
       1
       5
       4
       1
       2
       3
       2
       1
       5
       4
       3
       2
       4
       5
       2
       6
       3
       5
       6
       5
       1
       2
       3
       3
       3
       2
       3
       3
       2
       0
       3
       1
       5
       1
       0
       2
       1
       3
       4
       2
       3
       2
       5
       3
       2
       1
       2
       4
       3
       1
       3
       3
       4
       3
       2
       3
       2
       1
       4
       2
       3
       2
       3
       6
       3
       1
       0
       1
       2
       2
       4
       2
       3
       2
       6
       1
       6
       3
       3
       2
       2
       3
       2
       3
       1
       2
       5
       0
       1
       1
       2
       1
       3
       3
       0
       2
       5
       5
       2
       1
       6
       2
       4
       2
       1
       2
       6
       1
       2
       4
       1
       3
       2
       0
       2
       2
       4
       4
       2
       0
       2
       3
       3
       5
       2
       0
       5
       1
       4
       1
       2
       2
       2
       3
       2
       3
       3
       5
       5
       5
       0
       1
       3
       4
       2
       4
       3
       2
       3
       2
       4
       1
       3
       2
       5
       4
       2
       2
       5
       2
       4
       0
       4
       3
       5
       2
       1
       2
       1
       3
       2
       2
       4
       8
       1
       2
       3
       3
       3
       0
       1
       3
       4
       1
       2
       7
       2
       2
       1
       1
       1
       0
       1
       5
       3
       2
       2
       4
       0
       2
       1
       0
       1
       1
       1
       3
       9
       2
       1
       1
       3
       0
       0
       3
       4
       1
       3
       3
       3
       1
       3
       3
       5
       0
       2
       2
       2
       1
       4
       3
       1
       0
       2
       0
       1
       2
       2
       2
       1
       3
       2
       2
       0
       3
       4
       0
       2
       1
       1
       4
       0
       6
       5
       3
       1
       1
       5
       3
       2
       3
       6
       4
       2
       2
       2
       1
       1
       2
       2
       1
       4
       4
       3
       2
       3
       1
       3
       5
       3
       2
       2
       2
       4
       2
       3
       2
       5
       3
       2
       3
       1
       3
       2
       7
       2
       4
       2
       4
       2
       2
       1
       1
       3
       2
       1
       3
       0
       5
       1
       3
       3
       1
       3
       0
       5
       1
       5
       3
       1
       3
       2
       4
       0
       2
       1
       2
       4
       2
       3
       3
       5
       1
       3
       1
       3
       2
       0
       1
       0
       4
       5
       4
       1
       1
       1
       1
       3
       2
       0
       1
       2
       3
       2
       3
       3
       0
       0
       2
       2
       2
       2
       0
       1
       3
       4
       3
       1
       5
       1
       2
       5
       7
       1
       3
       6
       3
       1
       3
       2
       0
       4
       3
       4
       1
       2
       6
       4
       0
       4
       3
       2
       2
       1
       2
       1
       6
       3
       1
       3
       1
       1
       4
       1
       2
       2
       1
       2
       3
       0
       0
       1
       3
       2
       2
       1
       1
       2
       2
       0
       2
       2
       5
       1
       2
       1
       3
       3
       1
       1
       3
       1
       2
       3
       3
       3
       4
       3
       1
       2
       1
       1
       2
       2
       3
       2
       3
       5
       3
       3
       3
       2
       3
       3
       0
       4
       1
       0
       4
       3
       0
       4
       3
       3
       1
       4
       2
       3
       0
       3
       2
       3
       1
       1
       2
       0
       6
       1
       3
       2
       4
       5
       3
       0
       3
       1
       1
       4
       1
       4
       3
       0
       1
       3
       1
       1
       5
       2
       0
       2
       0
       1
       1
       2
       1
       1
       3
       1
       3
       4
       0
       1
       1
       2
       1
       3
       1
       1
       1
       1
       2
       2
       0
       9
       2
       1
       3
       6
       3
       2
       2
       4
       1
       3
       1
       2
       2
       2
       3
       3
       2
       2
       3
       0
       1
       0
       1
       1
       1
       0
       0
       2
       1
       3
       0
       3
       0
       3
       5
       2
       0
       0
       1
       3
       3
       0
       1
       0
       0
       1
       3
       2
       4
       1
       2
       4
       1
       4
       1
       0
       4
       2
       1
       1
       1
       2
       1
       3
       2
       2
       1
       1
       3
       0
       1
       6
       0
       3
       0
       0
       1
       4
       2
       2
       1
       2
       3
       3
       3
       2
       4
       1
       2
       3
       0
       4
       1
       0
       2
       2
       0
       2
       4
       2
       0
       1
       3
       3
       3
       2
       0
       1
       1
       2
       2
       0
       3
       3
       3
       0
       4
       0
       2
       3
       2
       1
       3
       2
       3
       2
       2
       5
       1
       1
       3
       2
       0
       0
       2
       0
       1
       0
       2
       0
       2
       1
       0
       3
       0
       4
       2
       2
       0
       4
       2
       1
       1
       2
       2
       2
       1
       2
       2
       6
       4
       6
       2
       0
       5
       2
       3
       2
       3
       1
       3
       0
       1
       0
       1
       1
       1
       3
       1
       5
       2
       1
       1
       3
       1
       4
       2
       2
       3
       2
       1
       4
       4
       1
       1
       2
       4
       4
       2
       1
       2
       4
       3
       3
       1
       1
       2
       3
       1
       0
       2
       5
       2
       1
       2
       2
       0
       1
       2
       3
       3
       3
       2
       3
       1
       3
       1
       4
       1
       1
       0
       1
       4
       0
       2
       0
       3
       4
       4
       3
       1
       3
       3
       1
       1
       3
       2
       2
       4
       3
       1
       2
       3
       1
       3
       6
       4
       2
       2
       3
       1
       2
       3
       2
       2
       5
       1
       1
       1
       1
       6
       1
       0
       2
       0
       3
       3
       1
       0
       2
       5
       3
       6
       2
       0
       2
       4
       2
       3
       0
       3
       3
       1
       2
       1
       1
       3
       3
       2
       1
       2
       1
       2
       2
       3
       2
       2
       3
       2
       1
       2
       5
       1
       2
       3
       2
       3
       2
       0
       2
       2
       2
       5
       0
       0
       2
       2
       0
       4
       2
       4
       1
       3
       2
       0
       5
       1
       2
       2
       3
       1
       3
       2
       0
       3
       1
       2
       1
       4
       0
       0
       0
       2
       1
       2
       3
       3
       2
       1
       0
       0
       1
       0
       1
       3
       3
       2
       1
       2
       2
       4
       4
       2
       3
       7
       4
       3
       4
       5
       5
       4
       8
       7
       8
       8
       5
      17
      10
      16
      26
      18
      19
      26
      45
      38
      53
      36
      48
      52
      44
      33
      46
      37
      39
      34
      31
      33
      34
      26
      17
      14
      10
       7
       2
       1
       1
       2
       2
       1
       0
       0
       0
       2
       0
       3
       3
       3
       2
       2
       2
       2
       0
       1
       0
       0
       3
       3
       4
       2
       2
       2
       3
       3
       7
       1
       0
       3
       2
       5
       3
       1
       1
       2
       2
       3
       2
       2
       3
       0
       3
       0
       1
       0
       1
       3
       0
       3
       1
       0
       1
       1
       1
       0
       4
       1
       2
       3
       2
       2
       0
       1
       2
       0
       0
       2
       0
       2
       1
       0
       3
       4
       3
       3
       2
       0
       2
       2
       3
       2
       0
       0
       0
       2
       1
       5
       1
       3
       2
       1
       4
       1
       0
       2
       2
       1
       1
       0
       1
       1
       0
       4
       1
       3
       0
       1
       1
       2
       4
       2
       0
       0
       4
       2
       1
       4
       2
       2
       1
       3
       0
       0
       2
       0
       1
       4
       2
       1
       2
       1
       1
       3
       0
       5
       2
       0
       3
       2
       4
       1
       2
       1
       0
       4
       4
       1
       1
       4
       3
       1
       0
       3
       1
       2
       2
       2
       2
       1
       1
       0
       1
       1
       0
       2
       2
       4
       5
       2
       1
       0
       1
       1
       1
       1
       3
       1
       3
       4
       2
       0
       1
       3
       2
       1
       1
       2
       1
       1
       3
       1
       1
       1
       3
       1
       1
       2
       1
       3
       3
       2
       0
       2
       1
       3
       2
       3
       1
       2
       2
       0
       3
       0
       3
       0
       2
       1
       4
       2
       0
       2
       0
       2
       1
       0
       4
       1
       0
       1
       4
       0
       4
       1
       1
       2
       0
       1
       3
       1
       0
       1
       2
       0
       2
       2
       0
       2
       1
       1
       1
       4
       0
       2
       0
       2
       3
       3
       1
       0
       5
       0
       2
       2
       1
       1
       0
       3
       3
       2
       0
       1
       2
       2
       3
       3
       1
       3
       2
       2
       2
       2
       2
       4
       3
       2
       1
       1
       3
       0
       2
       3
       0
       2
       2
       3
       2
       1
       3
       2
       0
       3
       2
       1
       0
       0
       0
       3
       1
       2
       2
       2
       1
       0
       2
       4
       2
       1
       3
       0
       0
       0
       0
       0
       0
       0
       0
       0
       0
       0
       0
       0
       0
       0
       0
       0
       0
       0
       0
       0
       0
       0
       0
       0
       0
       0
       0
       0
       0
       0
       0
       0
       0
       0
       0
       0
       0
       0
       0
       0
       0
       0
       0
       0
       0
       0
       0
       0
       0
       0
       0
       0
       0
       0
       0
       0
       0
       0
       0
       0
       0
       0
       0
       0
       0
       0
       0
       0
       0
       0
       0
       0
       0
       0
       0
       0
       0
       0
       0
       0
       0
       0
       0
       0
       0
       0
       0
       0
       0
       0
       0
       0
       0
       0
       0
       0
       0
       0
       0
       0
       0
       0
       0
       0
       0
       0
       0
       0
       0
       0
       0
       0
       0
       0
       0
       0
       0
       0
       0
       0
       0
       0
       0
       0
       0
       0
       0
$ROI:
1
4146 4168
$PRESETS:
Live Time
600
0
$ENER_FIT:
-1.504534 0.196418
$MCA_CAL:
3
-1.504534E+000 1.964177E-001 -1.544040E-007 keV
$SHAPE_CAL:
3
0.000000E+000 0.000000E+000 0.000000E+000
