$SPEC_ID:
HFNG Beamline
$SPEC_REM:
DET# 2
DETDESC# EasyMCA
AP# Maestro Version 7.01
$DATE_MEA:
06/22/2018 17:29:13
$MEAS_TIM:
600 601
$DATA:
0 8191
       0
       0
       0
       0
       0
       0
       0
       0
       0
       0
       0
       0
       0
       0
       0
       0
       0
       0
       0
       0
       0
       0
       0
       0
       0
       0
       0
       0
       0
       0
       0
       0
       0
       0
       0
       0
       0
       0
       0
       0
       0
       0
       0
       0
       0
       0
       0
       0
      30
      85
      80
      86
      94
      97
      79
      96
      77
     103
      75
      93
      85
      73
      83
      75
      83
      92
      72
      67
      83
      81
      93
      73
      77
      87
      65
      62
      96
      78
      74
      77
      63
      81
      75
      76
      59
      51
      51
      76
      79
      76
      70
      74
      71
      76
      75
      60
      70
      61
      75
      77
      74
      61
      73
      76
      61
      56
      81
      70
      71
      73
      85
      68
      70
      65
      68
      67
      49
      47
      63
      75
      45
      67
      70
      50
      70
      69
      56
      73
      62
      52
      59
      82
      64
      54
      63
      64
      68
      61
      49
      52
      45
      60
      50
      60
      63
      48
      53
      54
      64
      62
      53
      65
      47
      47
      59
      53
      69
      53
      49
      45
      54
      58
      62
      46
      60
      63
      68
      47
      51
      50
      48
      57
      64
      53
      52
      44
      45
      47
      52
      41
      52
      54
      54
      56
      51
      46
      59
      57
      46
      67
      48
      54
      65
      47
      50
      56
      55
      70
      41
      51
      52
      53
      55
      45
      67
      55
      49
      63
      56
      48
      59
      63
      41
      40
      44
      58
      57
      52
      56
      47
      54
      56
      38
      54
      49
      52
      59
      65
      38
      53
      49
      46
      53
      41
      43
      37
      56
      54
      53
      38
      44
      50
      49
      44
      48
      50
      50
      37
      40
      50
      50
      43
      26
      44
      57
      54
      39
      50
      48
      44
      48
      49
      60
      54
      36
      50
      48
      48
      60
      38
      36
      46
      48
      43
      57
      63
      51
      41
      44
      47
      30
      56
      52
      38
      37
      52
      46
      58
      41
      41
      43
      28
      43
      44
      47
      43
      48
      52
      45
      49
      44
      42
      38
      34
      57
      46
      39
      42
      51
      42
      55
      42
      45
      58
      46
      53
      36
      46
      53
      51
      39
      47
      51
      54
      57
      42
      42
      47
      43
      52
      44
      47
      43
      54
      39
      50
      50
      35
      40
      49
      42
      48
      37
      38
      40
      48
      39
      48
      43
      38
      41
      50
      48
      54
      40
      46
      43
      44
      50
      43
      48
      55
      36
      43
      50
      54
      48
      50
      43
      37
      50
      74
      78
     105
     100
      92
      76
      59
      50
      49
      40
      49
      80
     110
     137
     163
     150
      85
      54
      55
      55
      40
      47
      53
      48
      34
      47
      55
      47
      40
      42
      45
      62
      33
      43
      56
      38
      48
      47
      32
      52
      49
      39
      46
      48
      40
      52
      40
      51
      35
      52
      39
      51
      45
      42
      36
      50
      47
      52
      46
      48
      59
      52
      68
      69
      84
      82
      86
      61
      58
      43
      43
      38
      54
      47
      42
      39
      53
      66
      64
      55
      42
      37
      36
      35
      33
      39
      38
      42
      46
      55
      37
      52
      48
      41
      43
      44
      42
      39
      38
      49
      35
      36
      35
      43
      49
      50
      30
      44
      42
      41
      46
      35
      48
      39
      43
      43
      38
      48
      38
      49
      50
      56
      43
      40
      46
      42
      40
      44
      32
      41
      29
      43
      44
      36
      32
      36
      35
      44
      42
      41
      27
      36
      39
      35
      51
      49
      32
      33
      40
      38
      34
      57
      43
      38
      37
      39
      49
      36
      50
      41
      36
      44
      39
      38
      36
      49
      47
      45
      51
      40
      38
      56
      46
      32
      38
      34
      33
      52
      40
      36
      35
      46
      51
      39
      43
      46
      42
      53
      33
      46
      40
      47
      39
      34
      46
      39
      38
      40
      41
      35
      43
      47
      43
      50
      37
      43
      48
      46
      44
      26
      42
      37
      35
      39
      39
      37
      45
      50
      34
      37
      39
      34
      49
      27
      44
      39
      41
      39
      46
      53
      60
      32
      35
      40
      46
      35
      33
      49
      45
      46
      39
      42
      46
      40
      51
      47
      46
      29
      35
      39
      46
      44
      35
      50
      49
      34
      41
      42
      32
      42
      42
      42
      34
      42
      44
      40
      50
      37
      36
      44
      54
      41
      42
      33
      39
      42
      55
      42
      52
      31
      47
      42
      51
      50
      43
      47
      42
      41
      41
      45
      31
      55
      49
      48
      37
      59
      43
      55
      50
      43
      44
      46
      50
      41
      34
      52
      42
      40
      43
      48
      48
      42
      46
      34
      38
      61
      35
      50
      47
      46
      48
      43
      56
      45
      54
      46
      38
      45
      41
      39
      53
      41
      52
      37
      57
      59
     111
     132
     160
     189
     198
     132
      96
      54
      51
      43
      42
      50
      49
      40
      42
      53
      52
      44
      42
      60
      48
      43
      49
      44
      42
      35
      46
      41
      39
      50
      57
      56
      45
      42
      52
      51
      54
      53
      47
      40
      49
      44
      52
      47
      56
      49
      54
      46
      50
      46
      53
      52
      54
      41
      61
      46
      45
      49
      56
      52
      57
      46
      59
      66
      45
      40
      46
      49
      50
      42
      44
      62
      56
      55
      45
      48
      58
      46
      56
      39
      54
      45
      54
      50
      54
      56
      38
      47
      57
      55
      61
      66
      56
      63
      44
      53
      54
      45
      62
      49
      56
      59
      51
      50
      46
      57
      56
      50
      61
      70
      52
      46
      54
      43
      59
      49
      49
      58
      46
      53
      55
      58
      50
      48
      48
      51
      49
      50
      58
      51
      55
      62
      46
      63
      63
      43
      47
      51
      57
      63
      52
      54
      47
      46
      67
      52
      41
      49
      44
      61
      59
      54
      45
      52
      53
      48
      47
      60
      45
      53
      45
      53
      57
      50
      53
      52
      55
      54
      55
      59
      49
      45
      49
      55
      53
      58
      53
      42
      57
      50
      50
      57
      53
      56
      52
      46
      44
      55
      66
      67
      42
      50
      57
      49
      52
      58
      54
      65
      70
      48
      42
      50
      48
      40
      48
      44
      60
      51
      49
      43
      43
      67
      37
      64
      45
      56
      65
      67
      60
      48
      60
      60
      50
      58
      54
      52
      45
      59
      65
      51
      55
      51
      49
      49
      52
      45
      47
      56
      52
      50
      55
      54
      45
      37
      62
      53
      79
      67
      48
      66
      60
      52
      52
      51
      60
      51
      47
      50
      45
      52
      55
      51
      51
      45
      49
      47
      44
      60
      46
      51
      46
      52
      36
      52
      42
      45
      38
      53
      45
      58
      53
      42
      47
      39
      45
      47
      48
      47
      50
      45
      42
      42
      49
      38
      49
      46
      53
      45
      43
      41
      32
      35
      54
      51
      31
      48
      39
      43
      53
      46
      52
      38
      38
      44
      51
      38
      41
      39
      50
      34
      34
      40
      36
      36
      45
      45
      48
      33
      29
      48
      40
      31
      39
      39
      39
      50
      40
      35
      31
      48
      34
      36
      43
      41
      53
      36
      45
      52
      37
      48
      50
      32
      50
      31
      48
      31
      42
      39
      30
      34
      38
      40
      37
      42
      42
      31
      48
      47
      37
      38
      36
      56
      47
      28
      42
      35
      54
      39
      39
      29
      42
      38
      44
      41
      46
      37
      41
      37
      50
      35
      37
      38
      31
      40
      54
      41
      30
      43
      48
      41
      38
      34
      43
      49
      37
      62
      41
      38
      49
      48
      46
      38
      31
      37
      31
      42
      36
      37
      52
      37
      48
      47
      41
      49
      41
      44
      37
      41
      38
      42
      43
      40
      45
      37
      34
      34
      39
      39
      38
      37
      35
      31
      41
      34
      51
      33
      31
      51
      41
      38
      38
      43
      50
      39
      51
      43
      42
      27
      36
      39
      41
      41
      41
      44
      29
      33
      32
      48
      38
      35
      50
      48
      38
      39
      33
      24
      52
      38
      42
      39
      36
      33
      37
      44
      26
      48
      36
      33
      33
      32
      42
      39
      38
      42
      53
      31
      42
      29
      28
      35
      35
      32
      36
      28
      39
      30
      36
      39
      32
      32
      44
      38
      41
      34
      35
      27
      44
      32
      32
      39
      35
      36
      33
      23
      26
      20
      35
      40
      27
      42
      36
      37
      32
      36
      32
      33
      36
      39
      33
      44
      37
      24
      30
      34
      29
      19
      31
      33
      41
      34
      27
      33
      38
      35
      37
      28
      43
      39
      36
      41
      32
      28
      35
      34
      47
      30
      38
      37
      27
      46
      32
      37
      40
      29
      40
      38
      38
      42
      38
      34
      30
      40
      24
      36
      36
      35
      22
      31
      34
      38
      34
      16
      31
      32
      18
      33
      31
      25
      32
      35
      28
      36
      32
      22
      35
      28
      30
      30
      40
      25
      37
      39
      27
      36
      24
      16
      36
      33
      28
      26
      28
      29
      42
      34
      32
      30
      26
      30
      20
      20
      25
      29
      28
      15
      32
      32
      26
      31
      28
      27
      29
      36
      30
      43
      35
      34
      28
      27
      30
      25
      24
      25
      31
      33
      18
      29
      26
      25
      26
      29
      23
      27
      19
      22
      31
      31
      25
      27
      28
      29
      24
      20
      30
      16
      22
      17
      33
      20
      29
      22
      16
      13
      24
      28
      24
      25
      36
      33
      28
      29
      21
      28
      18
      32
      19
      18
      28
      25
      31
      32
      21
      31
      19
      27
      28
      24
      27
      22
      26
      19
      15
      33
      27
      33
      26
      23
      23
      21
      32
      18
      24
      31
      27
      28
      28
      25
      12
      28
      28
      21
      18
      12
      21
      25
      22
      34
      28
      20
      31
      18
      18
      33
      20
      24
      18
      21
      27
      21
      33
      17
      17
      23
      23
      17
      25
      25
      31
      19
      22
      25
      15
      23
      25
      19
      21
      22
      32
      25
      17
      22
      20
      26
      21
      31
      19
      29
      22
      17
      20
      20
      19
      25
      23
      19
      18
      26
      28
      24
      38
      23
      33
      26
      19
      26
      24
      15
      16
      25
      37
      20
      20
      15
      23
      29
      31
      18
      18
      30
      19
      26
      19
      15
      16
      23
      22
      30
      22
      30
      17
      26
      25
      16
      18
      23
      12
      24
      16
      27
      17
      24
      18
      22
      27
      14
      32
      26
      26
      31
      22
      18
      12
      16
      34
      17
      16
      23
      25
      27
      25
      27
      17
      23
      16
      26
      27
      22
      22
      27
      34
      21
      22
      21
      24
      13
      24
      24
      20
      12
      15
      22
      19
      26
      24
      20
      27
      11
      18
      24
      14
      18
      18
      17
      26
      25
      17
      18
      24
      22
      21
      15
      23
      22
      15
      22
      18
      17
      20
      24
      21
      21
      16
      24
      16
      24
      18
      24
      20
      31
      25
      22
      18
      16
      26
      20
      19
      20
      17
      16
      22
      19
      18
      28
      21
      24
      28
      20
      15
      13
      20
      30
      15
      14
      18
      14
      16
      19
      15
      17
      25
      21
      11
      14
      18
      16
      29
      17
      14
      19
      21
      15
      16
      17
      12
      18
      20
      21
      17
      15
      18
      12
      20
      24
      19
      22
      18
      18
      18
      15
      20
      17
      17
      17
      29
      23
      18
      21
      18
      23
      18
      14
      12
      26
      18
      18
      22
      22
      21
      20
      26
      18
      29
      20
       6
      19
      20
      23
      20
      20
      25
      22
      17
      24
      23
      21
      23
      23
      42
      28
      35
      40
      55
      94
     160
     264
     529
     803
    1079
    1268
    1379
    1319
    1066
     749
     391
     198
      92
      38
      32
      19
      19
      10
       9
      17
      12
       7
       9
      22
       5
      14
       9
      20
      15
      15
      10
      17
      15
      16
      14
      13
      15
       8
      16
      10
      10
       6
      16
       8
      20
       9
      10
       6
      12
      10
      15
      13
      10
      15
       6
      12
       9
       8
      17
       7
      19
      14
      10
      16
      19
      12
       8
      11
      14
      13
      10
      17
       8
      10
      15
      11
      17
       8
       7
      17
       8
       7
      12
       9
      16
       9
      12
      14
      13
      14
      12
      14
      13
      12
      18
      15
      10
      16
      10
      12
      10
      20
      24
      26
      34
      27
      30
      22
      13
      18
      10
      16
      12
      13
       9
      16
      15
       9
      12
      13
      13
       9
      11
      13
      10
      10
      15
       9
      16
       8
       6
       8
      16
      10
      16
       7
      14
      14
      12
      16
      21
      11
      11
      11
      10
      17
      15
      15
      11
      12
       6
      18
      15
       8
      12
      17
      13
      12
      12
       9
      11
       9
      17
       9
      16
      12
      10
      14
       8
      15
      11
      13
      19
      10
       6
      16
      16
      13
      15
      10
      11
      16
      15
      11
       8
       6
      11
      11
       9
      13
      14
      24
      15
      10
      14
      18
      15
      12
      15
      10
      13
      10
      11
       8
      10
      27
      17
       6
      20
      13
       6
      11
      10
      18
      10
      15
      12
       9
       7
      10
      12
      15
       7
      10
       8
       7
      12
      19
      13
      10
      13
      13
      11
      13
      10
      13
      12
      19
       9
      10
      14
       6
      16
      11
       6
      13
      12
      13
      11
      13
       7
      16
      13
      17
       8
       9
       4
      19
      16
      11
      12
      17
      12
       9
      10
       7
       5
      13
       8
       7
      12
      18
       6
      11
      11
       9
      12
      14
      13
      13
      15
      19
      11
      18
      23
      24
      32
      55
      48
      94
      81
      97
      78
      50
      40
      24
      21
      10
      12
      12
      11
      13
      17
      13
      22
       6
      14
      15
      11
      11
      10
      12
      10
      18
      14
      10
       9
      11
      13
       7
       7
       9
       9
      11
       7
      10
       9
       9
      15
      18
      14
       9
      16
      14
      13
       7
      11
      12
       9
      12
      11
      12
      16
      16
      14
      12
      11
       6
      10
      15
      10
       8
      15
      12
       8
       3
      12
       7
      13
      12
      14
      11
       9
       7
      17
      14
       5
      13
      15
       8
      10
      12
      16
      14
       9
      14
       9
       6
      16
       5
      12
      13
      17
      11
      11
      10
      10
      13
      15
      14
      16
      13
      11
       9
      11
      12
      12
      10
      10
       7
      18
      14
       6
      12
      11
      17
      20
      10
      10
      18
      21
      35
      36
      51
      88
     162
     226
     276
     357
     401
     424
     384
     274
     181
     110
      59
      29
      11
      11
       9
       8
      10
       6
       9
      10
       7
      11
       8
      10
       8
      11
      10
       6
      12
       6
       7
       7
       6
      14
      10
      13
      13
       5
       7
      16
      11
       6
      10
       5
       5
       7
       9
       7
      10
      10
      11
      14
      10
      14
      18
       9
      14
       5
      10
       8
       7
       7
       9
      10
      11
       9
       8
       5
       6
       8
      13
       7
       6
      16
       9
      10
      14
       9
       7
      13
       9
       9
       9
      13
       8
       8
       6
      12
      11
       5
       9
      12
      10
       7
       8
      11
       5
       7
       7
       8
       7
       7
       6
       9
       9
      12
      16
       9
      11
       7
      13
       3
       8
       8
       8
       2
       4
      12
      12
      11
      14
      11
       5
      13
      10
       8
       7
      12
      13
      14
      10
       9
       6
      17
      12
       8
      11
       9
       8
       8
      10
       9
      12
       3
       3
      13
       8
      10
      10
       9
       8
       9
       8
       6
       9
      18
       7
      11
      13
       8
       6
       8
      15
       7
       8
       9
       6
       9
       5
      11
       6
       6
      11
       8
      10
      15
      12
      12
       9
      11
       6
      14
       9
       8
      12
       5
      11
      13
       8
       7
       7
       3
      10
      11
       7
       9
      11
       7
      11
       4
       9
       3
      14
      14
      12
      11
       4
      12
       5
       9
       6
      11
      11
       4
      12
       8
       7
      11
      13
       5
      12
      11
      13
       9
      12
       8
      10
       8
      10
      13
       4
       6
      15
       8
      12
      10
      13
      12
      11
      12
      16
      11
      16
      19
      17
      14
      15
       8
       9
      10
      16
       8
       7
       9
      11
      13
       7
      13
       7
       6
       5
      11
       9
      16
      14
       5
      13
       8
       8
      17
       9
       9
      11
       8
       7
      14
       9
       8
       9
       8
       8
       8
      13
       5
       5
       6
       9
       3
       6
       8
       6
      12
      11
       8
       6
      12
      13
       5
       7
       6
       9
      10
       7
       9
       9
      12
       7
       4
      13
       4
      10
      10
       9
      16
       3
      11
       5
      14
       2
       7
       6
       7
      12
       9
      13
      14
       8
       6
      13
       7
      11
       8
       4
       7
      14
      16
       7
       6
       7
       7
       8
      13
      10
       5
      12
       5
      10
       8
       7
       6
       6
       5
      15
       6
      19
       8
       7
      10
       5
       6
       9
       7
       5
      11
       6
       6
       9
       6
       7
       6
       8
      10
      10
      13
      10
       8
       8
       4
       5
       7
      11
       8
      13
      11
       8
       8
       5
       5
      12
       9
       8
       6
       5
       8
      14
       5
      10
       6
       8
      12
      13
       5
       5
      13
      14
      11
      15
       7
      11
      15
      11
       8
       6
      10
       4
       7
       8
       9
      11
       5
       9
      13
       7
       3
      10
       9
       8
       7
      10
      14
       7
       4
       7
      12
       7
      14
      10
       5
      10
      12
      15
      10
      13
       6
       9
       6
      13
       9
       9
       8
       7
       9
       3
      11
      10
       7
      10
      10
       9
      14
      10
      13
       7
      13
      13
       7
       9
      11
      12
       8
      12
      10
       9
       7
       6
       9
      10
      15
       7
       7
      11
      12
      21
      17
      15
      13
       8
      10
       7
      16
      13
      13
      15
      15
      12
       8
      14
       7
      10
       9
      14
       7
      11
      16
      11
      18
      12
      14
      11
       5
       5
       8
       4
       9
       3
       5
       8
       8
      11
      11
      11
       6
      10
       9
      13
       7
       6
       5
      14
       6
       5
       4
       7
       7
       9
      11
      11
      11
       6
      10
      13
       6
       8
       8
       5
       7
       8
       9
       5
       5
       9
       9
       7
      10
      13
       8
       7
       7
      10
       6
       6
       8
      14
       9
       5
       9
      10
      12
       7
      10
       8
      14
       5
       9
       6
       7
      17
      10
       9
       9
       6
       8
       6
      14
      12
       9
      11
       7
       5
       2
       8
      11
       9
      10
      10
       4
       7
       5
       6
       4
       8
       5
      11
       6
      12
       7
       9
       7
      15
       4
       7
      10
       7
       9
      14
       8
       5
       5
      12
      10
       7
       6
       9
       7
       9
       5
       7
       5
      11
       8
       8
      10
       5
      10
       4
       8
       6
       5
       4
      10
       7
      11
      11
       7
       4
       8
       4
       8
      10
       8
      11
      10
      13
      12
       6
       8
       7
       4
      12
      10
       5
       4
       4
       9
      16
       5
       3
      12
       9
       8
       6
       8
       6
      10
       8
      18
       9
       9
       6
      11
       6
       6
       5
       6
       8
       6
      11
       7
      11
       8
      12
       5
      10
       9
      12
      11
      14
       7
       8
       7
       8
       8
      16
       6
      15
       8
      11
      15
       7
       9
       9
      10
       9
       6
      10
       9
      12
       7
      14
       9
       8
      11
      10
      11
       8
       5
      13
      10
       7
       7
      10
      18
      10
       5
       8
      11
       8
       9
      10
       4
      10
      12
      11
       9
       6
       9
      14
       7
       9
      11
      12
       9
      14
       9
       7
       6
       5
      16
      10
       8
       8
      12
      10
      15
      10
      15
      13
       9
      13
      13
       6
      10
       7
      12
       6
       3
       7
      10
       8
       8
       4
       3
       4
      12
       7
      14
       7
       9
       7
      10
       9
       8
       7
       7
      12
       7
       6
      10
       8
       6
       6
       5
      10
       8
       8
       7
      11
       7
       9
      11
       8
       3
       7
       9
      10
       9
       5
      10
       7
       5
      14
       9
      12
       8
      11
       6
       7
       9
      11
       9
      12
       7
       8
       5
       7
       6
      11
      11
       8
       8
       9
       9
       8
      10
       7
      10
       3
       7
      10
      11
       7
       9
       7
       9
       6
       7
       9
      18
       8
       5
       7
       9
       9
      10
       7
      14
       6
       9
      14
       8
       7
       9
      12
       9
       6
       6
       9
       9
       7
       7
       8
       9
       7
       8
       6
      13
      11
       7
      11
      13
       9
      11
       4
       7
       7
       7
      11
       7
       7
       8
      14
       5
      10
      10
       9
       7
      13
       5
       7
       9
       9
       8
      10
       2
       8
       4
       8
      14
       7
       7
      15
      10
       9
       4
       9
      12
       7
       7
      15
       4
      12
      15
       5
      10
       2
      13
      10
       7
       7
       8
      10
      10
      13
       3
      10
       7
      15
       9
      13
      13
      10
      11
      10
       4
       6
       8
       7
       9
       5
       9
       7
      10
      11
       7
       7
      10
       5
      10
      15
       6
      13
       3
       9
       7
      15
      12
      12
      12
      11
      13
       9
      10
       8
       9
       3
       7
       9
       5
       4
      13
       8
      12
       7
      12
      13
       9
       4
       7
       9
      11
       8
       8
       2
       6
       8
       6
       4
      13
       8
       2
       8
      13
      11
      12
      11
       5
      10
       5
       7
       9
       6
      10
      12
       9
       8
       7
       9
      12
       6
      10
      13
      11
       7
       7
       7
      11
      14
       6
       5
       8
       9
       8
       9
       7
       8
      16
      11
       4
       6
      11
       9
       5
      11
       9
      10
       7
       5
      18
      10
       9
       4
       6
       9
       7
      17
       9
       8
      11
       9
       8
       4
       9
       7
       7
      12
       7
       6
       7
      13
       7
       9
       6
       7
       5
      11
       8
      15
       8
       5
       7
       8
       7
       9
       7
       9
       8
       8
       9
       9
       8
       7
      15
       9
       9
       9
       7
       8
       8
      11
       7
      10
       8
       7
       8
       6
       7
      14
       5
      11
       9
       6
      13
      13
       9
       8
       8
      11
       6
       4
       4
       7
       9
       6
       7
       9
       7
      10
       9
       3
       8
       4
       3
      16
       4
      10
       6
       5
      12
       4
      11
       7
       8
       9
       9
       9
       5
       7
      13
       6
       8
       9
      11
       9
       7
       9
       8
       6
      10
       5
       8
      13
      10
      11
       7
       4
       3
       9
       8
      10
       6
       8
       5
       1
      15
       4
       7
       9
      14
       4
       5
       7
      11
       6
       6
       4
      11
      13
       6
       8
       4
       6
       5
       2
       7
       8
       4
      11
      12
       7
       5
       5
       5
       8
       9
      11
       8
       4
       7
      10
       6
       5
      10
       6
       5
       5
      12
       5
       6
       7
       7
       7
       9
      13
       5
       2
       9
       6
      11
       7
       7
       8
       8
       6
       4
       7
       3
       7
      14
      10
      10
       8
      12
       8
       7
       5
      10
       7
      11
      10
       9
      13
       7
       5
       9
       7
      15
       5
       6
      10
       5
      11
      12
       4
      10
       3
       7
       6
       7
       6
       7
       7
       9
       5
       9
      10
       9
       9
       8
       8
       8
       9
       7
      10
       7
       7
       3
       8
       7
       9
       7
       3
       5
      11
       7
       5
       5
       4
      10
       8
       9
      11
       7
       5
       4
       8
      10
       4
       4
       9
      15
       8
      11
       4
       7
      13
       7
       5
       6
       9
       3
       7
       6
       4
       8
       8
      14
      13
      12
      10
       8
       9
       6
       3
       7
      12
       9
       2
      10
      11
       8
      10
       6
       9
      13
       3
       7
       5
       6
       8
       7
      10
       8
       4
       5
       3
       6
       7
       5
       7
      11
       7
       4
       4
       6
       8
       8
       7
       5
       4
       7
       3
       9
      15
       5
       8
       9
       6
       5
      13
       4
       9
       9
      14
       7
       6
       8
       9
      10
       9
       7
      13
       9
       6
       6
       9
       8
       7
       9
       4
       8
       4
       9
       7
       6
       8
       7
       4
      12
      13
      10
       8
       8
       7
       3
       8
       5
       4
       2
      14
      14
      10
      10
       6
       6
       6
      10
      12
      10
       5
       7
       8
      10
       7
       8
       5
      12
       8
      10
       6
       8
       6
      11
      12
       9
       6
       9
      11
       5
       5
       5
       8
      10
       6
       7
       7
       6
       7
       7
      14
      11
      10
       5
      11
       8
       6
      12
       7
       6
       5
       4
       9
       9
       4
      11
      10
       7
      18
       6
       5
      10
       9
       7
       8
       9
       6
       9
       6
       8
       8
       9
       9
       4
      10
      11
       8
       7
       4
       6
       5
       7
       7
      12
       9
       6
       7
       7
       4
       6
       7
      13
       7
       1
       9
       9
       6
      13
       5
       7
      10
       6
       6
      11
       5
       8
       4
       7
       6
       9
       4
       7
      14
      12
      13
       9
       8
      12
       8
       3
       3
      11
       7
      11
       9
       9
       6
       3
       8
      10
       6
      10
      14
      11
       7
       9
       9
      11
       9
       5
      12
       4
      10
      12
       5
      10
       9
      15
       7
       4
      11
       8
       5
       5
       4
       7
       8
       8
       9
      11
       8
      13
       4
      10
      11
       8
      14
       6
       9
       6
      14
       7
      12
       4
      11
       7
       4
       5
       9
       7
       6
       7
       6
       9
       8
       5
       6
      10
       7
       7
       4
       4
       9
       3
       6
       6
       7
       8
       7
      10
      11
       7
       6
       5
       7
       6
       6
       8
       6
      12
       5
       2
       5
       7
      10
       5
       6
      14
       6
       7
       8
       7
       4
       2
      10
       7
       2
       6
       7
      11
       8
       8
       9
       7
       8
      12
       6
      11
       7
       6
       7
       8
       8
       4
       9
      13
       9
       8
       8
      10
       4
      15
      11
      13
       7
       2
       6
       4
      12
       7
       3
       7
       6
       6
       9
       8
       2
       6
       8
       6
       7
       2
       8
       2
       3
      11
       7
       5
       7
      14
       6
      10
       6
      14
       5
      11
      11
       4
      10
      10
       7
       7
      11
      13
       6
       8
       9
       6
       5
       8
       8
      12
       7
       6
       8
      10
      10
       2
       8
      12
       7
       5
       4
       9
       6
       4
      11
      11
       8
       8
      12
       6
       8
      13
       2
       7
      11
      13
       1
       8
       5
       9
       7
       9
      11
      10
       7
      12
      10
       3
      10
       9
       5
       4
       3
       5
       6
      11
       8
       3
       3
       8
       6
       8
       9
       8
       6
       6
      11
       8
      10
      12
       8
       7
       3
       9
      10
       8
      13
       7
       9
      13
       9
       6
       9
      11
       8
       8
      13
       8
       7
       3
       8
       7
      12
       8
      10
      17
      10
      14
       9
      11
       9
      12
       2
       6
       7
       8
       8
       6
       9
       8
      10
       7
       7
       8
       5
       7
       7
      11
       9
      15
       6
      12
       9
       8
       7
       8
      11
      10
       4
       6
       6
       9
       5
       9
       7
      10
      11
       2
      11
      13
       5
       9
      13
      10
       8
       7
       7
      11
       8
      13
      10
       7
       8
      11
       9
       6
       9
      10
       8
       8
       8
      12
      11
       8
       8
       5
      11
       8
       6
       4
       9
      14
       6
      10
       9
       8
      13
       2
       7
      10
       5
       8
       9
      10
       6
       9
       8
      11
       8
       7
      13
       8
      10
       8
       5
       8
       4
       4
      12
       3
       8
      15
      11
       5
       8
       6
       8
       8
       9
       6
       6
       8
       4
      14
       2
       8
       6
       7
       7
       9
      10
       5
      11
      12
       7
       5
       7
       9
       8
      13
      10
       9
       6
       8
       7
       8
       6
       7
       8
       9
      12
      11
       5
      11
      11
      10
       6
       6
       5
       9
      10
       5
      10
       8
       7
       4
       6
       5
      11
      10
       9
      10
       6
       8
       3
       7
       8
       6
       5
       9
       7
       6
       7
      12
      10
       9
       7
       4
      12
       7
       7
      13
       6
       6
      14
       8
      10
      10
      10
       9
      10
       5
      11
       8
       9
      17
       6
       6
      10
       6
      13
       4
       5
       8
      11
       8
       9
       6
      11
      10
      10
       6
      11
       8
       5
       7
      10
       8
       6
      10
       8
       9
      11
      10
       8
      15
      11
       7
       9
       6
      11
      19
      11
       9
      19
      19
      32
      32
      43
      36
      57
      54
      55
      49
      69
      64
      45
      40
      44
      28
      20
      22
      18
       9
       4
       7
       9
      11
       8
       5
       5
       9
       6
       6
      12
      12
       6
      10
      16
      14
       7
       8
       4
      11
      11
       7
      11
       5
      12
       4
       9
      14
      11
      11
       9
       8
      12
       9
       6
      14
      13
       3
       9
      20
      14
      13
       4
      10
       9
      11
       9
      10
       8
      10
       7
       5
       7
      10
       8
       8
       8
       8
       5
       9
      15
      12
       7
      10
      10
       6
       5
       3
       5
       7
       4
       6
       9
       6
       7
       1
       6
      14
      20
      12
      11
      10
      13
      11
       7
       6
      12
       7
      13
       7
       7
      15
       9
       8
       7
      12
      12
      15
       8
       5
       6
      13
       8
      15
      16
       8
       9
      10
      12
       4
      12
      13
      11
       9
      11
       8
      15
       9
      15
       7
       4
      12
      13
      15
       8
      12
      11
       9
      12
      11
       6
       8
      11
       6
       7
       9
       7
       9
      17
      10
       8
      10
       2
       6
      13
      11
      11
      13
       8
      11
      11
      10
      10
       6
      14
      13
       4
      10
      16
       9
       7
      12
      11
      11
       6
       8
       9
       9
      12
       6
      12
       8
       5
       5
       8
      11
      18
      10
      11
      14
       9
      10
      11
       6
       7
       7
       9
       7
       3
       9
       9
       6
       7
      10
      10
       6
      10
      14
       3
      12
       7
      10
      10
       9
      11
      12
      12
       8
      12
      14
       9
      13
      11
       7
      13
      14
       7
      12
      10
      12
       8
      12
       7
      13
      20
      10
       7
       8
      17
      16
      13
      12
      15
       7
       7
      13
      13
      11
       9
       7
      10
      12
       5
       8
      12
      16
      10
       8
      11
      13
      12
       6
      15
       8
      19
      13
      12
      15
      19
       6
      11
      13
       9
      14
      10
      10
      15
       8
      11
      12
      12
      10
       8
      11
       9
       8
       8
       9
       7
      13
       8
      10
      12
       9
       9
       6
       6
      10
       7
       6
       7
      10
      10
       9
      12
      10
      12
      13
      18
      11
       8
       5
      15
      15
       8
       5
       5
       7
       9
      12
      16
      11
      11
      14
       8
      10
      11
       6
       9
      11
      12
       9
       8
      11
       4
      12
       6
      10
      19
      14
      11
      15
      11
      17
      10
      10
      11
      10
      10
       5
       9
      11
       8
       8
      12
      17
      13
       7
       7
       7
      14
       7
       8
      11
      12
      12
      10
       7
      10
       5
       7
       9
       9
       7
      15
       7
      11
      10
      11
       9
      10
       7
      10
       7
       4
      10
      11
      11
       7
      10
       6
       5
       6
      13
       9
       7
       7
       5
       8
       9
       2
       4
      12
       8
       6
       8
       3
       7
       9
       7
       6
       4
      13
       9
       7
       7
       5
       8
       6
       9
       5
       3
       6
      14
      11
       5
      10
       7
       6
       6
       6
       3
      10
      12
       8
       7
       9
       2
       5
       8
       6
      10
       4
       5
      15
       7
       7
       7
       8
       5
       7
       6
       9
      14
       7
       7
      15
       5
       4
       5
       9
      10
       6
       5
       7
       5
       6
       3
      10
      10
      10
      11
       7
       5
       8
       4
      11
      10
       1
       8
       5
      10
       5
       9
       4
      10
       8
       8
       9
      12
       6
       8
       9
       5
       4
      12
       6
       4
       3
      11
       4
       4
       8
       9
      13
       7
       7
       3
       7
       5
       8
       8
       7
      13
       9
      10
       6
       5
       7
       8
       2
       8
       9
       3
       5
       8
      12
       4
       8
       8
      10
       6
       5
       5
      10
      11
       6
       6
       7
       6
       7
       4
      10
       4
       7
       4
       2
       9
       8
       6
       9
       9
       6
      11
       7
       7
      11
       9
       4
      12
       3
       5
       5
       8
      17
       7
       5
      10
       5
       5
       9
       7
       7
      10
       5
      11
       6
      12
       3
       7
       5
       8
       7
      11
       4
       5
       6
       5
      10
       5
       8
       6
       3
       9
       9
       6
       5
      10
      11
       7
       5
       8
       9
       9
       9
       5
       8
       5
       7
       9
       9
       9
       8
      11
       6
      10
      10
       8
       6
       1
      14
      15
       7
       8
       5
       4
       8
       4
       7
       7
       6
       9
       9
       6
       5
       7
       5
       4
       7
       9
       3
       5
       7
       7
       7
      12
       9
       9
       7
      11
       6
      10
      10
       7
       8
       4
       7
       6
       8
       7
       5
       7
       6
       4
       4
       6
       6
       9
       2
       2
       8
       3
       4
       7
       4
       2
       6
      11
      15
       4
      10
       7
       6
      10
       4
       9
       8
       3
       8
       4
       7
       6
       7
       8
      11
       7
       9
       6
       6
       7
      12
       6
       7
       9
       5
      13
      13
       5
      14
       5
       4
      12
      10
       5
       8
      14
       8
       4
       5
       7
       8
       2
       7
       5
       6
       9
       7
       9
       9
       7
       7
      12
       6
       4
       7
       7
       9
       7
      12
       5
      11
       7
       5
       5
       9
      10
       8
      10
      10
       6
       2
       5
       7
       7
       6
       8
      12
       8
       7
      10
       5
       9
       9
       5
       9
      11
       8
       7
       5
       5
       3
      14
       9
      13
       6
      11
       6
      13
       8
      11
       5
       4
       7
       3
       9
       7
       9
       5
       3
      11
      12
       4
      10
       5
       6
       6
       7
      12
       6
       2
       3
      11
       4
       9
      11
       6
       7
       7
       6
       4
       4
       8
       6
       8
      10
       7
       7
       7
       3
       9
      10
       8
       4
       9
       9
       3
       8
      11
       7
       1
       3
       5
       9
      11
       6
       9
       4
      10
       5
       3
       4
      10
       9
       8
       4
       6
       2
       4
       5
       9
       2
       7
       8
       8
      10
       5
       7
       7
       6
       7
      12
       8
       6
       6
      11
       6
       4
       9
       8
       4
       7
       6
       4
       6
       5
       9
       6
       8
       8
       2
      10
       6
       8
       8
      10
       4
       8
       7
       8
       9
      11
      10
       8
       4
       7
       3
       8
       3
       4
       5
       5
       8
       9
       8
       4
       7
       6
       7
       9
       6
       6
       8
       7
      11
       7
       2
       4
       6
       9
       5
      10
      10
       6
       4
       5
       6
       5
       4
       4
       4
       5
       6
      12
       2
       5
       9
       9
       5
       7
       6
       6
      11
       5
       9
       4
       7
       3
       9
       5
       6
       5
       8
       6
       4
      12
       7
       7
       9
       6
       7
       6
       7
       8
       8
       7
       8
       7
       7
       7
       7
       7
      11
       4
       8
       7
       8
       5
       7
      11
      11
       6
       4
       6
       6
       8
       9
      10
       8
       5
       3
      12
       7
      11
       5
       6
       6
      10
      12
       9
       8
       5
       3
       6
      12
      17
      13
       8
      11
       8
       6
      10
      11
       2
       9
       6
       6
       6
       1
       1
      10
      10
      11
       8
       9
       4
       4
      10
      11
       7
       6
       2
       4
       4
       7
       4
       6
       8
       6
      11
       8
       7
       8
      12
       8
       9
       5
       8
      13
      14
       7
       4
       6
      10
       5
      10
       2
       4
      11
      12
       8
      10
       9
       8
      13
       4
       8
       4
      14
       3
       8
       7
       7
       8
       4
       4
       7
      10
       5
       8
       3
      12
       5
       7
       9
       7
       8
      16
       6
       7
       8
       6
       4
       4
       5
       8
       8
       9
       7
       4
       6
       9
       2
       8
       7
      11
       6
       6
       8
       7
       8
      11
       9
       6
       7
       8
      12
       8
      12
       9
      10
       5
       9
       9
      10
       8
       7
       9
       7
       5
       9
       7
       9
       5
       5
       9
       5
      13
      10
       8
       2
       9
       5
       4
       9
      10
       5
      10
       6
       9
       8
       4
       6
      12
       8
       7
      10
       8
       6
       5
       5
       6
      10
       9
       8
      13
       8
      13
       8
      10
       3
       5
       3
       9
      10
      10
       5
      10
       3
       9
       3
       7
      14
       8
       7
      11
       9
       7
       9
       3
      10
      19
       8
      14
      10
       7
      11
      11
       6
       8
       9
      12
       9
       7
       5
      13
      12
      12
       6
      13
      11
      12
       9
       9
       9
       9
       6
       5
      11
       7
      16
       9
      10
      11
       5
      11
      10
       9
       8
       6
      11
      12
       8
       7
       7
       8
       8
       6
       9
       6
      10
      10
       7
       8
      13
      10
       4
       4
       7
       9
      13
      13
       2
      11
      15
      10
       7
       7
       4
      11
      10
      11
      12
      12
      13
       9
      10
      10
      10
       8
       8
      12
       8
       4
      11
       8
       9
       9
      12
       5
      12
       6
       4
      10
       9
      10
       6
       4
      11
       4
      10
       9
       8
      13
       7
       6
       7
      10
       5
       3
       8
      13
       9
       7
      14
       8
       8
      12
      12
      11
      12
       6
       7
      10
       8
      10
       5
      16
      12
       7
       7
       9
       9
       5
       8
       6
       7
      10
       5
       5
       7
       6
      10
       9
       6
       7
       7
       8
       4
       9
       8
       9
       3
       7
       1
      10
       5
       4
       5
      11
       6
       7
       4
       8
       3
       7
       6
       3
       3
       7
       5
       7
       4
       2
       7
       4
       8
       6
       5
       4
       9
       9
       5
       6
       8
       7
       9
       6
       9
       6
       8
       5
       6
       6
       4
       5
       8
       3
       7
       8
       6
       7
       7
      12
       5
       8
       8
       9
       8
       9
       6
       1
       9
      10
      11
       8
      10
       6
       8
      11
      11
      10
       9
      11
      20
      35
      26
      39
      48
      57
      64
      64
      83
     104
     108
     157
     169
     175
     152
     162
     161
     161
     151
     134
      88
      62
      57
      51
      25
      23
      11
       6
       4
       4
       4
       2
       3
       3
       7
       6
       5
       4
       4
       4
       5
       6
       2
       4
       4
       7
       5
       5
       6
       9
       5
       3
       2
       6
       9
       9
       2
       5
       2
       3
       7
       6
       2
       2
       2
       4
       7
       3
       7
       2
       4
       9
       6
       7
       7
       6
       7
       6
       2
       3
       5
       9
       5
       4
       4
       5
       3
       8
       9
       3
       4
       6
       8
       4
       7
       8
       0
       5
       1
       1
       7
       5
       5
       7
       6
       8
       3
       6
       4
       2
       1
       4
       3
       3
       2
       5
       2
       4
       3
       6
       7
       1
       6
       0
       5
       5
       3
       3
       6
       4
       5
       7
       2
       1
       4
       4
       3
       3
       8
       4
       5
       3
       5
       5
       4
       3
       3
       3
       4
       5
       4
       4
       4
       2
       4
       6
       5
       1
       1
       1
       4
       3
       5
       2
       3
       2
       5
       4
       2
       3
       3
       4
       4
       5
       5
       5
       3
       3
       6
       5
       6
       3
       3
      12
       7
       3
       2
       6
       2
       3
       2
       2
       4
       3
       2
       4
       5
       0
       7
       5
       3
       6
       2
       4
       2
       4
       5
       5
       6
       4
       3
       4
       2
       5
       1
       2
       3
       1
       4
       3
       5
       3
       6
       4
       3
       2
       2
       8
       2
       2
       4
       3
       3
       4
       2
       1
       3
       2
       4
       2
       2
       3
       3
       9
       1
       3
       5
       2
       5
       3
       1
       3
       2
       4
       0
       4
       2
       3
       3
       2
       5
       3
       5
       1
       5
       2
       3
       1
       2
       3
       4
       1
       4
       1
       3
       3
       3
       0
       2
       5
       2
       4
       3
       0
       3
       4
       3
       3
       1
       1
       4
       3
       2
       3
       3
       3
       5
       3
       4
       6
       3
       2
       2
       5
       4
       2
       4
       8
       2
       5
       0
       3
       2
       6
       2
       4
       6
       5
       1
       5
       3
       7
       1
       4
       4
       1
       2
       1
       2
       3
       1
       1
       2
       3
       5
       4
       3
       1
       0
       5
       6
       0
       1
       1
       2
       1
       3
       7
       3
       3
       3
       2
       4
       1
       3
       4
       3
       3
       2
       4
       4
       1
       3
       4
       6
       2
       0
       6
       0
       3
       2
       4
       6
       3
       4
       1
       2
       1
       7
       4
       1
       1
       2
       2
       1
       1
       3
       3
       1
       2
       2
       0
       4
       2
       1
       4
       3
       1
       3
       1
       3
       2
       2
       3
       7
       5
       2
       2
       3
       2
       5
       2
       2
       2
       2
       1
       4
       2
       2
       2
       1
       1
       1
       6
       2
       2
       0
       4
       1
       1
       1
       1
       3
       2
       3
       1
       2
       2
       2
       3
       1
       5
       2
       1
       2
       2
       4
       2
       0
       2
       1
       0
       4
       2
       3
       0
       2
       4
       0
       3
       1
       2
       0
       1
       3
       2
       4
       1
       2
       3
       2
       0
       0
       1
       1
       3
       0
       3
       3
       1
       4
       1
       3
       4
       2
       1
       1
       0
       3
       3
       2
       2
       0
       4
       3
       0
       2
       2
       2
       3
       3
       1
       1
       3
       2
       0
       1
       2
       0
       5
       2
       3
       2
       1
       1
       1
       1
       0
       2
       2
       1
       3
       1
       2
       6
       5
       3
       1
       2
       6
       1
       2
       5
       1
       2
       2
       0
       2
       1
       1
       2
       2
       2
       0
       2
       2
       1
       0
       2
       2
       2
       3
       3
       3
       2
       3
       1
       3
       2
       2
       1
       3
       3
       5
       3
       0
       2
       5
       4
       2
       1
       1
       2
       2
       2
       1
       5
       6
       0
       3
       1
       0
       0
       0
       2
       4
       1
       3
       2
       3
       0
       0
       2
       3
       2
       0
       1
       1
       0
       2
       3
       0
       2
       1
       3
       0
       3
       6
       1
       0
       0
       3
       2
       2
       2
       2
       2
       3
       3
       3
       2
       3
       1
       0
       1
       3
       2
       3
       1
       0
       3
       3
       3
       2
       3
       1
       1
       2
       1
       2
       3
       0
       3
       1
       3
       3
       1
       4
       1
       0
       0
       1
       2
       1
       1
       0
       0
       3
       5
       4
       2
       2
       1
       2
       1
       0
       3
       3
       2
       0
       1
       3
       1
       1
       1
       2
       1
       4
       2
       3
       1
       0
       1
       1
       2
       0
       3
       2
       3
       5
       0
       5
       0
       2
       4
       0
       1
       3
       1
       2
       1
       2
       2
       3
       0
       3
       3
       1
       3
       1
       1
       3
       1
       2
       3
       1
       0
       1
       5
       1
       0
       5
       1
       2
       4
       2
       2
       2
       1
       2
       3
       2
       2
       2
       3
       2
       1
       4
       3
       2
       0
       3
       5
       3
       1
       5
       1
       1
       4
       1
       2
       3
       0
       1
       1
       2
       4
       1
       0
       2
       3
       1
       2
       1
       4
       2
       5
       2
       0
       0
       2
       3
       1
       1
       1
       2
       2
       4
       3
       0
       3
       4
       1
       0
       2
       2
       4
       2
       1
       1
       2
       1
       2
       3
       2
       4
       3
       5
       1
       2
       3
       0
       2
       1
       2
       2
       0
       0
       3
       2
       1
       1
       1
       4
       5
       1
       3
       2
       1
       1
       5
       2
       1
       2
       2
       1
       0
       4
       3
       4
       5
       2
       0
       2
       0
       1
       1
       1
       1
       1
       2
       0
       2
       2
       1
       3
       0
       2
       5
       0
       1
       1
       1
       1
       2
       0
       6
       6
       1
       2
       1
       0
       2
       2
       5
       1
       3
       2
       1
       1
       4
       1
       2
       2
       3
       3
       1
       2
       3
       3
       1
       6
       5
       3
       3
       2
       2
       6
       0
       0
       3
       0
       2
       2
       2
       2
       1
       6
       0
       3
       0
       4
       5
       2
       2
       4
       4
       3
       2
       2
       1
       5
       3
       3
       1
       3
       3
       1
       6
       4
       2
       2
       2
       2
       5
       2
       1
       1
       1
       1
       3
       2
       1
       2
       0
       3
       1
       3
       1
       1
       2
       3
       2
       1
       1
       1
       3
       2
       1
       2
       0
       2
       0
       2
       0
       2
       0
       1
       3
       5
       1
       0
       0
       1
       2
       3
       1
       3
       1
       1
       2
       5
       2
       2
       0
       4
       4
       3
       2
       0
       2
       2
       4
       2
       2
       3
       5
       1
       0
       1
       4
       2
       4
       3
       5
       5
       7
       3
       8
      12
      11
      10
      18
      15
      30
      21
      17
      50
      35
      42
      67
      75
      79
      99
     127
     156
     141
     160
     176
     178
     162
     164
     157
     176
     158
     125
     102
     100
      66
      42
      33
      18
      17
      11
       4
       8
       4
       0
       2
       1
       2
       2
       2
       1
       1
       2
       0
       0
       1
       1
       3
       2
       1
       3
       4
       2
       0
       1
       0
       2
       2
       1
       0
       1
       2
       3
       3
       2
       0
       1
       6
       0
       1
       0
       1
       1
       0
       1
       2
       0
       2
       1
       0
       2
       2
       2
       2
       0
       1
       1
       0
       2
       0
       2
       1
       3
       0
       1
       0
       1
       2
       2
       1
       1
       0
       2
       0
       1
       0
       0
       1
       3
       2
       3
       1
       2
       1
       1
       0
       0
       1
       2
       2
       0
       1
       0
       0
       1
       2
       0
       2
       0
       4
       1
       2
       1
       3
       2
       0
       0
       1
       0
       0
       1
       0
       0
       2
       0
       0
       2
       1
       1
       2
       5
       1
       1
       0
       2
       1
       1
       2
       1
       1
       0
       3
       1
       0
       0
       1
       1
       2
       2
       1
       2
       0
       2
       1
       1
       0
       1
       2
       2
       1
       1
       1
       1
       4
       2
       1
       0
       1
       0
       1
       1
       1
       3
       0
       2
       1
       2
       0
       1
       1
       0
       2
       1
       2
       1
       1
       0
       1
       1
       1
       0
       0
       1
       1
       3
       2
       2
       1
       2
       0
       2
       1
       2
       0
       0
       1
       1
       1
       0
       1
       1
       1
       0
       2
       1
       2
       0
       0
       0
       1
       1
       0
       1
       1
       1
       0
       0
       3
       0
       0
       3
       2
       2
       1
       0
       1
       0
       1
       0
       1
       1
       2
       3
       1
       0
       0
       0
       1
       1
       2
       0
       0
       2
       0
       2
       1
       1
       0
       1
       0
       1
       2
       3
       0
       2
       2
       1
       0
       1
       1
       1
       0
       1
       0
       0
       3
       3
       1
       0
       2
       2
       2
       1
       0
       0
       2
       0
       2
       1
       1
       0
       4
       2
       0
       1
       0
       1
       0
       2
       1
       1
       1
       0
       0
       1
       0
       1
       1
       2
       1
       1
       1
       1
       1
       2
       2
       0
       1
       0
       0
       1
       0
       1
       1
       1
       0
       0
       0
       3
       0
       0
       2
       1
       3
       3
       1
       0
       0
       3
       0
       3
       1
       0
       0
       2
       1
       1
       1
       0
       1
       1
       0
       1
       0
       0
       1
       1
       2
       1
       0
       0
       1
       0
       0
       2
       2
       3
       1
       0
       0
       0
       1
       1
       2
       0
       0
       1
       0
       0
       1
       0
       0
       3
       1
       0
       0
       1
       0
       0
       0
       0
       2
       1
       1
       1
       0
       0
       0
       1
       2
       0
       1
       3
       0
       1
       0
       1
       0
       2
       1
       1
       1
       0
       1
       2
       0
       0
       0
       1
       0
       1
       0
       2
       0
       0
       1
       1
       1
       2
       3
       2
       0
       1
       1
       2
       1
       1
       3
       1
       0
       0
       0
       1
       1
       1
       2
       1
       1
       1
       0
       0
       0
       3
       0
       1
       2
       0
       1
       1
       0
       1
       0
       0
       1
       2
       0
       1
       0
       0
       1
       1
       0
       0
       1
       2
       0
       0
       2
       0
       1
       2
       1
       1
       1
       0
       0
       2
       1
       0
       0
       1
       0
       1
       1
       0
       0
       0
       0
       1
       1
       2
       0
       1
       0
       1
       1
       1
       0
       2
       1
       2
       0
       0
       0
       2
       1
       0
       1
       0
       1
       1
       1
       0
       0
       0
       0
       1
       0
       1
       2
       0
       0
       0
       1
       0
       0
       1
       1
       1
       1
       0
       0
       0
       1
       0
       3
       0
       1
       0
       0
       0
       2
       0
       0
       2
       0
       0
       1
       0
       0
       0
       2
       0
       0
       0
       1
       0
       0
       1
       0
       0
       0
       0
       4
       0
       1
       1
       3
       1
       1
       0
       1
       1
       0
       2
       0
       2
       1
       1
       2
       0
       0
       2
       2
       0
       0
       0
       0
       0
       1
       1
       2
       0
       0
       0
       1
       2
       0
       0
       1
       2
       0
       0
       2
       1
       0
       1
       0
       0
       0
       1
       0
       1
       1
       0
       1
       1
       2
       0
       0
       0
       0
       2
       0
       2
       2
       0
       0
       0
       0
       0
       0
       0
       0
       1
       0
       1
       1
       0
       2
       0
       0
       0
       1
       1
       1
       1
       0
       1
       0
       2
       1
       1
       1
       0
       0
       0
       3
       0
       0
       1
       2
       0
       2
       0
       1
       1
       0
       1
       2
       1
       0
       1
       0
       2
       1
       0
       0
       1
       1
       1
       2
       0
       2
       2
       2
       1
       1
       1
       0
       1
       1
       1
       1
       1
       2
       1
       0
       0
       0
       1
       1
       2
       0
       1
       1
       0
       0
       0
       0
       1
       1
       1
       2
       0
       1
       0
       0
       2
       1
       0
       0
       2
       0
       0
       0
       2
       0
       0
       1
       1
       0
       1
       1
       0
       1
       1
       2
       0
       1
       0
       2
       0
       1
       0
       0
       0
       3
       0
       0
       1
       1
       1
       0
       0
       0
       1
       0
       1
       0
       0
       1
       1
       1
       0
       1
       1
       1
       1
       0
       0
       1
       1
       0
       2
       1
       2
       3
       0
       0
       0
       0
       1
       0
       1
       1
       2
       0
       0
       0
       0
       0
       0
       0
       0
       1
       2
       0
       0
       0
       1
       1
       0
       0
       0
       0
       2
       0
       0
       3
       0
       1
       0
       1
       2
       0
       0
       1
       3
       0
       0
       2
       1
       1
       2
       0
       0
       0
       1
       1
       1
       0
       0
       1
       2
       0
       1
       1
       1
       2
       1
       1
       2
       3
       1
       1
       1
       3
       1
       0
       1
       0
       1
       0
       1
       2
       1
       1
       0
       1
       3
       0
       0
       1
       2
       1
       0
       2
       2
       1
       1
       1
       0
       2
       1
       1
       0
       1
       0
       0
       0
       1
       0
       1
       0
       1
       1
       0
       1
       0
       0
       1
       2
       0
       0
       0
       0
       2
       3
       0
       0
       2
       2
       0
       0
       0
       4
       0
       1
       1
       2
       0
       0
       0
       1
       1
       1
       2
       0
       0
       1
       1
       0
       1
       0
       1
       1
       1
       0
       1
       0
       0
       1
       1
       1
       0
       2
       0
       0
       0
       0
       0
       1
       1
       0
       1
       0
       0
       0
       0
       2
       0
       2
       0
       1
       1
       1
       0
       1
       0
       1
       0
       1
       1
       0
       0
       2
       1
       1
       3
       0
       1
       0
       0
       1
       1
       1
       0
       0
       2
       1
       0
       0
       1
       1
       1
       1
       3
       0
       0
       1
       1
       2
       0
       0
       0
       0
       2
       0
       1
       2
       1
       1
       0
       0
       2
       0
       0
       1
       1
       0
       0
       0
       0
       0
       1
       3
       0
       0
       1
       1
       0
       0
       0
       0
       0
       0
       0
       0
       3
       1
       2
       1
       1
       0
       2
       0
       0
       0
       0
       1
       1
       0
       3
       2
       0
       1
       0
       1
       1
       2
       3
       1
       0
       0
       1
       1
       1
       1
       1
       4
       2
       0
       1
       0
       2
       1
       2
       5
       2
       8
       2
       8
       8
       8
       8
       8
       9
      19
      11
      13
      24
      14
      14
       8
      17
       8
      15
      11
      16
      10
       7
      11
       2
       4
       5
       2
       7
       0
       1
       4
       0
       0
       0
       1
       0
       1
       1
       1
       2
       0
       1
       0
       2
       0
       1
       0
       0
       0
       1
       2
       0
       0
       1
       0
       0
       0
       0
       2
       1
       0
       2
       1
       0
       2
       1
       0
       0
       1
       1
       1
       0
       1
       1
       1
       0
       0
       1
       0
       0
       1
       0
       0
       0
       0
       1
       0
       0
       0
       1
       0
       0
       0
       1
       1
       0
       0
       0
       3
       1
       1
       1
       0
       0
       0
       0
       1
       1
       2
       0
       0
       1
       0
       0
       1
       2
       0
       0
       0
       0
       1
       1
       1
       0
       0
       0
       2
       0
       1
       2
       1
       2
       1
       0
       1
       1
       0
       1
       0
       0
       0
       0
       1
       0
       1
       1
       2
       0
       0
       0
       0
       0
       3
       0
       2
       0
       2
       1
       0
       1
       1
       1
       1
       0
       1
       1
       1
       0
       0
       0
       2
       0
       0
       0
       0
       1
       0
       1
       0
       1
       1
       3
       0
       0
       1
       0
       0
       0
       0
       0
       1
       0
       1
       0
       0
       1
       0
       1
       1
       0
       1
       0
       0
       0
       1
       1
       1
       0
       1
       1
       1
       0
       0
       3
       0
       0
       3
       0
       0
       2
       0
       4
       0
       0
       1
       0
       0
       2
       0
       0
       0
       0
       1
       1
       1
       1
       0
       0
       0
       3
       0
       0
       0
       0
       1
       0
       1
       2
       0
       1
       1
       0
       0
       1
       0
       0
       4
       1
       0
       1
       0
       0
       1
       1
       0
       0
       0
       0
       2
       0
       2
       0
       1
       0
       1
       0
       2
       0
       1
       0
       0
       0
       0
       0
       0
       0
       1
       0
       1
       0
       0
       0
       3
       1
       1
       1
       0
       1
       1
       1
       0
       0
       1
       0
       0
       0
       0
       0
       2
       0
       0
       1
       0
       0
       0
       0
       0
       0
       0
       1
       0
       0
       1
       0
       1
       0
       0
       2
       1
       0
       1
       1
       0
       1
       0
       0
       1
       0
       1
       2
       0
       0
       1
       0
       0
       0
       0
       1
       1
       0
       0
       0
       0
       0
       0
       0
       0
       0
       0
       0
       0
       0
       0
       0
       0
       0
       0
       0
       0
       0
       0
       0
       0
       0
       0
       0
       0
       0
       0
       0
       0
       0
       0
       0
       0
       0
       0
       0
       0
       0
       0
       0
       0
       0
       0
       0
       0
       0
       0
       0
       0
       0
       0
       0
       0
       0
       0
       0
       0
       0
       0
       0
       0
       0
       0
       0
       0
       0
       0
       0
       0
       0
       0
       0
       0
       0
       0
       0
       0
       0
       0
       0
       0
       0
       0
       0
       0
       0
       0
       0
       0
       0
       0
       0
       0
       0
       0
       0
       0
       0
       0
       0
       0
       0
       0
       0
       0
       0
       0
       0
       0
       0
       0
       0
       0
       0
       0
       0
       0
       0
       0
       0
       0
       0
       0
       0
       0
       0
$ROI:
1
4146 4168
$PRESETS:
Live Time
600
0
$ENER_FIT:
-1.504534 0.196418
$MCA_CAL:
3
-1.504534E+000 1.964177E-001 -1.544040E-007 keV
$SHAPE_CAL:
3
0.000000E+000 0.000000E+000 0.000000E+000
