$SPEC_ID:
HFNG Beamline
$SPEC_REM:
DET# 2
DETDESC# EasyMCA
AP# Maestro Version 7.01
$DATE_MEA:
06/22/2018 17:19:11
$MEAS_TIM:
600 601
$DATA:
0 8191
       0
       0
       0
       0
       0
       0
       0
       0
       0
       0
       0
       0
       0
       0
       0
       0
       0
       0
       0
       0
       0
       0
       0
       0
       0
       0
       0
       0
       0
       0
       0
       0
       0
       0
       0
       0
       0
       0
       0
       0
       0
       0
       0
       0
       0
       0
       0
       0
      42
      89
      96
      80
      86
      90
      84
     105
      99
      83
      99
      77
      87
      92
      95
      79
      90
      74
      96
      90
      87
      92
      93
      74
      79
      79
      74
      85
      83
      97
      66
      80
      63
      85
      79
      80
      74
      70
      75
      83
      82
      65
      75
      84
      71
      78
      68
      83
      69
      90
      90
      69
      76
      77
      69
      79
      82
      79
      83
      64
      71
      81
      66
      82
      80
      58
      72
      70
      64
      78
      70
      69
      61
      72
      70
      67
      80
      54
      65
      63
      65
      64
      53
      63
      74
      54
      70
      65
      75
      63
      79
      53
      55
      63
      62
      68
      73
      66
      67
      65
      74
      52
      73
      71
      61
      62
      54
      68
      69
      58
      57
      52
      69
      56
      53
      63
      69
      66
      70
      73
      53
      73
      59
      59
      64
      63
      63
      60
      59
      68
      50
      62
      50
      64
      65
      65
      54
      49
      66
      52
      66
      51
      56
      74
      66
      64
      57
      82
      53
      63
      57
      48
      48
      52
      53
      57
      55
      44
      58
      57
      52
      51
      57
      78
      65
      60
      63
      62
      60
      51
      55
      51
      46
      46
      50
      71
      46
      59
      50
      54
      56
      58
      55
      51
      55
      59
      57
      61
      56
      53
      65
      46
      54
      50
      57
      53
      47
      58
      60
      61
      44
      52
      39
      50
      54
      47
      51
      51
      65
      43
      52
      62
      54
      56
      65
      49
      50
      51
      55
      51
      53
      55
      51
      46
      50
      63
      53
      56
      50
      36
      41
      63
      41
      51
      54
      54
      42
      42
      56
      64
      55
      56
      49
      59
      42
      48
      44
      53
      52
      45
      47
      57
      49
      50
      64
      41
      44
      42
      46
      46
      60
      41
      52
      37
      34
      40
      64
      49
      47
      55
      40
      59
      56
      50
      46
      49
      35
      38
      47
      53
      56
      42
      43
      45
      47
      56
      38
      46
      49
      52
      51
      49
      54
      51
      49
      50
      50
      55
      59
      45
      49
      47
      48
      48
      45
      50
      49
      44
      31
      51
      42
      50
      51
      45
      46
      51
      54
      50
      55
      54
      54
      54
      47
      77
      97
     111
     110
      95
      68
      64
      62
      58
      69
      67
      71
     122
     143
     159
     122
      95
      58
      55
      50
      38
      46
      48
      51
      62
      49
      40
      56
      50
      37
      38
      52
      49
      39
      52
      41
      42
      46
      46
      59
      40
      39
      47
      51
      55
      40
      47
      49
      49
      57
      65
      51
      50
      63
      35
      49
      49
      43
      55
      48
      57
      72
      72
      98
     104
      89
      84
      73
      47
      44
      47
      39
      49
      45
      48
      52
      72
      50
      57
      59
      52
      53
      49
      50
      46
      39
      35
      49
      56
      55
      53
      47
      37
      49
      38
      50
      40
      37
      51
      44
      43
      46
      32
      46
      41
      42
      40
      56
      50
      55
      48
      47
      44
      30
      58
      44
      44
      54
      37
      35
      41
      47
      42
      47
      37
      42
      45
      40
      50
      51
      44
      47
      51
      43
      50
      44
      40
      43
      52
      45
      43
      54
      48
      46
      42
      36
      46
      44
      49
      49
      44
      56
      38
      50
      43
      49
      31
      36
      40
      43
      37
      48
      43
      44
      48
      46
      39
      46
      55
      27
      52
      41
      49
      53
      44
      44
      48
      44
      45
      37
      53
      36
      35
      37
      39
      49
      49
      46
      44
      54
      53
      45
      51
      53
      48
      47
      39
      46
      52
      42
      35
      40
      50
      43
      45
      48
      48
      45
      48
      44
      50
      41
      35
      33
      55
      49
      50
      32
      40
      40
      45
      47
      47
      48
      41
      44
      48
      55
      52
      42
      49
      44
      49
      51
      42
      61
      42
      56
      31
      35
      44
      51
      52
      58
      33
      42
      53
      44
      43
      45
      56
      57
      61
      59
      54
      52
      51
      51
      46
      37
      40
      52
      40
      52
      46
      40
      45
      46
      41
      38
      49
      58
      52
      43
      41
      52
      48
      46
      54
      43
      56
      50
      56
      51
      40
      56
      36
      49
      45
      49
      65
      55
      56
      42
      53
      47
      48
      45
      47
      43
      51
      50
      47
      44
      47
      54
      57
      42
      47
      56
      35
      36
      48
      43
      47
      62
      48
      53
      53
      39
      50
      63
      51
      41
      54
      38
      47
      47
      49
      47
      42
      55
      61
      49
      54
      61
      90
     145
     220
     241
     225
     176
      89
      70
      69
      58
      44
      49
      34
      55
      50
      61
      49
      45
      45
      43
      47
      45
      44
      52
      51
      52
      40
      55
      46
      50
      50
      53
      58
      44
      47
      49
      40
      46
      48
      59
      67
      47
      46
      59
      55
      49
      62
      53
      63
      64
      46
      45
      52
      51
      42
      46
      63
      72
      59
      58
      60
      54
      44
      52
      50
      69
      58
      51
      50
      59
      53
      68
      66
      40
      44
      50
      55
      57
      50
      51
      49
      64
      61
      52
      59
      65
      65
      62
      49
      42
      58
      51
      52
      71
      60
      45
      57
      49
      66
      54
      52
      50
      55
      68
      48
      52
      55
      51
      54
      49
      57
      56
      63
      48
      67
      65
      59
      76
      56
      56
      75
      48
      64
      72
      61
      66
      53
      57
      58
      50
      56
      49
      63
      63
      58
      57
      54
      57
      66
      58
      49
      62
      48
      59
      52
      65
      62
      68
      73
      67
      49
      56
      46
      45
      55
      60
      47
      68
      50
      66
      62
      57
      63
      52
      62
      54
      61
      57
      63
      59
      56
      55
      68
      62
      54
      63
      66
      55
      64
      59
      63
      51
      66
      68
      61
      49
      54
      63
      55
      61
      56
      54
      59
      47
      64
      61
      60
      60
      59
      55
      68
      52
      60
      57
      48
      47
      48
      56
      53
      53
      49
      64
      63
      46
      51
      73
      53
      51
      63
      78
      45
      61
      65
      63
      66
      45
      67
      58
      46
      61
      61
      55
      57
      50
      56
      68
      54
      55
      71
      60
      43
      60
      59
      68
      52
      57
      42
      47
      54
      50
      50
      51
      59
      51
      55
      57
      64
      60
      50
      66
      37
      53
      51
      67
      63
      49
      57
      60
      52
      45
      46
      60
      44
      41
      54
      42
      48
      46
      58
      64
      45
      49
      47
      47
      55
      48
      61
      53
      56
      54
      43
      38
      47
      32
      53
      46
      48
      47
      42
      55
      48
      31
      55
      59
      41
      51
      57
      60
      39
      43
      51
      48
      38
      54
      53
      39
      37
      37
      43
      48
      34
      43
      37
      53
      42
      49
      56
      45
      39
      44
      42
      42
      29
      48
      39
      59
      44
      42
      50
      54
      38
      44
      30
      47
      43
      44
      40
      40
      45
      46
      53
      35
      34
      46
      46
      38
      40
      35
      41
      41
      42
      42
      40
      46
      36
      44
      38
      56
      41
      35
      39
      50
      42
      45
      37
      33
      58
      45
      47
      44
      31
      47
      43
      41
      49
      51
      38
      52
      54
      39
      47
      37
      47
      34
      46
      44
      50
      40
      32
      37
      40
      52
      51
      56
      49
      47
      41
      37
      55
      37
      41
      43
      33
      48
      48
      44
      49
      45
      43
      54
      43
      44
      42
      42
      46
      43
      39
      40
      51
      34
      50
      39
      40
      42
      51
      39
      34
      43
      35
      48
      40
      43
      46
      45
      42
      30
      44
      28
      59
      48
      31
      33
      56
      44
      39
      55
      32
      31
      46
      45
      46
      38
      45
      41
      32
      37
      42
      52
      32
      35
      40
      36
      48
      43
      43
      52
      42
      51
      56
      44
      36
      41
      37
      46
      39
      33
      46
      41
      38
      40
      34
      34
      34
      48
      42
      41
      56
      43
      36
      49
      38
      46
      32
      39
      38
      29
      41
      39
      49
      46
      42
      39
      39
      39
      43
      43
      35
      44
      40
      32
      43
      39
      44
      35
      43
      45
      42
      44
      42
      48
      44
      38
      42
      40
      41
      27
      36
      39
      39
      35
      44
      39
      43
      37
      52
      44
      37
      39
      47
      35
      39
      40
      28
      39
      34
      33
      29
      35
      33
      35
      35
      46
      38
      38
      36
      35
      26
      43
      34
      42
      39
      34
      33
      23
      42
      43
      37
      35
      35
      29
      30
      33
      41
      46
      30
      31
      29
      28
      36
      39
      35
      42
      30
      45
      42
      23
      31
      39
      36
      27
      42
      34
      25
      26
      43
      29
      33
      43
      29
      21
      25
      33
      38
      30
      37
      37
      34
      35
      35
      33
      30
      29
      28
      39
      31
      35
      34
      33
      39
      35
      28
      26
      32
      30
      36
      39
      36
      26
      32
      27
      26
      35
      32
      28
      34
      41
      29
      33
      27
      35
      13
      49
      36
      30
      34
      38
      27
      28
      33
      31
      34
      32
      32
      25
      24
      21
      32
      33
      34
      30
      29
      32
      26
      26
      22
      19
      25
      26
      27
      24
      30
      37
      23
      28
      32
      34
      36
      34
      28
      43
      27
      33
      24
      40
      25
      33
      28
      41
      25
      18
      16
      35
      37
      27
      26
      22
      26
      28
      27
      28
      28
      26
      23
      27
      32
      24
      24
      40
      28
      25
      28
      34
      30
      23
      30
      37
      26
      30
      22
      34
      30
      20
      29
      29
      30
      19
      13
      20
      21
      30
      27
      26
      24
      27
      35
      29
      18
      27
      38
      30
      28
      22
      25
      20
      25
      24
      21
      25
      29
      27
      23
      23
      15
      31
      20
      24
      23
      32
      26
      31
      25
      30
      20
      29
      26
      35
      28
      18
      28
      31
      23
      26
      22
      28
      16
      19
      45
      21
      25
      21
      29
      18
      11
      32
      22
      26
      30
      32
      18
      28
      23
      14
      29
      24
      22
      18
      20
      31
      28
      33
      22
      26
      22
      23
      30
      28
      28
      27
      25
      24
      22
      30
      37
      24
      25
      28
      18
      28
      27
      29
      19
      23
      17
      29
      23
      15
      24
      21
      18
      20
      24
      32
      21
      31
      26
      22
      22
      21
      24
      27
      27
      32
      25
      33
      23
      22
      15
      27
      26
      34
      18
      23
      25
      27
      23
      13
      25
      13
      30
      20
      21
      24
      29
      16
      23
      23
      21
      24
      30
      31
      21
      20
      20
      18
      22
      16
      25
      18
      18
      13
      24
      17
      27
      23
      23
      19
      23
      37
      21
      22
      18
      22
      22
      23
      33
      23
      12
      20
      16
      18
      15
      17
      30
      22
      19
      28
      25
      22
      18
      19
      21
      24
      27
      30
      30
      32
      27
      29
      19
      23
      20
      25
      22
      13
      22
      20
      20
      18
      21
      17
      17
      26
      23
      14
      18
      18
      30
      19
      31
      17
      19
      30
      23
      23
      24
      30
      21
      23
      18
      17
      16
      21
      18
      22
      23
      19
      22
      26
      21
      19
      23
      17
      20
      16
      23
      26
      33
      21
      25
      21
      26
      20
      20
      32
      24
      19
      25
      21
      26
      23
      25
      19
      19
      19
      17
      26
      17
      24
      30
      27
      21
      14
      26
      22
      24
      29
      35
      29
      35
      27
      59
     100
     169
     300
     479
     810
    1040
    1381
    1426
    1345
    1070
     761
     446
     211
      95
      50
      23
      11
      16
      16
      15
      16
      20
      16
      20
      14
      14
      18
      20
      15
      16
      20
      17
      15
      16
      13
      11
      13
      15
      12
      12
       8
      18
      12
      12
      16
      19
      14
      25
      14
      20
      15
      14
      11
      18
      14
      19
      11
      21
      17
       9
      12
      12
      23
      17
      10
       8
      24
      11
      15
      22
      22
      14
      20
      12
      16
       7
      16
      14
      17
      14
      17
      21
      10
      13
      12
      14
      19
      18
      18
      10
      14
      12
      19
      11
      18
      17
      17
      10
      18
      16
      14
      18
      22
      32
      29
      25
      38
      27
      19
      19
      18
      19
      18
      10
      15
      13
      19
      13
       9
      14
      11
      12
      16
      12
      16
      15
      13
      19
      12
      16
      11
       9
      18
      13
      14
      17
      16
      15
      12
      13
      16
      14
      15
      12
      19
      13
      21
      16
      13
      10
      15
       9
      15
      13
      22
      12
      12
      15
      10
      15
       6
       9
      16
       8
      11
      14
      13
      14
      10
      12
      11
      19
      14
      15
      15
      14
      19
      15
       9
      12
      15
      14
      12
      13
      14
      11
      15
      11
       8
       9
      16
      12
      18
      10
      13
      13
      17
      13
      10
      14
      13
      13
      16
      14
      17
      15
       9
      11
      14
      14
      14
      13
      12
      16
      14
      15
      13
      10
      13
      15
      14
      16
      15
      13
      13
      15
      16
      17
      13
      14
      11
       4
       9
       7
       9
      14
      12
       6
      13
      17
       9
      13
       8
      12
      12
       9
      13
       8
      10
      13
      14
      12
      17
       4
      12
      16
      12
      12
       9
      11
       7
      12
      16
      15
       8
      18
      18
      13
      11
      12
      15
      17
      16
      10
      17
      16
       9
      17
      18
      11
      13
      13
      16
      19
      15
      22
      28
      49
      72
      68
      91
      74
     106
      84
      82
      39
      21
      15
      18
      18
      14
      11
      13
      11
      11
      13
       7
      12
      13
      12
      18
      13
      15
      13
       6
      11
      10
       8
      20
      19
      18
      15
      11
      11
      17
      12
      11
      12
      11
      12
      14
      14
      17
      14
      13
      11
      14
      14
      13
       5
      12
       7
      17
      12
      12
      11
       7
      13
      14
      11
       9
      13
      11
       9
      11
       6
       9
       6
      18
      11
      12
      16
      16
      12
      12
      11
      11
      15
       8
      13
      16
      13
      15
      15
      11
       5
      15
      12
      12
      17
      16
       7
      12
      20
      16
      17
      12
      17
      12
      16
      12
      13
      15
      12
      12
      14
      13
      11
       8
      12
       8
      11
      11
      17
      11
       7
      16
      15
      14
      10
      22
      24
      33
      39
      75
     120
     159
     240
     312
     443
     472
     414
     410
     308
     212
     114
      75
      33
      15
      17
      14
       9
      12
      15
      16
       9
      10
      10
       9
      13
      11
      10
       3
      12
       9
      13
      17
      14
       6
       9
      10
      15
      15
      13
      16
       5
       5
       8
       7
       8
      13
      11
      11
       7
      14
       8
      11
       9
      11
      11
       5
      18
       8
       6
       8
      12
      10
      12
       9
      11
      11
      10
       9
       3
      12
      11
       9
      10
      11
      11
      18
       7
      11
       6
      12
      11
      10
      14
       9
       6
      12
      12
       9
       8
       9
      18
      10
       7
      12
      13
      10
      10
       5
      12
      10
      13
       8
       9
       6
      13
      14
      10
      13
      10
      12
      10
       8
      11
      13
       4
       7
      11
      14
      12
       8
       9
       8
       5
      10
      14
      11
       2
       9
       7
      12
       7
      12
       9
       7
       2
      12
       9
       7
      10
      13
      14
      12
      10
      17
      12
       9
       7
      11
       7
       4
      11
      13
       8
      14
       7
      11
       8
       8
      10
       7
      10
       9
       9
       9
      14
       9
      12
       7
       3
       8
      12
       7
       6
      15
       8
       8
      10
      14
      10
      17
      14
      13
       9
      10
       8
      12
      14
       7
       9
      10
      11
      10
       9
       7
      10
       8
      10
      12
       7
       6
       9
       9
      12
       6
      14
      12
       8
      12
      10
      11
      19
      17
       7
       9
      10
      12
      12
      12
      11
      11
       9
      14
       6
       7
      11
      11
      12
      12
      13
       9
       8
      14
      14
       8
      16
      17
      12
      12
      14
       5
      11
      17
      14
      15
      20
      15
      14
      11
      14
      17
       6
      10
      10
      11
       8
      14
       5
      14
      13
      12
      10
      12
      12
      11
      11
      13
      10
      11
      12
      11
      12
       8
      22
       8
       9
      10
      12
       5
      10
      14
       9
      14
      10
       6
      13
       7
      12
      18
      12
      10
       9
      10
       6
       8
      17
      11
       6
       8
      17
      10
      13
      12
       6
       5
      10
      17
      14
       8
      10
       6
      16
       9
       8
      16
       6
       3
       9
      10
      10
      10
      10
       5
       8
      10
       5
       7
       8
       8
      11
      10
      13
      12
      11
      11
       7
       8
       5
       9
      10
      12
       4
       9
      11
      11
      12
      10
       9
       9
      10
       9
      15
       7
      12
       8
      13
       9
       5
      11
      11
      13
      11
      13
       6
       4
       6
      11
      15
       7
      10
       8
       7
      13
      12
       8
      13
      14
      10
       7
      18
       8
       6
      13
      15
      16
       9
      10
      12
      10
       7
       6
       8
      15
       9
      13
      15
      11
      11
       8
      12
      11
       7
       8
       6
       5
      12
      13
      13
      11
       9
      16
       7
      10
       9
       9
       5
      13
       6
      12
      16
       9
      14
      11
       8
       9
      10
       9
       6
      15
      14
       6
      10
       6
      11
      14
      12
      14
      13
       8
      13
      13
      17
      11
      14
       9
       8
      11
      13
       7
       7
       7
      15
       9
       8
       9
      11
       7
       8
       8
       7
       7
       9
      13
       9
      13
       9
      12
       8
       7
       7
       6
      10
      13
      11
      11
      15
       6
      12
      13
      13
      10
      16
      18
      17
       9
      13
      11
      15
      21
      23
      13
      17
      26
      17
      14
      18
      15
      11
      11
      12
       8
      14
      13
      12
       6
      10
      15
       6
      11
       9
       9
      11
       8
      10
       6
      12
       8
       5
       7
      18
       8
       9
      10
      13
      10
       4
      10
      12
       8
      11
      12
       4
      12
       8
      12
       8
       7
      10
      13
      13
      13
      13
      12
       9
      11
       8
      12
      13
      15
       6
       7
      15
       9
      14
      11
      11
       8
      10
       7
       7
       7
      10
      14
       8
      11
       8
       7
      10
       6
       7
       6
       9
      11
       9
      10
       5
       9
      10
       3
      11
      12
       9
      10
      12
       9
      11
       3
      11
      14
      10
      12
       6
      12
       8
       8
      10
       9
       8
       6
       6
      10
       9
       3
      10
      11
      19
      10
       9
       8
       7
       7
      13
      10
       7
      14
      10
       5
      10
       6
       8
       9
       7
      13
      14
      12
       6
       7
      17
       6
      15
      15
       9
      11
      13
       7
       6
       5
       8
       8
       9
       9
       9
      15
      11
      11
       8
      13
      18
      12
       5
      12
       9
      14
      14
       7
      14
      19
       8
      14
      11
       8
      12
      12
       8
      13
       9
      11
       8
      11
      12
      11
      10
      14
       8
       5
      15
       9
      12
       9
      14
       5
      14
       8
      15
      12
       8
       7
      11
      13
      11
       6
      11
       8
       7
       3
      13
       7
      12
      10
      11
       8
       8
      11
      11
       9
      11
       8
      10
      11
      11
      11
       6
      11
       9
       8
       6
       7
       9
      10
      13
      12
       6
      14
       4
      13
       8
      10
      10
      11
      12
       8
       5
      10
      10
       8
      10
       5
      13
      11
       8
       6
       9
       5
       9
      13
      10
      14
       9
      10
      14
      14
      10
       8
      12
       8
      11
      11
       7
       4
       9
      14
      11
      16
       6
       8
      10
       8
      12
      11
       9
      11
      15
      10
       7
      10
       9
      12
      11
      11
       8
       7
      11
       9
       5
       9
      13
      17
       8
      13
       9
      12
       5
       7
       9
       8
      11
       9
       8
      14
      14
       7
      12
       5
      11
      10
       7
      15
       9
      11
       7
      12
       6
       9
       7
       7
      11
       7
       4
      10
       9
       6
       5
       9
      12
      11
      16
      14
       7
      10
      14
       7
       9
       9
      11
      12
      10
      10
      10
      12
      15
      12
      11
       8
      12
      13
       9
       6
       6
       8
       8
       9
      12
       7
      12
       5
       9
      13
      10
      14
      13
       6
       9
       9
      14
      15
      13
       9
      12
       6
      14
      10
      12
       9
      14
      15
      12
       6
       8
       4
      13
       6
      10
       8
       7
      11
      16
      10
      11
      10
      11
       9
       9
      10
      13
       8
       9
      10
      11
      11
      11
      12
      11
       5
      10
       9
       9
       6
       7
       8
      12
       8
       7
      12
      10
      16
       7
       9
       8
       9
       5
       1
      12
      14
       6
      12
      11
      14
       7
      13
       7
       9
      11
      11
      11
       7
      13
       9
      12
       6
      12
      10
       5
      13
       7
       8
      14
       9
      10
       8
      11
      10
      12
      12
      12
      13
       9
       5
      10
       9
       9
      19
       6
      10
      12
       7
      15
      11
      14
      17
       4
      16
      12
      13
       7
       8
      15
       5
      10
       8
      14
       7
      10
       8
       7
       9
      11
       5
      11
      14
      15
       9
      10
       7
       8
       9
      10
       8
      13
       8
      14
       5
      13
       8
       9
       7
       9
      15
      11
      13
      10
      11
       9
       8
       7
       5
      11
       9
      11
      12
       5
       9
      17
       9
      11
      11
       7
      10
      11
      12
      10
      15
      14
       8
       7
       9
       6
       9
      11
      16
      17
      11
       8
       8
       6
      10
       5
       7
      12
      12
       8
      12
      10
      10
       9
      12
      12
      10
      13
      15
       7
      10
      13
       9
      12
      10
      11
       8
       9
      11
      11
      10
       9
       6
       6
       6
      15
      12
      10
       9
      14
       5
       3
      10
       4
      10
       8
       9
      13
       9
       7
       9
       9
       3
       9
       7
       8
       8
      13
       8
       8
       6
       8
      12
      11
       7
      10
      10
       8
       4
       6
       7
       8
      11
      10
       4
       8
       9
      10
      13
      10
      14
       3
       9
       7
       6
       8
       5
      16
      11
      10
      14
      11
       7
      11
       6
      10
       7
       5
       7
       7
       9
      11
       9
       7
       8
      11
       9
      11
      11
       6
       4
      11
       9
      11
       9
       6
       5
       7
       8
       6
      10
       8
      12
      11
       7
      10
      13
       7
       7
      14
      12
       4
       6
       4
       9
      11
      11
       8
       8
       9
       7
       7
       9
      10
       6
      10
       5
       8
       9
       4
      10
       6
      13
       5
       8
      10
       7
      15
       9
       9
      12
       6
       6
      10
      12
      11
       3
      10
       7
      10
       9
      12
       6
      13
       7
      10
       7
      10
       9
       5
       7
       8
      14
      11
      10
      15
       9
      11
       9
      13
       9
       7
       9
       8
      11
      10
       8
       2
       6
       6
       7
       7
       9
       9
       5
      10
       7
       8
       6
      10
       6
      10
      11
       7
      10
       6
       3
       9
      14
      11
       4
      11
       6
      11
      13
      12
       8
       9
       9
       8
      15
      12
      12
      10
      12
      11
       5
      15
       8
      11
       9
       6
       9
       6
       9
       4
      10
       7
      11
       8
      12
       5
      10
       9
      14
       4
       6
      10
       6
       7
       7
       9
       7
       6
       3
       4
       7
       7
      12
       8
       6
      10
       2
       7
       9
      12
       8
      15
       8
      11
      10
       9
       8
      11
       4
       7
       5
       7
       5
       4
       7
       9
      11
       7
      15
       8
      11
       6
      14
       4
       6
       9
       7
       7
       8
       9
      10
       9
      10
      11
      10
      12
       5
       3
       8
       2
       7
      11
       8
      15
       8
      10
       6
      15
       7
       9
       9
      15
       9
       6
       8
       9
      10
       7
       9
       6
       5
       4
      10
       5
       6
       6
       8
      12
      12
       6
       2
       8
       7
      11
      12
      16
       8
      12
       6
       6
       8
       8
      14
       6
       8
      13
       7
      10
       9
      10
       4
       8
       9
       4
      10
       2
       7
      11
      10
       5
      10
       6
      10
       6
      14
       7
      16
       6
      10
      14
      11
       9
       6
       7
       9
      12
      10
      11
      10
       4
       8
      12
       8
      11
      11
       9
       6
       6
      12
      11
       7
       7
      14
      12
       7
       4
       8
       8
      14
       9
      10
       9
       7
      10
      11
       4
       7
      10
       9
       8
       9
      11
       8
       7
      11
      11
      13
       9
       8
       8
      12
      14
      10
       5
       7
       9
      14
      12
      10
       5
      15
      12
       7
       8
       9
       9
      11
      11
       9
       4
       6
       8
      13
       5
       8
       6
      12
      13
       8
       8
       9
       6
      12
      12
       7
       6
       6
       5
      10
       9
       8
       6
       8
      11
       8
       9
      10
      10
       8
      10
      12
       5
       9
       8
       7
      13
       6
       8
      16
       8
      13
       4
       9
      14
       7
       9
       7
      10
      12
      10
       8
       6
       7
       6
       8
       9
      11
      10
       2
       7
       5
      11
       7
       4
       6
       7
       5
      11
      18
       5
       5
       7
       5
      10
      14
      11
      12
       8
       6
       8
      10
      12
       6
      11
      13
       8
       6
       3
      10
       8
      13
      13
       5
      12
       8
       6
       7
      12
       9
       6
       4
       5
       3
       4
      10
       5
       7
       6
       9
       6
       8
       9
      11
      12
       7
       9
       6
       6
       8
       7
       6
       8
      12
       9
       8
       8
       9
       8
       8
       8
       4
      16
      11
      11
      11
      13
      10
      12
       5
      10
      13
       2
       7
       4
       8
       4
       5
      10
       4
       5
       4
      10
       8
       7
       9
       3
       8
      12
      13
      12
      11
       1
       6
       2
      10
       6
       9
      14
      11
       7
       5
       4
       6
       6
       9
       6
       8
      10
      12
       5
       7
       6
       6
      11
       7
      10
       8
      13
       8
      10
       7
      12
       9
       5
       5
       7
       8
       4
      15
      17
      11
       7
       7
       6
       6
       7
      12
       5
      11
       7
      12
       8
       8
      15
       7
       4
       8
      13
       8
       9
       7
      11
      10
      14
      10
       8
       7
      11
      11
       9
      16
       9
       3
       8
       6
       6
      10
      12
      16
      11
       8
       5
       9
      14
      10
       5
       8
      11
      11
      13
      14
      10
      11
       9
       7
       9
      12
       9
      10
      15
      14
       7
       7
      11
       7
       8
       8
      11
       9
      11
      10
      16
       6
       8
      10
       6
       6
      13
      12
       5
       9
       7
       7
       9
      13
       7
       7
      11
      11
      14
      12
      12
       6
      12
      16
      12
       4
       6
       6
      10
      13
       6
       5
       8
      11
      11
      13
      10
       7
       6
       5
      13
       9
      12
       6
      12
      10
       2
       9
      10
      14
      11
       8
       9
       3
      11
       7
      11
      13
       7
      14
       9
       5
       6
      13
       7
      14
       3
       4
       2
      12
       5
      10
      15
       4
      13
       7
      12
      18
       8
      10
      10
      11
      10
      11
       9
       9
       4
       4
       7
      11
       8
       9
      18
      18
      13
      10
       9
       4
      13
       8
       8
      11
      17
      14
       9
      10
      10
       7
      13
       9
      13
      11
       8
       8
       9
      14
      10
       9
       8
       9
       9
      13
      15
      12
       7
      12
      11
      14
       8
      10
       8
       6
      11
       6
      10
      10
      12
       5
       7
       4
       9
      16
      10
      11
      12
       8
      15
       7
       9
       8
       7
      14
       9
       8
      10
      12
       8
      12
       9
       9
       8
       4
       4
      13
      13
      13
       7
       6
       5
       8
      13
       9
      14
      12
      11
      11
       8
      14
      10
      11
       5
       7
       5
      12
      13
      12
      14
      12
       8
      11
      11
      10
       3
      12
       4
       9
       8
       6
       8
       9
       8
      10
       7
       9
      11
       6
      13
      10
       5
      10
      15
       8
       7
      10
       6
       6
      11
      16
       9
       6
      11
      10
      12
      11
       8
      14
       9
       8
       8
      10
      14
       9
       8
      14
       9
       7
       8
       9
       4
      11
      10
       9
      12
      11
      10
      15
      11
       9
      15
      14
      11
      13
       5
       7
       9
       5
      13
       9
       8
       8
      11
      13
      14
      11
      12
       7
       5
      10
      10
      10
      12
      11
      13
      11
       5
      17
      18
      15
       8
      12
      12
      13
       8
      12
       9
      14
      13
      15
       8
      23
      32
      23
      35
      33
      45
      55
      61
      68
      69
      73
      64
      65
      63
      49
      38
      33
      28
      14
      14
      14
       7
       8
       5
      14
       9
      13
      12
       5
       8
      11
      11
       7
      10
      14
       8
       4
      10
      13
       7
      13
      11
       8
      11
      13
      14
      10
       6
      11
      11
       7
      10
       5
       6
      10
       5
       7
      11
       9
      14
      10
      10
       7
      12
      11
       8
      15
       8
       7
       9
      13
      11
      12
       9
       5
      13
      14
      15
       8
       7
      12
       9
       9
       3
       8
      10
       9
      14
      10
       8
       7
      14
      10
       6
       5
      11
       7
       9
       8
       7
       9
       9
      10
       6
      12
       9
       8
       9
      14
      12
      13
      13
      12
      10
       9
       9
      15
       8
       9
       9
       5
      13
       5
      12
      11
      12
       7
      15
      10
       8
      14
      10
       7
       9
       7
      11
      14
       9
      12
       8
      16
      12
      13
      11
       6
      11
      15
      13
       8
      19
       6
       7
      11
      12
      10
      16
      15
       9
      10
      10
      12
      14
      12
      14
      10
      14
      12
      14
      13
      13
      11
       8
      14
       8
      11
      13
      18
      11
       9
      12
      15
       8
       7
      11
      13
       9
       9
      12
      21
      11
      14
      15
      10
       8
       8
       9
      11
      10
      15
      16
       6
      11
       9
      11
       3
      13
       8
       9
      10
      15
      10
       7
       5
      14
      12
       7
      10
      16
      12
      23
      12
      15
      13
      13
      11
      12
      12
      13
      15
      12
       9
       6
      11
      15
      11
       9
       5
      14
       9
      13
      13
      22
      15
      12
      12
       9
      17
       9
      18
      11
       7
      20
      14
      17
       7
       9
       9
      13
       8
      10
      12
      11
      12
      16
       9
      11
       9
       6
      15
       7
      14
      11
      17
      12
      14
      10
       7
       8
      11
      14
       8
      16
      11
      14
      11
      16
      12
      12
      10
       6
      12
      14
       9
      11
      11
      10
       7
      17
      21
      12
      10
      11
       8
      11
       8
      16
      13
       7
      12
      10
      10
      13
      11
      15
      11
      12
      11
      11
      12
       9
       8
      13
       8
       7
      12
      14
       9
      11
      10
      11
      15
      15
       8
       8
      12
      11
       8
      12
      11
       6
      14
      10
       8
      18
      11
      19
      12
      14
       8
      17
      13
      11
      12
       8
      13
       7
      10
      16
      22
      14
       8
      14
       8
       6
       9
      15
      11
      11
      12
      17
      12
       8
      13
      10
      11
       7
      16
       7
       9
      16
       8
      13
      12
       8
       8
       5
      17
      10
      13
      10
      10
      14
      11
       8
       4
       9
      10
      11
      11
      10
       8
       6
      11
       9
       9
       9
       7
      14
       7
       7
       9
       9
       8
       4
       5
       9
       5
      14
       8
       4
       6
       6
      12
      12
      11
       7
      11
       4
      10
       7
       9
      13
       7
      15
       5
       5
       6
       9
      14
       3
       9
      10
      12
       9
      14
       5
       8
       7
       3
       8
      11
      14
       8
       5
       6
       9
      16
       3
      10
       7
      12
       8
      13
       6
       7
      15
      12
      11
       7
      10
       7
      12
       6
       7
      11
      11
      14
      10
      13
      15
       7
       4
      11
      12
       9
       5
      12
      14
      15
       9
      16
      10
      10
       8
       4
       4
       4
      10
       9
       9
      10
       4
       7
       6
       6
       6
       8
      10
       8
      11
       6
       4
       5
       9
      14
      11
       6
       9
       9
       7
       9
      12
       7
       9
       5
      10
       9
       6
       9
       9
       6
       9
       4
       8
       7
       6
       7
       6
       9
       9
       5
      11
       3
       7
       7
       6
      11
       8
       8
       8
       5
       5
       8
       8
       6
       8
       9
      11
       9
       9
       6
      14
      12
       7
       5
       4
       4
       4
      11
       8
      13
       6
       4
       2
       8
       6
       6
      13
       9
       5
       5
      10
       7
       6
       5
       9
      13
      11
       8
       7
      10
      11
      11
       7
       4
      10
       9
       8
      12
      13
       2
       4
      10
       6
      11
       5
      10
      11
       7
      13
       7
       3
       7
      10
       8
       3
       7
       9
      11
       5
      10
       8
       8
      13
      11
      14
       6
      12
       3
       8
       8
       9
       5
       5
      15
       7
       7
       8
      13
       6
       9
       7
       7
       8
      10
       9
       5
       9
       9
       3
       3
       6
      10
      14
       5
      11
       4
      14
       9
       7
      12
       7
      11
       6
      15
      17
       7
      12
       8
      12
       3
      11
       5
       7
       9
       4
       3
       5
       4
       9
       8
       4
      11
      11
      12
      10
       4
       5
       6
       9
      14
      10
      12
       7
       5
      10
       3
      11
      11
       4
      15
      10
       7
       2
       9
      11
       9
       9
       4
       8
       5
       5
      11
       7
      10
       6
       4
       7
       5
       4
       6
       9
       8
       8
      11
      12
       9
       8
       4
       8
       6
      11
      15
      10
       8
       4
       4
       5
       6
      12
       3
      10
       7
       9
      10
      12
       7
       7
      11
       7
       8
       6
      13
      13
       8
      14
      12
      14
       7
       9
      10
       5
       9
       7
      10
      12
      10
       8
       8
       6
       7
       6
      14
      11
       1
      13
       5
       9
       5
       9
       5
       8
       8
      16
       6
       7
       5
      11
       9
      10
      11
       3
       2
      13
       9
       7
       5
      10
      13
       7
       9
       6
      10
       9
      10
       9
       9
      10
       8
       9
       6
       4
       5
       8
       9
       5
      10
       6
       5
       6
      18
       6
      11
       7
       3
      10
       3
       6
      10
       9
      16
       5
       3
       4
      11
       7
      11
       5
      11
      10
       9
       7
      11
       6
      10
       7
      12
       7
       9
       4
       6
      12
       6
       7
       5
      11
       8
       8
       6
       5
       9
       7
       8
       8
       3
      10
       7
       5
       8
       7
       6
       7
       8
       6
       9
       8
       7
       4
       2
       7
       5
       4
       6
       5
       5
       9
       9
       8
       6
       9
       8
       9
       6
       6
       9
       5
       9
       9
       8
       2
       7
       6
      17
      10
       7
       9
       7
      10
       8
       7
       5
       5
      11
      14
      11
       7
       7
       1
      14
       8
       5
       9
       8
       7
       2
       9
       8
      10
      10
      10
       8
      12
       5
       9
       8
       4
       4
       5
       8
       8
       7
       6
       9
       9
       9
       9
      10
       8
       9
       7
       6
      10
       2
       8
       8
      14
       4
       8
       8
       6
       8
       7
      10
       9
      15
      12
      12
       7
      11
       6
       6
      12
       5
       8
       7
       8
       8
       8
       9
      11
       7
       8
       8
      11
      11
       7
       9
      10
       8
      17
       6
       6
       6
      12
       9
      11
      10
       4
       6
      11
       9
       8
      10
       9
       9
       7
       9
      12
       8
       5
       8
      11
      10
       5
       7
       9
      10
       3
       7
       1
       9
       7
      13
       6
       7
      10
       8
       6
       8
       6
       4
      10
       8
      10
      10
      10
       8
       3
      13
       5
       5
      12
      10
       5
      12
       9
       7
      10
       6
      10
       8
      18
       9
       9
       5
       9
       8
       4
       6
       7
       7
      15
      13
       4
       7
      12
      11
       5
       8
      10
      12
      11
       8
      11
       6
       9
       8
       5
       7
       8
       9
       8
       4
       7
       8
      12
       3
       6
      12
       6
       9
       9
       8
      11
       7
       3
       7
       7
       2
       9
       7
       9
       6
      20
      12
       9
       6
       4
       7
      11
      13
      11
       7
      15
       6
      11
      10
       6
       7
      11
       7
       5
       8
       5
       6
      11
      10
       7
       9
      11
       9
       8
      15
       7
       9
       8
      10
      10
       9
      14
       8
       4
       4
      10
      13
      10
      10
       9
       3
       7
      11
       9
       9
       7
      12
       7
       7
      18
      15
       8
      11
      10
      11
       5
      10
       7
       6
       5
       8
       5
       7
      10
       7
      10
      13
      13
       4
      11
       8
      13
      14
      11
       8
      14
      11
       3
       8
       9
       5
       8
      10
      10
       9
      14
      10
      14
       8
      14
      11
       8
      12
       9
       8
       5
      12
       9
       6
      14
       9
       8
       9
      12
      10
      13
       6
       8
      12
      12
       2
       9
       7
       9
      13
      15
       9
      10
       9
       9
      15
      12
       7
       8
       5
       7
       5
       7
      13
       7
       6
      13
      10
      11
       9
       6
      14
      11
       5
      15
      10
      12
       4
      11
      10
      10
      10
      12
       4
      12
       6
       6
      10
       7
       9
       9
      15
       8
      14
       8
       9
       6
      10
       8
      12
      11
       9
      14
      11
      16
      10
      13
       6
       6
       5
       8
       5
       5
       9
      10
      15
      10
      10
       7
       7
       7
      12
       5
      17
      12
      11
       8
       7
      13
       2
      10
      11
       4
      13
       6
       7
      13
      10
      10
       5
      11
      15
      12
       9
      13
      12
      10
       8
       5
       7
       9
      13
       8
       7
       9
      16
      15
      11
       7
       9
      16
       9
      18
      12
      14
       7
       7
       8
       7
       7
      12
       4
       5
       9
       5
       8
       8
       9
       6
      11
      13
       3
       3
       8
       7
       9
      10
       9
      10
       7
       6
       5
       2
       8
       6
       8
      11
       5
       4
      13
       3
       6
       7
       6
       7
       4
       6
       6
       5
       9
       7
       2
       3
       7
       7
       8
       9
       9
       4
       6
       3
       9
       9
       9
      16
       8
      12
       6
       9
      17
      11
       4
      14
      10
      10
      15
       3
       7
      12
       9
      12
       7
       8
      13
       8
      14
      16
      16
      11
      22
      18
      29
      35
      41
      57
      68
      77
      92
     112
     118
     117
     185
     157
     158
     182
     176
     174
     176
     163
     126
     130
      68
      76
      48
      30
      19
      18
      10
       7
       2
       9
       7
       6
       7
       3
       4
       6
       4
       7
       6
       6
       2
       4
       6
       3
       5
       7
       8
       4
       5
       2
       9
       5
       5
       4
       5
      10
       4
       4
       2
       4
       5
       6
       6
       8
       1
       4
       8
       4
       5
       5
       2
       5
       5
       7
       4
      10
       4
       5
       3
       4
       5
       3
       5
       6
       1
       5
       5
       6
       5
       9
       3
       4
       3
       2
       3
       6
       5
       4
       8
       6
       4
       2
       6
       6
       3
       5
       4
       9
       2
       3
       2
       4
       6
       1
       7
       2
       1
       5
       7
       5
       3
       5
       6
       6
       2
       3
       2
       4
       4
       3
       0
      11
       7
       5
       5
       3
       5
       7
       9
       4
       6
       4
       5
       6
       6
       7
       2
       4
       7
       6
       6
       6
       4
       4
       3
       5
       1
       5
       2
       6
       4
       5
       4
       3
       5
       3
       5
       6
       3
       3
       9
       0
       4
       5
       1
       3
       4
       5
       2
       3
       5
       1
       1
       2
       2
       4
       3
       5
       4
       4
       4
       1
       2
       5
       5
       9
       4
       9
       4
       4
       2
       3
       7
       9
       3
       2
       3
       2
       3
       4
       5
       6
       7
       6
       2
       7
       4
       3
       5
       1
       7
       2
       2
       2
       3
       4
       5
       5
       8
       4
       3
       4
       8
      10
       4
       2
       4
       4
       3
       4
       8
       5
       6
       4
       6
       4
       3
       3
       1
       6
       4
       6
       3
       2
       3
       4
       6
       3
       5
       1
       2
       4
       4
       3
       1
       3
       2
       4
       3
       3
       4
       1
       2
       1
       4
       6
       7
       4
       2
       8
       5
       6
       3
       3
       5
       2
       0
       2
       7
       4
       3
       4
       5
       1
       4
       3
       3
       4
       3
       2
       6
       6
       3
       1
       2
       2
       3
       2
       5
       2
       6
       3
       3
       4
       2
       6
       2
       2
       2
       4
       3
       3
       4
       3
       3
       7
       1
       5
       1
       3
       3
       6
       3
       8
       4
       6
       1
       1
       4
       8
       5
       3
       1
       4
       2
       2
       1
       3
       4
       3
       3
       3
       6
       6
       1
       1
       3
       9
       1
       3
       5
       3
       2
       1
       3
       3
       5
       4
       6
       2
       6
       3
       5
       2
       4
       1
       4
       3
       3
       7
       4
       3
       4
       3
       3
       3
       3
       0
       4
       5
       3
       1
       3
       4
       1
       2
       0
       2
       0
       6
       3
       0
       0
       3
       0
       5
       2
       6
       3
       5
       1
       5
       3
       2
       1
       3
       5
       4
       1
       2
       2
       3
       1
       2
       3
       0
       5
       0
       4
       1
       5
       1
       3
       5
       4
       3
       4
       5
       4
       2
       2
       4
       4
       1
       9
       4
       0
       1
       4
       2
       1
       4
       4
       1
       4
       4
       1
       2
       2
       5
       5
       4
       0
       1
       0
       3
       3
       4
       3
       4
       2
       5
       4
       4
       2
       2
       2
       3
       4
       3
       4
       0
       1
       4
       3
       3
       2
       0
       7
       3
       2
       1
       3
       1
       1
       7
       3
       1
       2
       1
       1
       3
       1
       1
       3
       2
       5
       5
       1
       4
       4
       0
       5
       4
       1
       1
       1
       1
       3
       5
       2
       3
       0
       6
       0
       1
       3
       1
       2
       1
       0
       5
       2
       2
       1
       2
       2
       1
       1
       7
       3
       3
       2
       3
       2
       2
       0
       6
       1
       1
       5
       1
       0
       3
       3
       1
       1
       5
       2
       1
       0
       2
       0
       1
       1
       2
       1
       2
       4
       3
       1
       1
       1
       1
       1
       5
       3
       2
       2
       1
       3
       3
       2
       3
       1
       0
       1
       1
       1
       7
       2
       5
       1
       0
       0
       0
       3
       4
       2
       3
       4
       0
       4
       3
       1
       2
       2
       2
       1
       2
       3
       2
       0
       4
       1
       0
       3
       0
       1
       3
       3
       2
       1
       4
       2
       4
       2
       3
       3
       2
       2
       3
       5
       1
       1
       2
       1
       3
       2
       4
       1
       2
       3
       1
       2
       2
       3
       0
       4
       4
       4
       0
       1
       1
       1
       5
       2
       1
       3
       2
       5
       5
       4
       1
       4
       4
       4
       0
       4
       2
       2
       3
       3
       0
       1
       1
       3
       0
       1
       1
       2
       4
       2
       6
       2
       2
       2
       2
       3
       1
       1
       0
       3
       2
       2
       0
       5
       8
       4
       0
       1
       4
       0
       2
       3
       3
       3
       1
       4
       4
       2
       2
       2
       4
       3
       1
       3
       2
       3
       3
       3
       0
       4
       2
       5
       2
       5
       2
       0
       2
       0
       0
       0
       1
       0
       4
       2
       2
       0
       1
       3
       2
       6
       3
       3
       2
       2
       2
       7
       1
       1
       0
       1
       0
       2
       0
       1
       1
       2
       2
       3
       3
       2
       3
       5
       3
       1
       7
       1
       4
       0
       3
       3
       3
       3
       2
       3
       3
       3
       5
       2
       1
       3
       0
       1
       2
       1
       3
       2
       1
       2
       5
       1
       1
       1
       2
       5
       2
       2
       2
       2
       1
       1
       2
       1
       6
       5
       1
       2
       0
       2
       3
       3
       1
       2
       3
       2
       3
       1
       3
       0
       3
       0
       5
       1
       0
       4
       4
       2
       1
       2
       4
       0
       0
       4
       4
       3
       4
       1
       3
       0
       1
       0
       3
       3
       2
       1
       1
       0
       2
       1
       2
       4
       3
       2
       4
       2
       3
       0
       1
       1
       2
       0
       2
       2
       1
       1
       1
       2
       3
       2
       2
       2
       5
       1
       2
       0
       1
       5
       3
       0
       3
       0
       2
       0
       2
       1
       4
       1
       2
       2
       0
       2
       3
       4
       2
       3
       1
       1
       2
       0
       2
       2
       2
       0
       1
       0
       1
       2
       2
       2
       0
       2
       4
       6
       4
       3
       1
       1
       3
       2
       4
       6
       2
       4
       1
       3
       0
       2
       5
       0
       2
       3
       2
       2
       2
       1
       4
       1
       2
       2
       3
       1
       0
       1
       3
       3
       0
       4
       1
       2
       1
       1
       5
       1
       2
       1
       1
       0
       1
       5
       2
       2
       3
       0
       2
       1
       1
       4
       2
       1
       5
       1
       1
       4
       4
       3
       0
       2
       4
       5
       3
       2
       2
       4
       6
       3
       5
       4
       5
       4
       5
       5
       3
       4
       6
       5
       9
       8
       9
      16
      10
      20
      13
      23
      39
      48
      34
      63
      76
      80
      83
     107
     148
     160
     158
     180
     166
     179
     181
     171
     190
     179
     154
     149
     144
      90
      89
      55
      46
      31
      14
      10
       9
       5
       1
       1
       0
       0
       2
       3
       2
       2
       1
       0
       2
       2
       2
       2
       0
       2
       1
       0
       1
       2
       1
       0
       1
       2
       2
       2
       1
       2
       1
       2
       2
       1
       1
       1
       1
       3
       2
       3
       3
       2
       0
       0
       3
       2
       1
       0
       3
       2
       5
       2
       0
       2
       2
       0
       2
       1
       2
       3
       0
       2
       2
       1
       2
       1
       0
       2
       1
       2
       0
       1
       1
       0
       4
       1
       1
       1
       2
       2
       0
       2
       1
       0
       2
       0
       0
       2
       1
       0
       2
       3
       0
       2
       1
       2
       0
       2
       2
       1
       0
       1
       0
       0
       0
       0
       3
       1
       0
       0
       1
       0
       1
       0
       0
       1
       1
       0
       1
       0
       0
       1
       1
       6
       2
       0
       2
       0
       1
       1
       1
       1
       1
       1
       1
       1
       0
       1
       0
       1
       1
       3
       1
       1
       1
       0
       3
       2
       0
       2
       0
       2
       4
       0
       0
       1
       1
       0
       2
       1
       1
       2
       2
       3
       1
       2
       1
       3
       2
       2
       2
       2
       3
       1
       1
       1
       2
       0
       1
       1
       1
       2
       2
       1
       1
       3
       1
       2
       0
       2
       5
       2
       1
       0
       3
       1
       0
       0
       2
       3
       1
       0
       1
       3
       0
       1
       1
       0
       2
       0
       1
       1
       1
       0
       1
       0
       0
       2
       1
       2
       2
       0
       0
       2
       1
       0
       3
       5
       2
       1
       1
       1
       2
       1
       1
       1
       0
       2
       0
       2
       0
       0
       1
       0
       1
       3
       0
       1
       1
       0
       1
       0
       1
       1
       1
       1
       0
       0
       0
       1
       0
       0
       2
       2
       0
       1
       0
       3
       0
       2
       1
       1
       1
       0
       1
       0
       1
       1
       0
       3
       2
       2
       0
       1
       1
       4
       2
       2
       1
       4
       4
       1
       0
       1
       2
       2
       5
       2
       2
       2
       1
       0
       2
       1
       1
       0
       2
       2
       0
       0
       1
       2
       0
       0
       1
       1
       0
       1
       0
       1
       0
       2
       0
       1
       2
       2
       1
       1
       0
       2
       1
       1
       0
       0
       2
       0
       2
       2
       0
       1
       3
       2
       1
       3
       1
       0
       0
       0
       1
       2
       1
       1
       3
       0
       0
       1
       1
       2
       1
       2
       1
       4
       0
       1
       1
       0
       1
       0
       5
       2
       0
       1
       0
       2
       1
       3
       0
       1
       1
       0
       0
       1
       1
       2
       0
       0
       1
       3
       0
       1
       2
       4
       2
       0
       1
       0
       0
       2
       1
       2
       0
       0
       0
       3
       0
       3
       1
       1
       3
       1
       4
       1
       0
       0
       1
       2
       0
       2
       1
       0
       1
       0
       0
       2
       1
       2
       0
       0
       1
       2
       0
       0
       0
       1
       2
       2
       2
       0
       1
       1
       0
       0
       1
       1
       0
       0
       2
       1
       2
       0
       1
       0
       1
       0
       0
       1
       1
       0
       1
       2
       1
       2
       2
       1
       1
       0
       1
       0
       1
       4
       2
       0
       1
       1
       0
       3
       1
       2
       0
       1
       0
       0
       1
       0
       1
       2
       2
       1
       0
       0
       0
       3
       0
       0
       0
       2
       0
       0
       1
       1
       1
       0
       0
       0
       0
       0
       3
       2
       1
       2
       0
       1
       2
       0
       0
       0
       0
       1
       1
       1
       1
       0
       2
       1
       2
       1
       0
       0
       1
       3
       2
       0
       1
       0
       1
       1
       1
       0
       0
       2
       0
       2
       1
       1
       1
       3
       0
       1
       2
       2
       0
       0
       1
       2
       3
       2
       0
       1
       2
       2
       2
       2
       2
       2
       0
       1
       1
       0
       0
       0
       0
       1
       2
       0
       2
       1
       0
       1
       1
       3
       0
       2
       0
       1
       2
       0
       0
       0
       0
       2
       2
       1
       1
       0
       1
       1
       0
       1
       3
       2
       0
       1
       1
       0
       0
       1
       1
       1
       1
       3
       2
       0
       1
       1
       1
       3
       1
       1
       0
       3
       0
       1
       2
       3
       2
       1
       1
       2
       1
       1
       0
       1
       0
       2
       0
       2
       6
       1
       1
       0
       1
       0
       0
       0
       0
       0
       0
       2
       2
       1
       0
       1
       1
       2
       2
       0
       2
       2
       0
       3
       2
       1
       1
       3
       1
       2
       1
       1
       1
       0
       0
       2
       0
       0
       0
       0
       1
       0
       0
       1
       1
       1
       1
       1
       3
       0
       0
       0
       1
       2
       1
       1
       0
       1
       2
       0
       2
       2
       1
       2
       1
       0
       2
       1
       0
       1
       0
       1
       1
       1
       1
       0
       1
       2
       0
       0
       0
       0
       3
       2
       0
       1
       1
       1
       0
       0
       0
       1
       1
       0
       1
       0
       0
       1
       0
       3
       2
       0
       0
       1
       1
       0
       0
       0
       0
       3
       0
       0
       2
       0
       2
       0
       2
       0
       1
       0
       2
       2
       2
       2
       0
       0
       1
       4
       0
       1
       0
       0
       0
       0
       4
       0
       0
       0
       0
       2
       0
       1
       1
       1
       2
       0
       1
       1
       1
       0
       0
       0
       1
       1
       0
       3
       0
       1
       0
       0
       1
       0
       0
       1
       0
       1
       0
       0
       3
       1
       0
       0
       1
       0
       1
       0
       0
       1
       0
       0
       1
       1
       0
       0
       1
       1
       0
       0
       2
       0
       0
       1
       0
       0
       0
       0
       2
       2
       1
       1
       0
       3
       1
       0
       0
       0
       3
       2
       1
       1
       5
       2
       1
       3
       2
       1
       1
       0
       2
       2
       1
       1
       1
       1
       1
       0
       1
       1
       0
       2
       1
       0
       0
       0
       2
       0
       0
       3
       0
       0
       0
       0
       1
       2
       1
       2
       1
       0
       0
       1
       1
       1
       1
       0
       1
       1
       2
       2
       0
       0
       2
       2
       0
       1
       1
       0
       3
       0
       0
       0
       0
       1
       0
       1
       0
       1
       0
       0
       1
       0
       1
       1
       0
       1
       0
       0
       1
       2
       1
       0
       0
       0
       0
       0
       1
       1
       0
       0
       1
       1
       2
       2
       1
       1
       0
       1
       2
       2
       1
       1
       3
       1
       2
       0
       3
       1
       2
       1
       0
       2
       0
       2
       0
       1
       0
       1
       0
       0
       1
       2
       1
       3
       1
       1
       0
       1
       0
       0
       1
       0
       1
       0
       2
       0
       0
       0
       1
       1
       0
       2
       0
       1
       1
       0
       1
       0
       0
       1
       0
       2
       2
       1
       1
       0
       1
       1
       0
       0
       1
       1
       2
       0
       2
       2
       1
       3
       1
       0
       1
       3
       1
       1
       1
       2
       1
       3
       1
       0
       0
       0
       1
       1
       0
       1
       1
       1
       2
       1
       1
       1
       0
       1
       1
       1
       1
       0
       4
       0
       1
       0
       1
       0
       4
       1
       0
       1
       0
       3
       1
       1
       2
       1
       1
       2
       2
       3
       2
       1
       4
       4
       4
       2
       5
       2
       7
       7
       8
      12
      10
      14
       8
      14
      13
      14
      18
      13
      17
      15
      12
      19
      13
      10
      17
      18
      14
      10
       8
       5
       3
       3
       3
       2
       1
       1
       0
       1
       0
       0
       1
       2
       0
       0
       3
       1
       0
       2
       1
       1
       0
       1
       3
       2
       0
       1
       1
       1
       2
       1
       0
       1
       1
       0
       0
       1
       3
       0
       0
       1
       2
       0
       2
       0
       2
       1
       0
       0
       2
       0
       1
       2
       0
       0
       0
       1
       0
       1
       1
       2
       0
       0
       0
       1
       0
       2
       0
       0
       1
       1
       0
       0
       1
       0
       1
       2
       0
       0
       0
       3
       0
       0
       0
       0
       2
       0
       2
       1
       0
       1
       3
       1
       2
       0
       3
       1
       1
       1
       1
       0
       0
       3
       0
       1
       3
       3
       1
       1
       0
       0
       0
       0
       1
       1
       0
       1
       1
       1
       0
       0
       0
       0
       1
       0
       2
       0
       0
       1
       1
       1
       1
       0
       1
       0
       0
       0
       1
       1
       1
       1
       1
       1
       1
       0
       0
       0
       0
       0
       1
       1
       0
       1
       0
       1
       1
       1
       0
       1
       1
       2
       0
       0
       1
       0
       1
       1
       0
       0
       1
       0
       0
       0
       0
       1
       0
       0
       1
       0
       2
       0
       2
       0
       1
       0
       1
       0
       1
       1
       0
       1
       2
       0
       0
       1
       0
       1
       2
       1
       0
       0
       1
       3
       0
       0
       1
       1
       0
       0
       0
       1
       0
       0
       3
       1
       2
       1
       1
       1
       3
       1
       0
       0
       0
       1
       0
       0
       0
       0
       1
       0
       1
       0
       0
       2
       0
       1
       1
       0
       1
       0
       1
       1
       1
       2
       0
       1
       1
       1
       0
       1
       1
       1
       0
       0
       0
       2
       1
       0
       0
       2
       1
       2
       0
       1
       1
       0
       0
       0
       0
       0
       2
       1
       1
       0
       0
       1
       1
       0
       1
       0
       0
       0
       0
       0
       0
       0
       0
       2
       2
       2
       0
       0
       0
       2
       0
       2
       0
       0
       1
       1
       1
       1
       0
       1
       0
       0
       0
       0
       0
       0
       1
       1
       0
       1
       0
       1
       0
       1
       1
       1
       2
       1
       0
       1
       0
       0
       0
       0
       0
       0
       0
       0
       0
       0
       0
       0
       0
       0
       0
       0
       0
       0
       0
       0
       0
       0
       0
       0
       0
       0
       0
       0
       0
       0
       0
       0
       0
       0
       0
       0
       0
       0
       0
       0
       0
       0
       0
       0
       0
       0
       0
       0
       0
       0
       0
       0
       0
       0
       0
       0
       0
       0
       0
       0
       0
       0
       0
       0
       0
       0
       0
       0
       0
       0
       0
       0
       0
       0
       0
       0
       0
       0
       0
       0
       0
       0
       0
       0
       0
       0
       0
       0
       0
       0
       0
       0
       0
       0
       0
       0
       0
       0
       0
       0
       0
       0
       0
       0
       0
       0
       0
       0
       0
       0
       0
       0
       0
       0
       0
       0
       0
       0
       0
       0
       0
       0
       0
       0
       0
       0
       0
       0
       0
$ROI:
1
4146 4168
$PRESETS:
Live Time
600
0
$ENER_FIT:
-1.504534 0.196418
$MCA_CAL:
3
-1.504534E+000 1.964177E-001 -1.544040E-007 keV
$SHAPE_CAL:
3
0.000000E+000 0.000000E+000 0.000000E+000
