$SPEC_ID:
HFNG Beamline
$SPEC_REM:
DET# 2
DETDESC# EasyMCA
AP# Maestro Version 7.01
$DATE_MEA:
06/22/2018 17:09:09
$MEAS_TIM:
600 601
$DATA:
0 8191
       0
       0
       0
       0
       0
       0
       0
       0
       0
       0
       0
       0
       0
       0
       0
       0
       0
       0
       0
       0
       0
       0
       0
       0
       0
       0
       0
       0
       0
       0
       0
       0
       0
       0
       0
       0
       0
       0
       0
       0
       0
       0
       0
       0
       0
       0
       0
       0
      58
     130
      81
      83
      90
      82
     105
      79
     122
     106
     113
      95
      95
     108
      99
     107
      94
      87
     102
     100
      88
     103
      81
     100
      89
     128
      99
      95
      98
      98
      94
      80
      87
      94
      95
      76
      88
      73
      74
      72
      85
      76
      82
      95
      96
      87
      78
      88
      83
     104
      88
      73
      63
      71
      75
      75
      68
      87
      81
      80
      82
      69
      69
      62
      63
      55
      79
      79
      78
      59
      67
      82
      69
      93
      82
      64
      61
      64
      71
      83
      70
      59
      81
      70
      70
      68
      68
      70
      66
      85
      67
      75
      64
      70
      54
      61
      79
      70
      70
      79
      77
      62
      65
      68
      59
      68
      60
      57
      59
      66
      69
      85
      76
      61
      63
      63
      76
      68
      68
      74
      75
      76
      75
      70
      61
      72
      78
      60
      55
      69
      64
      74
      59
      79
      69
      58
      73
      52
      58
      52
      63
      49
      67
      65
      69
      62
      77
      55
      54
      71
      71
      56
      51
      70
      58
      44
      54
      56
      72
      48
      59
      53
      57
      66
      51
      66
      64
      65
      57
      58
      61
      63
      58
      61
      62
      71
      49
      48
      63
      62
      62
      68
      41
      59
      49
      66
      57
      44
      58
      55
      52
      60
      54
      77
      53
      53
      51
      45
      51
      57
      51
      51
      63
      51
      61
      61
      61
      56
      46
      61
      46
      69
      58
      66
      38
      59
      44
      60
      68
      54
      63
      51
      61
      48
      59
      53
      52
      59
      53
      56
      59
      49
      65
      47
      58
      71
      54
      46
      62
      30
      51
      54
      52
      43
      60
      66
      68
      43
      48
      60
      53
      49
      61
      54
      55
      53
      41
      66
      60
      49
      51
      56
      52
      48
      53
      51
      68
      65
      60
      35
      52
      55
      58
      59
      47
      63
      63
      55
      50
      55
      66
      66
      73
      48
      62
      76
      51
      64
      55
      44
      58
      56
      54
      51
      55
      74
      55
      65
      48
      53
      56
      71
      39
      66
      55
      58
      59
      47
      42
      48
      51
      56
      56
      53
      55
      66
      50
      58
      53
      55
      60
      56
      69
      75
     110
     122
     121
     115
      79
      46
      62
      52
      63
      79
      77
     144
     170
     186
     142
     113
      76
      65
      55
      47
      51
      61
      63
      59
      45
      63
      51
      60
      60
      49
      45
      48
      38
      34
      50
      52
      35
      51
      53
      57
      51
      61
      53
      49
      54
      56
      38
      55
      46
      46
      61
      59
      60
      50
      45
      57
      45
      55
      61
      63
      85
      86
      80
     101
     104
     100
      66
      56
      47
      51
      54
      57
      60
      51
      56
      60
      82
      56
      69
      59
      62
      66
      41
      45
      45
      53
      52
      50
      53
      46
      48
      60
      36
      57
      46
      37
      41
      47
      50
      56
      46
      52
      58
      57
      50
      39
      50
      53
      60
      46
      41
      45
      57
      55
      54
      62
      58
      52
      58
      45
      57
      49
      37
      57
      34
      49
      53
      51
      49
      47
      48
      53
      62
      59
      38
      58
      45
      45
      52
      42
      55
      38
      47
      58
      43
      36
      34
      48
      49
      45
      49
      49
      48
      61
      56
      36
      45
      45
      44
      53
      55
      47
      62
      44
      45
      40
      61
      53
      43
      47
      50
      63
      45
      44
      55
      61
      45
      45
      45
      35
      43
      43
      38
      38
      63
      46
      55
      36
      53
      47
      64
      35
      43
      53
      50
      66
      33
      48
      49
      50
      44
      62
      37
      49
      56
      44
      52
      53
      45
      64
      47
      57
      55
      45
      54
      56
      51
      56
      64
      60
      50
      47
      53
      42
      44
      59
      49
      58
      45
      50
      43
      54
      47
      48
      71
      46
      44
      52
      53
      57
      50
      54
      51
      49
      52
      55
      43
      47
      49
      60
      65
      61
      58
      56
      48
      48
      42
      55
      51
      47
      50
      41
      45
      59
      54
      64
      46
      64
      51
      50
      59
      44
      51
      48
      45
      57
      52
      52
      46
      49
      53
      45
      61
      56
      50
      57
      57
      44
      41
      63
      54
      58
      46
      61
      50
      57
      43
      48
      59
      56
      61
      47
      43
      62
      46
      56
      58
      64
      51
      48
      50
      47
      59
      58
      58
      53
      52
      53
      52
      54
      48
      60
      59
      61
      51
      45
      58
      66
      48
      52
      54
      73
      51
      81
     101
      94
     176
     232
     282
     276
     168
     119
      66
      50
      55
      48
      56
      41
      55
      51
      56
      42
      53
      43
      54
      47
      53
      59
      60
      60
      49
      44
      61
      59
      61
      55
      46
      61
      42
      70
      50
      58
      59
      64
      52
      42
      61
      72
      46
      67
      54
      49
      56
      67
      62
      59
      44
      64
      59
      63
      58
      52
      68
      67
      65
      79
      62
      70
      65
      50
      64
      54
      66
      63
      54
      58
      57
      66
      55
      55
      54
      61
      54
      70
      53
      50
      57
      61
      72
      49
      53
      62
      46
      52
      56
      64
      56
      59
      67
      55
      48
      55
      60
      50
      67
      61
      64
      64
      56
      76
      62
      78
      74
      61
      50
      66
      54
      75
      79
      72
      69
      55
      62
      81
      63
      60
      48
      64
      54
      68
      75
      69
      67
      72
      61
      66
      82
      57
      52
      49
      75
      73
      61
      70
      66
      52
      80
      66
      59
      56
      70
      55
      75
      56
      48
      51
      63
      65
      62
      70
      76
      87
      71
      54
      66
      62
      62
      48
      58
      78
      69
      60
      62
      70
      55
      68
      61
      71
      46
      68
      61
      55
      73
      58
      59
      62
      57
      62
      66
      59
      48
      69
      60
      61
      68
      58
      68
      61
      47
      59
      50
      53
      75
      74
      74
      53
      57
      51
      64
      52
      70
      61
      75
      68
      55
      53
      51
      57
      68
      56
      73
      68
      68
      53
      65
      60
      50
      66
      65
      82
      65
      56
      60
      51
      56
      57
      57
      78
      65
      62
      45
      63
      55
      65
      64
      74
      61
      63
      62
      64
      76
      65
      74
      72
      58
      61
      61
      59
      59
      60
      55
      56
      55
      57
      59
      59
      65
      53
      50
      60
      59
      49
      55
      51
      54
      62
      63
      49
      55
      54
      71
      51
      54
      62
      48
      58
      48
      41
      62
      61
      50
      53
      54
      54
      47
      49
      49
      54
      50
      58
      43
      46
      40
      56
      51
      52
      56
      52
      46
      36
      44
      37
      52
      46
      48
      52
      55
      43
      58
      40
      47
      50
      48
      62
      48
      43
      60
      62
      48
      52
      51
      65
      48
      49
      65
      45
      49
      43
      43
      50
      48
      53
      60
      45
      36
      45
      51
      49
      55
      44
      36
      47
      57
      52
      48
      56
      47
      57
      49
      40
      50
      42
      40
      58
      45
      32
      41
      45
      48
      46
      53
      59
      45
      68
      67
      51
      54
      54
      44
      56
      54
      42
      53
      54
      34
      56
      53
      52
      54
      51
      50
      42
      65
      55
      56
      52
      43
      53
      52
      55
      44
      48
      45
      66
      49
      57
      51
      48
      49
      43
      44
      47
      51
      60
      63
      49
      51
      53
      58
      59
      56
      43
      47
      61
      51
      67
      60
      45
      46
      51
      48
      41
      51
      49
      60
      58
      46
      48
      57
      45
      34
      36
      49
      44
      57
      50
      48
      46
      50
      40
      37
      45
      38
      49
      50
      57
      51
      37
      40
      46
      50
      36
      38
      43
      46
      36
      38
      45
      53
      48
      51
      41
      43
      44
      50
      50
      59
      47
      41
      33
      51
      41
      41
      60
      47
      48
      50
      45
      48
      45
      50
      43
      42
      42
      31
      40
      42
      55
      35
      51
      42
      41
      49
      54
      41
      35
      44
      52
      38
      48
      41
      40
      43
      51
      44
      45
      49
      37
      44
      34
      37
      36
      47
      50
      45
      67
      47
      34
      35
      54
      48
      45
      35
      46
      36
      42
      40
      48
      34
      48
      44
      42
      31
      44
      50
      44
      47
      39
      46
      42
      54
      38
      45
      42
      37
      46
      44
      37
      52
      35
      42
      37
      33
      42
      42
      46
      31
      46
      36
      38
      39
      32
      47
      48
      36
      46
      36
      37
      53
      38
      60
      38
      48
      32
      28
      39
      51
      39
      51
      38
      39
      43
      26
      40
      30
      47
      41
      38
      36
      34
      43
      39
      36
      43
      30
      35
      42
      41
      33
      35
      48
      38
      38
      44
      38
      38
      34
      50
      45
      39
      38
      44
      36
      41
      33
      33
      37
      47
      29
      33
      35
      41
      27
      42
      27
      33
      19
      33
      39
      43
      39
      31
      38
      30
      42
      45
      45
      33
      45
      30
      44
      41
      42
      37
      33
      41
      26
      34
      31
      40
      36
      30
      33
      35
      26
      34
      33
      30
      41
      25
      29
      30
      29
      29
      40
      38
      29
      25
      40
      30
      25
      31
      43
      33
      26
      26
      30
      30
      31
      41
      39
      24
      37
      31
      38
      29
      36
      29
      32
      32
      35
      30
      32
      42
      30
      41
      33
      32
      33
      30
      37
      38
      29
      24
      40
      31
      33
      33
      30
      26
      26
      32
      27
      37
      31
      27
      34
      38
      34
      29
      29
      22
      27
      26
      34
      25
      46
      30
      26
      32
      25
      25
      31
      26
      27
      27
      32
      33
      27
      30
      28
      38
      27
      34
      32
      30
      36
      33
      28
      36
      29
      37
      32
      24
      31
      29
      36
      31
      22
      25
      28
      32
      25
      29
      29
      32
      33
      25
      24
      27
      25
      30
      23
      28
      27
      21
      35
      26
      23
      29
      26
      26
      25
      28
      33
      31
      21
      22
      26
      29
      28
      32
      28
      25
      34
      31
      30
      26
      29
      27
      26
      26
      29
      19
      22
      21
      24
      28
      20
      37
      32
      31
      30
      28
      25
      22
      29
      29
      31
      32
      24
      20
      23
      27
      22
      34
      28
      28
      20
      24
      25
      25
      25
      29
      27
      31
      26
      22
      31
      24
      26
      32
      29
      26
      27
      30
      28
      28
      35
      13
      24
      18
      28
      28
      31
      24
      32
      29
      20
      26
      29
      34
      27
      20
      16
      24
      29
      22
      31
      27
      25
      24
      26
      28
      26
      28
      27
      36
      19
      23
      25
      21
      35
      15
      22
      34
      22
      34
      25
      28
      17
      27
      18
      27
      23
      16
      35
      31
      27
      19
      23
      20
      26
      25
      26
      33
      19
      21
      21
      14
      22
      23
      30
      25
      22
      27
      30
      27
      19
      23
      23
      21
      18
      17
      29
      15
      26
      34
      28
      19
      23
      27
      13
      14
      35
      22
      21
      25
      24
      24
      21
      24
      15
      33
      22
      24
      30
      21
      21
      29
      25
      19
      24
      26
      21
      24
      29
      29
      26
      38
      38
      26
      27
      20
      20
      22
      37
      16
      31
      25
      28
      24
      24
      23
      22
      17
      32
      25
      37
      20
      17
      23
      28
      25
      26
      25
      21
      20
      24
      18
      29
      25
      38
      20
      22
      32
      32
      28
      28
      30
      36
      22
      20
      38
      53
      60
      87
     151
     283
     497
     730
    1114
    1328
    1478
    1389
    1188
     759
     424
     206
      87
      29
      26
      15
      30
      14
      27
      19
      12
      15
      15
      16
      16
      22
      20
      11
      20
      16
      21
      14
      18
      21
      21
      17
      13
      14
      22
      20
      17
      18
      20
      23
      23
      11
      22
      17
      16
      11
      22
      15
      27
       9
      17
      22
      19
      26
      19
      24
      11
      12
      22
      17
      16
      15
      10
      17
      18
      14
      20
      25
      22
      15
      21
      21
      16
      13
      17
      15
      15
      13
      15
      18
      25
      26
      21
      16
      14
      20
      20
       8
      19
      17
      17
      17
      17
      20
      17
      20
      19
      21
      31
      25
      40
      33
      37
      19
      25
      14
      19
      17
      14
      20
      17
      15
      16
      12
      10
      14
      22
      21
      26
      17
      19
      20
      19
      13
      14
      22
      19
      14
      14
      21
      13
      18
      15
      13
      15
      18
      17
      18
      17
      13
      19
      13
      21
      14
      14
      18
       6
      17
      19
      21
      16
      14
      23
      16
      17
      17
       9
      14
      14
      17
      20
      22
       8
      16
      13
      15
      18
      15
      25
      11
       9
      17
      14
      16
      19
      18
      15
      15
       9
      18
      20
      18
      16
      11
      14
      15
      10
      16
      19
      17
      18
      16
      20
      16
      15
      20
      16
      11
      10
      17
      19
      19
      21
      11
      10
      14
      13
      11
      17
      15
      17
      18
      12
      12
      13
      13
      13
      10
      13
      16
      14
      17
      13
      10
      15
      21
      19
      16
      14
      17
      26
      14
      10
      13
      15
      17
      15
      17
      16
      17
      11
      20
      10
      24
      14
      17
      10
      17
      24
      16
      17
      16
      16
      14
      14
      15
       9
      19
      23
      12
      10
       8
      14
      14
      20
      19
      12
      17
      25
      16
      16
      15
      15
      16
      17
      16
      13
      22
      17
      21
      28
      35
      54
      65
      99
     106
      97
     104
      93
      83
      40
      36
      21
      15
      16
      17
      18
      14
       9
      14
      20
       8
       9
      20
      11
      17
      16
      15
      11
       8
      13
      19
      13
      18
      17
      11
      16
      11
      11
      13
      18
      15
      16
      18
      16
      11
      23
      19
      13
      14
      19
      10
      17
      14
      12
      12
      11
      16
      16
      20
      10
       9
      12
      13
      11
      15
      15
      13
      16
      19
      18
      12
      14
      15
      17
      16
      20
      11
      14
      19
      18
      14
      11
      11
      13
      14
      17
      16
      15
      13
      18
      10
      14
      17
      17
      16
      11
      14
      13
      16
      11
       9
      10
      16
      14
      11
      18
      17
      19
      17
      14
      19
      16
      11
      16
      15
      13
      19
      16
      16
      22
      13
      11
      19
      12
      24
      27
      44
      52
      67
     154
     210
     316
     377
     476
     490
     509
     459
     371
     254
     150
      82
      40
      19
      16
      13
      12
      15
      13
      11
       9
      18
      10
      20
      10
      11
      13
      10
      12
      20
      16
      10
      14
       8
      14
       6
       9
       9
      13
      17
       9
      12
      15
      16
      17
      13
      10
      11
      11
      13
      13
      10
       9
       5
      11
       9
      19
       8
      15
       9
      16
      14
       6
       6
       8
      17
      17
      12
      10
      11
      13
      12
       9
      15
      14
       9
       7
      10
      11
      18
      14
      10
      14
       8
      13
      10
      12
      12
      13
      14
      11
      12
      12
      15
      12
      16
      15
       8
      16
      12
      13
      19
      13
      18
      14
      12
      16
       9
      10
      10
      12
      13
      17
      12
      13
       8
      13
      16
      17
       9
      11
      13
      16
      11
      14
      10
      13
      11
       7
      12
      14
       8
      18
      10
       9
      14
       7
      17
      12
      13
      13
      12
      11
      14
       6
      11
      15
      20
      16
      12
      12
      17
      16
      11
       7
       7
      11
      10
      10
       7
      11
      16
      13
      17
      11
       8
      11
       7
      10
      10
      10
      19
      15
      13
      16
      19
      15
      15
       7
       7
      12
       6
       9
      16
       9
      21
      16
      11
      12
       9
      10
      17
      23
       9
      18
      14
       9
      14
       9
      11
      14
      12
      13
      11
      16
      11
       8
       9
       5
       5
      10
      13
      10
      14
      10
       6
      17
      11
      10
       9
      15
      12
      10
      15
      13
      16
       6
      10
      13
       6
      15
      15
      11
       9
       8
      14
      11
       8
       9
      15
      19
      31
      19
      16
      22
      21
      19
       9
      12
       6
      13
      16
      13
      16
       8
      16
      14
      12
       9
       7
      15
      11
       9
      11
      10
      21
      13
      10
      12
      12
      10
      14
      10
      11
      13
       6
       8
       8
       9
      13
       8
       9
      15
      15
       8
      12
       8
      13
      15
      11
      15
      10
      10
      13
       9
       8
      10
       8
       9
       8
      10
      14
       8
       9
      14
       9
      12
      12
      18
       9
      11
      20
      11
      11
      14
      11
       8
      11
      11
       6
      13
      12
      11
      16
      11
      11
      10
       9
      14
       9
      11
      17
      13
      17
       7
      10
      14
      10
       9
      13
      14
       4
      10
      10
      14
      13
      13
      12
      14
       5
      11
       9
      15
      10
      14
       9
      17
       8
       7
      10
      10
       6
       8
      12
       7
      12
      12
      12
      12
      10
      16
      12
       7
      12
      13
      10
      17
      10
      11
       8
      13
      14
       9
       4
      10
      18
       9
      13
      12
      14
      12
      11
      12
      13
      11
      18
      12
      12
       7
      11
      10
      16
      12
      12
      15
      20
      17
       6
      11
      15
      16
      11
      13
      15
      13
      12
      12
      10
       7
      13
      17
       9
      12
      15
       5
      14
      12
       8
       9
       6
       6
       7
      12
      11
       9
      18
      16
      11
      16
       8
      14
      17
      15
      13
       8
       5
      10
      15
      11
      15
      10
      14
      18
      14
       9
      20
      11
       3
       3
      17
      10
       9
      11
       8
      15
       9
      14
       7
      14
       9
      15
      15
      10
      10
      12
       8
      14
       8
      16
      19
       9
      14
      12
      21
      16
      20
      11
      18
      15
      19
      18
      19
      17
      16
      18
      23
      15
      10
      13
      14
      10
       8
      15
       9
      15
       8
       6
      10
      10
      14
      10
      19
      13
       6
       8
      11
      10
       9
      15
      11
      12
       8
       8
      10
      10
       9
      12
      17
       8
      15
       6
      17
       9
       9
       6
      14
       9
      11
       9
      16
       7
       8
       7
      15
       6
       7
      16
      15
      10
      22
       8
       8
      12
       9
      11
      10
       9
      15
      17
       5
       9
       8
       5
       8
       8
      15
      13
      14
      12
       8
      11
      18
       7
      11
      10
      14
      16
      10
      11
       7
       8
      12
      12
       8
      10
       6
      11
      13
      11
      10
      15
      11
      10
      13
      13
      10
       7
      13
      12
       5
      14
      13
      14
      12
       8
      14
      11
       9
      16
       8
       9
       6
      18
       8
      13
      12
      12
       8
       7
       8
       7
      10
      13
       6
       9
      13
       9
       9
      11
       8
       4
       7
       9
      14
       9
      13
      13
       7
       8
      10
      11
      10
      14
       9
       9
      17
      15
      10
      15
      13
      13
      13
       9
      15
      11
       9
      13
      12
       8
      10
       9
       7
      11
      13
      10
       9
      11
       9
       8
      14
      15
       9
      14
      12
      14
       5
      13
      14
      12
       9
      12
      11
       9
      11
      10
       9
      15
       8
      11
      11
       5
      11
      10
      13
      10
      13
      10
       9
      13
      10
      14
      13
       8
      10
       8
       9
      16
      17
       6
      11
      15
       8
      13
       7
       6
       9
      13
       7
      12
      10
      17
       8
       7
       6
      10
      12
      10
       9
      17
       7
      15
       4
      11
       9
      14
       7
       8
       8
      12
      11
      11
       9
      13
       9
      12
      10
      15
       9
       6
       7
       2
      11
       9
      14
      11
      11
      10
       9
      13
       5
       8
       5
      10
       5
      11
       7
       8
      11
      12
      13
      10
      11
       8
      13
      10
      13
      10
      14
      13
       9
       6
      12
       9
       7
       8
      10
      10
      14
       7
       4
       8
      15
      10
       9
       8
       3
      12
      11
       9
      12
      11
       7
      13
      13
      11
       5
      10
      12
       6
       9
      12
      12
      12
      11
       7
       9
      10
       9
      10
       8
       4
       5
       4
      12
      12
      13
      16
      15
      16
       9
       8
      13
      12
      10
       8
      10
      13
      12
      11
       7
      11
       6
      10
      10
      12
      14
      12
      10
       8
      10
      14
       9
      12
      12
       9
       5
       9
       5
       9
      12
       3
      15
       9
      20
       9
      13
       8
      10
       9
       9
       8
       9
       8
      13
       8
      12
       9
      12
      11
      12
      12
      11
       7
       5
      13
       8
       5
      13
       9
      11
      16
       9
      12
       8
      13
      14
      10
      12
      16
      12
      12
      10
      11
      19
       6
      10
      13
      13
      16
      12
      15
       8
       5
      11
       6
      11
      15
       9
      13
      10
      12
       4
      16
      14
      11
       7
       7
      11
      11
      17
      15
      11
      11
       9
      15
      10
      13
      11
       9
      10
       6
      10
      13
      11
       9
      10
      16
      14
      13
      13
      14
      11
       6
       9
       8
       7
      14
      17
      12
       1
       9
      13
      12
      15
      14
       9
      18
      13
      13
      16
      13
      15
       6
      13
      13
      11
       9
      10
       7
      13
      20
      13
      14
      12
       9
      12
       6
      16
      10
      12
       9
      12
       5
       7
      13
      12
      14
       9
      11
      15
       7
       7
      10
       9
       9
       7
      12
      13
       8
      13
       9
      12
      11
      14
      18
       9
      10
      13
      14
      10
       7
      13
      13
       8
      14
      12
      10
       9
      12
      21
       9
      10
       8
      10
       7
      12
      14
       4
      14
      10
      13
      12
       8
      14
      14
      11
      13
       9
      12
      10
       8
      16
       5
       8
      10
       8
      10
       7
       8
      11
      16
       8
       7
      16
      11
      18
      10
       6
      10
      13
       8
      10
      14
       9
       9
      11
       8
       9
       9
      13
       8
      13
      12
       4
       9
       9
       8
       5
       9
      14
      14
       6
      11
      13
      16
      11
       5
      16
       8
       9
      11
       9
       9
       9
      11
       9
      10
       5
       7
      11
       8
       7
      10
       7
      11
      16
       9
      13
       7
       7
       6
      15
       7
      11
       5
      13
      11
      11
       6
      11
       7
       9
      14
      14
      12
       4
       7
      11
      10
      10
      11
       6
      18
      15
      13
      10
      10
      11
       5
       8
      11
      13
      11
       9
      15
       8
      15
      10
       9
       8
      12
      13
      10
      12
      15
      18
      16
      11
       5
       9
       5
       6
      12
      16
       8
      10
      12
       8
      14
       6
      12
      10
      10
       8
      13
      14
      21
      13
       8
      14
       8
       5
      12
      11
       8
      12
      13
       9
      10
       6
      10
      15
      11
      10
       9
      14
       8
      10
       7
      13
      10
      16
       8
      10
       6
       9
       9
      10
      13
       7
      11
      16
      10
      15
      10
      15
      14
       7
      10
       7
      10
      10
      12
       5
       9
      11
       2
      13
       6
      14
       5
       9
      11
      12
      13
      15
       4
       6
      12
      19
       9
       4
      12
      10
       8
       8
      10
      10
       7
       4
       7
      11
       6
       6
       9
      11
       5
       9
      10
       7
      10
      10
       8
       8
       6
      11
       5
      14
      13
      12
      11
      11
       9
      12
      10
      10
      13
       8
      11
       5
       7
      10
      10
      12
      13
      13
      16
      13
      10
      16
       6
      11
      11
       9
       7
      16
      15
       5
      10
       9
      10
       6
      10
      12
      11
       8
       6
      16
       6
       9
      11
       8
      11
       6
      10
       4
       8
      12
       7
      13
      12
       7
       6
       9
      11
       9
      10
      13
      11
       5
       6
      16
       8
      11
      12
      15
      16
      10
       8
      12
      12
       9
       6
      10
       6
      10
       7
      12
      10
      10
      11
       7
      11
       8
       6
      13
       8
       7
      11
       8
      12
       6
      10
       5
       9
       8
       7
       7
      12
       8
      14
       9
      13
       7
       5
      12
      11
       7
      10
       8
       7
       7
      11
      16
       6
      12
       7
       6
      14
      10
      13
      11
      11
      12
       9
       4
      14
      13
      18
      10
      11
       6
       5
       8
       8
      15
      11
      10
       6
       6
       9
       4
      10
      11
      11
      15
      12
       5
      10
       8
      17
      11
      11
      11
      18
       6
      10
       7
       6
       9
       9
       8
       9
       7
       5
       7
      15
      12
       9
       7
       9
      12
      15
      11
       7
       6
       8
       9
       8
       8
       9
      10
      16
       7
       7
       8
       6
      10
      16
       7
      10
      10
      11
      15
       8
      10
      10
       6
      10
      11
       3
      16
       6
       9
       6
      16
       7
       7
      15
      11
      14
       7
      12
       8
       5
      17
      11
       7
       8
       8
       8
       8
      10
      10
      16
       8
       8
       8
      14
       8
       6
       9
      10
       3
      14
       9
       5
       7
      11
      12
      11
      14
       6
      11
      11
      11
       9
      14
       9
      13
      14
      11
      11
      14
       7
       7
      13
       5
       6
      11
       7
      11
      10
      18
      10
      10
      10
       8
      11
       4
      11
      10
      11
      12
      11
       6
      10
       7
       7
      14
       5
      10
       7
      10
       7
      13
      10
      15
      13
       6
       6
       9
      13
       7
       9
      14
      15
      11
      10
       4
       9
      12
      14
       7
      14
      14
      15
      15
      11
       5
      10
      16
      14
       7
       8
       6
      13
       8
      10
      11
      10
       7
      10
      13
      13
      12
       8
       7
       6
       6
       9
      12
       5
       7
      12
      10
       8
       8
      14
       5
      13
      15
      15
       8
       8
       3
      12
       9
       5
      16
      10
      11
      12
       9
       9
      10
       7
      17
       8
       8
       8
      13
      15
      15
      10
      10
      10
      10
      11
      13
       6
      14
      10
      10
       6
       5
       9
      11
       8
      10
       8
      12
      12
      12
      11
       8
       8
      14
      14
       9
      11
       9
      10
       6
       3
      10
       9
      11
      10
       9
      10
       9
      13
       8
       8
       6
      14
      11
      10
      14
       6
      15
      12
      16
       3
      13
      10
      11
      14
       7
       9
       9
      11
       3
      11
      15
       6
      11
       8
       9
      13
      10
       4
      10
      13
      11
      11
      16
       7
      15
       9
      14
       8
      11
      12
       7
      11
       7
       8
       6
       8
      10
       9
       9
      11
      14
      12
      11
      12
      13
      15
      16
      19
      10
      10
      10
      10
       8
       9
       6
       6
       9
       9
       8
      15
       6
       8
      12
       7
      15
       8
      15
      15
      11
      11
      13
       8
      11
      14
       9
      11
       6
      14
       7
      16
      10
      13
      18
      14
       6
       8
      11
       4
      10
      18
       8
      11
       7
      13
      12
      14
       5
       9
       9
      11
      13
      12
      14
      12
       9
      16
      13
      10
      11
       8
      10
      12
      11
       7
      12
      11
       8
      13
       9
       7
      11
      15
      12
       7
      13
      13
      11
       6
      11
       8
      10
       6
       8
       7
      11
      15
       8
      16
      10
      10
      15
      10
       3
       9
       6
       8
       9
       4
       7
      12
      12
      10
       7
      11
       5
      11
      19
       7
      14
      20
       9
      10
       7
      12
       8
      15
      11
       6
      10
      14
       8
      12
      11
      19
       7
       4
      18
      10
       9
      18
      15
       9
       9
      16
       4
      11
      10
       8
      11
      14
       7
      10
      15
      12
      13
      16
      14
       9
      11
      11
      10
      10
       8
       9
       4
       8
       6
      15
      11
       8
      11
      13
      15
       9
       8
      13
      10
      11
       9
       8
      13
      11
       7
       8
      13
       7
      16
      16
       7
       9
       6
      14
       6
      12
      11
       7
       8
      12
       9
       8
      14
      14
      12
      16
       9
      10
       9
      14
       7
      17
      15
       6
       8
      15
      13
       7
      17
       5
      12
      11
      20
      10
      12
      21
       5
      20
      10
      11
      10
      11
      14
      10
      11
       6
       9
      10
       9
       5
       8
      10
       7
      15
       7
      18
      14
      12
      12
      15
       9
       8
       9
      13
      11
       7
       9
       6
      13
      12
      10
      13
      11
      14
       9
      11
      14
      11
       7
       5
      15
       7
       8
      11
      13
      15
       6
      10
       9
      12
      17
      15
       9
       8
      16
      10
      10
      14
      15
      16
       5
      10
       6
      14
      20
      14
       9
       9
       8
      10
      11
      16
       9
       7
       9
       4
       7
      15
      19
      11
      13
      19
      14
      15
      10
      16
      11
      14
       9
      21
      16
      22
      20
      25
      34
      38
      45
      68
      67
      62
      64
      80
      89
      81
      54
      61
      61
      53
      39
      33
      22
      15
      10
       8
      15
      23
      15
      11
      13
      11
      12
       7
      16
       9
      10
      15
      15
      13
       7
       7
      12
      13
      11
      16
      17
      12
      10
      13
      16
      11
      14
      11
      19
      13
      13
      16
       8
       6
       5
       9
      11
      11
       9
      17
       8
      17
      10
       8
       9
       9
      12
      20
      12
      13
      14
      10
      13
      11
       6
      14
      14
      11
       8
      18
      13
       7
      15
      13
      12
      20
      10
       6
       5
      11
       6
      11
      13
      10
      10
      13
      10
       7
      14
      11
      14
      11
      10
      12
      17
       7
       9
      12
      14
      17
       7
       9
      10
      17
      13
       9
      14
      11
       9
      11
       8
      17
      11
      17
       7
      13
       5
       9
       7
      12
      11
       8
      22
      11
      13
       8
      17
      16
      22
      11
      13
       8
       9
      13
      13
      13
      17
      15
       9
      12
      18
      21
      19
      10
      13
       8
      13
      11
      13
      13
      13
       8
      13
       8
      12
      17
      14
      14
      16
      12
      18
       5
       8
      12
      10
      14
      21
      12
      16
      13
       5
      17
      13
      12
      15
       7
      13
      12
       6
      16
      18
      14
      10
       8
      16
      12
      14
      10
      11
      16
      11
      13
      14
      15
      13
      13
      10
       8
       5
      15
      13
       9
       9
      18
      20
      22
      11
      23
      14
      11
       9
      10
      14
       7
      12
       9
      17
      12
      11
      14
      10
      13
       9
       8
      19
      18
      15
      15
       9
      10
      18
      11
       9
      14
      18
      20
       9
      10
      19
      20
      10
      17
      12
      15
      19
       6
      16
      11
      24
      16
      10
      14
      12
      12
       7
      13
      11
      21
      10
      10
      20
      10
      11
      16
      14
      15
      20
      11
       8
      12
      13
      16
      13
      10
       8
      14
      12
      15
      19
       9
      16
       8
      12
       7
      11
      12
      14
      13
       6
      14
      11
      14
      11
      23
      16
      16
       9
      15
      17
      15
      18
      14
      11
      20
      13
      10
      10
      13
      14
      19
      16
      11
      17
      18
      16
      10
      13
      16
       8
      17
      12
      14
      12
      15
      10
      14
      19
      11
      11
      13
      14
       9
       4
      11
      10
       7
      13
      21
      11
      20
      11
      14
       7
      10
      15
       9
      16
      14
      14
      13
       8
       7
       9
      13
      18
      11
      13
       9
      12
      17
       7
      15
      17
      20
      10
      12
      12
      11
      19
      16
      11
      11
      13
       7
      12
      13
      13
       8
      10
      11
      13
      11
      12
      10
      10
      14
      13
      14
      13
       9
      11
       9
      10
      14
      11
      17
      13
       7
      10
      12
      10
      10
       9
      12
       6
       8
      20
      16
      12
       5
      10
      13
      11
       8
      13
       5
       9
      11
      12
      10
      14
       6
       9
      11
      16
      10
       7
      13
      11
      18
       3
      10
       9
      12
       5
      10
      14
      10
      10
       8
      11
      11
       7
      11
       8
       9
       7
       9
      13
       4
      14
       6
       6
       6
      13
      10
       8
      11
      10
      11
      15
      14
      10
      13
      13
       7
      10
       8
      10
       9
      12
      11
       8
      15
      13
      12
      12
       8
      12
      13
       8
       3
       8
      14
      10
      10
      10
       8
       8
       4
      13
      11
      14
      11
      14
      11
       8
       7
      11
      12
      13
       9
       4
      10
      11
       6
       4
      14
       6
       9
       9
      13
      11
      11
       8
       9
      13
       5
       7
       8
      13
      11
       9
      10
       8
      13
       7
       5
      14
       6
      14
       8
      11
      11
      18
      11
      13
       9
      12
       8
      10
      10
      12
      12
       7
       7
      11
      16
       9
       8
       9
      11
      10
       7
       9
      10
      11
       4
      10
      17
       5
       9
       9
      13
      11
       8
       5
      11
      16
       8
      10
      13
      12
      10
       8
       8
       7
      12
      10
      16
      14
       9
       4
       9
      12
       9
      11
       4
       4
      11
      16
      10
       7
      13
       9
      10
      11
      12
      11
       5
      10
      10
      10
      10
       8
       7
      12
      14
      10
       6
       9
       8
      14
      11
       9
       5
      12
       6
      11
      10
      14
       9
       9
       8
      14
       9
      12
      12
       9
      15
       4
      11
       8
       8
      10
      13
      13
       7
       8
       8
      13
       9
      13
       5
      12
       4
      14
      10
      10
      10
       8
       5
      10
      10
       8
       9
      10
      10
       6
       9
      14
      10
       8
       9
       6
       7
       9
      10
       6
      14
       6
       9
       6
       4
       8
       8
       7
      11
      13
      10
       9
       5
       7
       9
       5
      11
       8
      10
      10
       4
       7
       8
       9
      15
      12
      14
       7
       5
       9
      10
       6
       9
      12
       9
      14
      12
      10
      11
      12
       9
      10
      15
       5
       5
      17
       3
       7
       7
      14
      11
      11
       4
       9
       7
       6
      15
       6
      11
       6
      10
      11
       4
      15
       8
      11
      12
      11
       8
       9
      10
       9
      11
      11
      13
      10
       6
       8
       4
      13
       9
      12
       5
       6
      12
       7
      11
       6
       8
      11
      15
       7
       9
      10
      10
       8
      14
       7
      10
      10
       8
      16
      11
       5
       7
       4
      10
       9
       4
       6
       9
      12
      14
       8
      12
      11
      11
      12
      11
      13
      11
       6
      10
       8
      11
       7
       3
       9
       7
       5
       9
      12
      15
       8
      13
      10
       8
       7
      12
       7
       7
       3
      11
      11
       8
       6
       9
       7
      11
      13
       7
       7
      14
       6
       9
      11
      11
       7
       4
       7
       6
      10
       5
       9
      13
      11
      13
      14
      10
      13
      13
       7
      10
      11
      13
       8
      10
       6
       8
      11
       9
       6
      11
      10
       9
      12
      12
      12
       6
       7
       4
       7
       6
      12
      15
      15
       6
      12
       7
      10
      13
      10
      14
      11
       7
       8
      13
       5
       8
       7
      11
       2
       7
      11
      14
      12
       9
       8
      10
       8
       6
      12
      16
       7
       8
       7
       7
      10
      11
       4
       6
       4
      11
      12
       7
       8
      11
       6
       7
       7
       9
      13
       9
      13
       7
      11
      10
       9
       8
       6
      10
       7
       7
       8
       9
      10
       3
       9
      11
       8
       9
       9
      13
       7
      11
      14
       7
      11
       7
      13
       9
       7
      13
       9
      11
       4
      12
       6
       6
       7
       8
      12
      13
      15
      12
       7
      11
      10
      10
       8
      10
       9
      11
       6
      10
      12
       6
       9
      18
       8
      12
      12
      12
       9
       9
       6
      10
       9
       9
      10
       6
       5
       9
      11
       7
       8
      10
       6
      12
      11
      12
       8
       6
       8
      10
      13
      10
      14
      12
       5
      13
       7
      14
       7
       5
      11
      11
      10
       8
       8
       6
       5
      12
       9
      11
       8
       8
       5
       6
       7
      18
       8
       7
      20
       9
       7
       6
      13
       6
       9
      10
      10
       7
       5
       6
      11
       8
      10
      11
       5
       7
       9
      11
      13
       7
       4
       9
      10
       9
       4
       8
      11
      17
      10
      14
      11
       8
       9
       8
      10
      13
       7
       9
       8
      14
       4
       7
      10
      10
       9
       4
       5
      11
       7
       8
      10
      16
       3
       6
       4
      11
      11
      13
      11
      12
       9
      12
      11
      13
      15
      12
      17
      10
      12
       5
       9
       8
       5
      10
      17
       6
       6
       4
      10
       8
      11
      11
       5
      13
      18
      12
      16
      11
      11
      15
      10
      15
      13
      11
      11
       6
      11
       7
       7
      12
       8
       6
      14
       7
       5
      11
      10
       1
      14
      10
       1
       8
      10
      13
      10
       9
       4
      10
       9
      18
      11
      10
      11
       9
       6
      11
       8
       2
       7
      12
       9
      10
       3
       7
      14
      10
       8
      10
      12
       8
      11
      13
      11
      16
       4
      11
      15
      12
      10
      12
       9
      13
       6
       7
       9
       4
      10
      14
      11
      17
       9
      10
       6
      13
       8
       6
      10
      10
       9
      12
      14
      13
      13
       4
      13
      14
      12
      10
       7
       9
       9
      11
       7
       6
      10
       9
       9
      11
      18
       6
      17
      16
      14
      10
      12
      14
      11
      14
      10
      10
      14
      15
      14
      11
       8
       4
      13
      15
      11
       8
       7
       6
       9
       8
       7
       6
      14
       4
       7
      15
       8
      14
      12
       5
      15
      12
       9
      19
      11
      13
       9
       9
       7
      11
      14
      14
      15
      11
      14
      10
      14
      13
      18
      18
      13
      11
       8
      10
      11
      10
      17
      17
       9
       8
      17
      12
      17
      20
       7
      10
       6
      10
      13
      15
      10
      11
      13
      13
      15
       9
      12
      13
       7
       9
      12
      13
      11
      10
       8
      17
      13
       8
      16
       6
       7
      11
      13
       4
      14
       7
       7
       5
      12
      10
      13
      12
       8
       7
      11
       7
      10
       8
       9
       7
      13
      14
      16
      13
       8
      14
      13
      12
       5
       6
       8
      10
      12
      12
       7
       9
       4
       7
      11
       9
       9
      10
       7
      11
      14
      10
       4
      11
       6
       6
       2
       8
       4
       5
       5
       4
      12
       6
       8
       5
       5
       4
       5
      10
       4
       6
       6
       7
       8
       4
      13
      12
       8
       8
       9
       9
      12
       8
       8
       9
      10
      13
      14
       7
      13
       5
      12
       7
       9
      13
      10
       6
       8
       9
      11
      11
      12
      14
      11
      13
      11
      19
      16
      19
      31
      28
      51
      66
      72
      81
      99
     133
     154
     148
     181
     178
     197
     215
     199
     198
     209
     164
     147
     125
     103
      75
      70
      24
      21
      18
       9
      12
      10
      12
       2
      10
       8
       5
       4
       6
       9
       2
       5
       7
       8
       5
       4
       7
       7
       4
       8
       6
       4
       8
       6
      10
       6
       8
       5
       4
       7
       5
       4
       9
       8
       6
       5
       6
       8
       9
       2
       8
       5
       4
       8
       7
       7
       6
       4
       7
      10
       9
       1
       5
      12
       5
       5
       3
       7
       7
       9
       4
       1
       7
       7
       6
       7
       2
       5
       5
       6
       8
       4
       6
      11
       9
       4
      10
      10
       9
       7
       3
       3
       7
       2
      10
       5
       9
       4
       7
       7
       5
       2
       5
       7
       5
       5
       5
       6
       4
       6
      10
       7
       9
       4
       6
       7
       4
       4
       6
       4
       1
       5
      11
       3
       5
       7
       6
       5
       7
       4
       3
       6
       3
       9
       2
       7
       3
       3
       8
       5
       7
       5
       2
       7
       5
       5
       2
       5
       4
      10
       6
       7
       6
       6
       6
       5
       5
       3
       3
       3
       3
       5
      10
       3
       6
       5
       7
       5
       7
       2
       4
       8
       3
       4
       7
       2
       4
       3
       7
       7
       5
       3
      10
       4
       4
      10
       1
       7
       5
       8
       7
       2
       4
       3
       1
       2
       2
       7
       5
       6
       2
       3
       4
       3
       7
       6
       4
       5
       5
       5
       2
       5
       4
       3
       6
       3
       5
       3
       6
       3
       7
       4
       1
       6
       4
       5
       2
       7
       4
       3
       4
       5
       3
       7
       7
       4
       6
       4
       4
       5
       3
       4
       7
       3
       4
       4
       9
       7
       3
       6
       5
       1
       1
       5
       4
       4
       3
       4
       5
       7
       4
       3
       4
       5
       1
       6
       4
       3
       3
       1
       3
       3
       3
       7
       6
       5
       3
       4
       6
       2
       5
       6
       2
       2
       4
       4
       3
       7
       2
       5
       2
       2
       4
       4
       2
       2
       5
       4
       6
       5
       2
       2
       5
       8
       2
       3
       1
       3
       4
       2
       1
       2
       5
       2
       6
       4
       7
       2
       6
       2
       7
       7
       3
       2
       3
       5
       2
       3
       4
       5
       3
       4
      12
       4
       5
       7
       2
       2
       3
       0
       3
       3
       2
       2
       4
       3
       4
       2
       2
       7
       3
       5
       2
       2
       5
       6
       2
       3
       4
       6
       3
       3
       2
       1
       2
       2
       4
       0
       4
       3
       2
       2
       3
       4
       6
       5
       2
       4
       1
       4
       2
       4
       1
       5
       2
       4
       3
       3
       3
       2
       2
       2
       3
       6
       2
       4
       0
       4
       3
       2
       3
       3
       5
       4
       5
       1
       1
       4
       4
       3
       1
       2
       3
       2
       3
       4
       0
       2
       5
       1
       6
       6
       6
       4
       5
       3
       5
       2
       7
       4
       5
       4
       4
       1
       1
       5
       7
       0
       2
       3
       4
       2
       3
       2
       5
       0
       3
       1
       3
       3
       5
       1
       2
       0
       5
       2
       1
       1
       2
       6
       3
       3
       1
       4
       6
       0
       1
       1
       3
       7
       3
       2
       3
       1
       1
       1
       4
       8
       3
       2
       3
       2
       3
       5
       5
       3
       4
       3
       2
       2
       2
       3
       3
       3
       8
       2
       4
       3
       2
       1
       3
       1
       4
       2
       4
       2
       2
       6
       7
       0
       2
       2
       1
       2
       2
       3
       1
       0
       4
       1
       2
       3
       4
       2
       1
       2
       2
       2
       1
       5
       5
       3
       4
       2
       3
       3
       4
       3
       4
       2
       1
       0
       2
       0
       0
       1
       3
       3
       3
       0
       3
       2
       7
       1
       6
       2
       1
       3
       2
       4
       2
       3
       3
       0
       3
       1
       2
       2
       1
       2
       3
       4
       1
       4
       4
       1
       2
       5
       1
       0
       4
       4
       3
       1
       2
       2
       1
       0
       2
       3
       5
       6
       2
       2
       1
       4
       2
       2
       2
       3
       4
       1
       3
       2
       3
       3
       3
       1
       1
       2
       4
       3
       2
       2
       1
       2
       1
       5
       4
       3
       0
       2
       1
       3
       0
       5
       2
       0
       2
       1
       2
       2
       3
       1
       2
       3
       0
       4
       2
       0
       2
       1
       4
       1
       2
       2
       1
       4
       0
       4
       1
       3
       6
       3
       3
       1
       1
       3
       3
       2
       4
       4
       1
       2
       1
       5
       2
       2
       4
       1
       1
       4
       4
       5
       2
       3
       1
       3
       4
       4
       4
       0
       6
       2
       1
       3
       3
       5
       0
       2
       4
       2
       7
       2
       1
       3
       4
       5
       6
       1
       2
       5
       1
       5
       9
       7
       4
       0
       3
       1
       5
       2
       0
       1
       1
       1
       2
       2
       2
       2
       2
       1
       3
       1
       2
       2
       1
       3
       1
       3
       0
       1
       4
       0
       2
       4
       3
       3
       3
       0
       3
       1
       6
       3
       3
       4
       2
       1
       2
       6
       0
       1
       2
       1
       3
       5
       5
       3
       5
       5
       3
       4
       4
       0
       2
       3
       0
       1
       4
       2
       4
       4
       4
       1
       6
       1
       3
       2
       2
       2
       3
       0
       4
       2
       1
       0
       2
       4
       5
       7
       4
       7
       1
       1
       6
       5
       2
       3
       5
       3
       1
       3
       0
       1
       2
       2
       5
       2
       3
       1
       5
       1
       3
       3
       1
       0
       2
       3
       2
       2
       4
       0
       3
       2
       1
       5
       4
       3
       0
       2
       2
       0
       7
       1
       1
       1
       1
       2
       0
       5
       5
       2
       2
       3
       0
       3
       4
       1
       1
       1
       4
       6
       0
       6
       6
       3
       1
       4
       6
       3
       3
       1
       2
       2
       4
       3
       0
       2
       5
       2
       2
       3
       1
       1
       1
       4
       3
       2
       1
       0
       5
       8
       2
       1
       2
       1
       3
       4
       3
       1
       1
       1
       5
       3
       1
       4
       4
       0
       4
       3
       2
       3
       6
       6
       1
       1
       2
       2
       1
       3
       5
       4
       1
       2
       2
       3
       1
       3
       1
       1
       4
       3
       2
       2
       5
       2
       1
       2
       3
       1
       2
       3
       4
       3
       1
       5
       1
       2
       1
       1
       4
       4
       4
       2
       5
       2
       3
       3
       2
       1
       7
       0
       5
       3
       5
       4
       1
       4
       4
       6
       5
       2
       2
       3
       1
       5
       3
       4
       1
       3
       1
       6
       2
       5
       3
       1
       3
       6
       7
       6
       6
       6
      12
      11
      22
      19
      18
      25
      42
      44
      56
      67
      76
      81
     120
     134
     150
     174
     169
     204
     203
     214
     218
     203
     237
     194
     178
     170
     136
     121
      78
      75
      36
      36
      21
       9
       5
       6
       2
       3
       1
       2
       3
       2
       2
       3
       4
       1
       1
       0
       2
       1
       2
       3
       4
       0
       3
       1
       2
       1
       2
       2
       0
       1
       0
       1
       0
       1
       0
       1
       2
       3
       2
       1
       1
       0
       5
       3
       2
       3
       2
       2
       2
       0
       0
       0
       1
       2
       1
       0
       2
       1
       2
       0
       2
       0
       1
       3
       3
       3
       0
       2
       0
       4
       5
       0
       2
       1
       0
       1
       1
       3
       1
       1
       0
       1
       0
       0
       0
       1
       0
       2
       1
       3
       6
       2
       1
       2
       2
       2
       1
       1
       2
       1
       0
       2
       0
       2
       0
       3
       3
       3
       1
       5
       3
       1
       1
       1
       1
       2
       0
       3
       3
       2
       1
       0
       2
       1
       2
       2
       2
       2
       1
       3
       0
       3
       0
       1
       1
       0
       3
       0
       1
       1
       1
       1
       0
       5
       1
       0
       1
       1
       0
       2
       0
       2
       1
       0
       1
       2
       0
       1
       1
       0
       2
       1
       0
       0
       4
       0
       1
       2
       4
       1
       1
       1
       0
       1
       0
       1
       4
       0
       1
       0
       0
       0
       1
       2
       0
       3
       1
       2
       3
       0
       3
       1
       0
       1
       1
       1
       1
       2
       1
       0
       2
       0
       2
       1
       0
       2
       0
       2
       0
       0
       1
       0
       2
       1
       0
       3
       5
       3
       1
       0
       1
       1
       1
       0
       1
       1
       3
       1
       4
       3
       1
       0
       1
       1
       3
       1
       5
       1
       1
       1
       2
       1
       1
       2
       0
       0
       1
       3
       2
       0
       0
       1
       0
       0
       0
       1
       1
       1
       1
       2
       0
       0
       1
       3
       1
       2
       1
       0
       0
       2
       2
       2
       2
       3
       1
       0
       3
       1
       1
       1
       1
       1
       1
       0
       1
       1
       3
       2
       0
       0
       4
       1
       1
       1
       1
       1
       2
       1
       2
       1
       0
       0
       2
       3
       1
       0
       1
       0
       1
       2
       1
       1
       0
       0
       1
       0
       1
       1
       2
       2
       1
       0
       0
       1
       1
       2
       1
       1
       0
       3
       2
       1
       1
       1
       0
       0
       1
       1
       1
       1
       0
       1
       1
       1
       1
       1
       0
       2
       1
       2
       2
       1
       3
       2
       1
       1
       0
       0
       0
       0
       1
       1
       0
       3
       1
       3
       1
       1
       0
       3
       2
       0
       1
       1
       1
       2
       1
       2
       1
       0
       2
       2
       0
       0
       1
       1
       3
       1
       0
       0
       1
       2
       0
       2
       0
       0
       3
       0
       0
       2
       0
       0
       2
       2
       4
       5
       0
       0
       2
       1
       3
       1
       1
       2
       1
       2
       2
       0
       2
       1
       2
       0
       2
       3
       1
       0
       2
       0
       0
       0
       1
       1
       1
       1
       1
       1
       1
       0
       1
       0
       0
       0
       1
       1
       2
       1
       2
       1
       3
       1
       0
       2
       0
       2
       2
       0
       1
       0
       3
       2
       1
       2
       1
       0
       1
       2
       2
       0
       0
       0
       1
       0
       3
       1
       0
       0
       4
       1
       2
       3
       0
       0
       1
       0
       2
       1
       0
       1
       0
       1
       0
       2
       2
       0
       1
       0
       1
       0
       1
       0
       0
       2
       1
       1
       0
       0
       2
       2
       0
       2
       1
       0
       1
       2
       0
       0
       3
       0
       0
       0
       1
       0
       0
       2
       0
       0
       1
       0
       1
       2
       1
       3
       1
       1
       1
       1
       1
       2
       0
       0
       0
       2
       1
       0
       1
       1
       2
       0
       5
       1
       0
       1
       3
       1
       0
       2
       0
       2
       1
       0
       2
       1
       1
       0
       1
       2
       2
       1
       0
       3
       2
       2
       3
       1
       1
       1
       0
       1
       1
       1
       1
       1
       0
       1
       0
       0
       0
       1
       0
       2
       5
       1
       2
       0
       0
       2
       1
       0
       2
       3
       0
       1
       2
       2
       0
       0
       1
       0
       0
       1
       1
       0
       1
       1
       3
       0
       2
       1
       0
       1
       3
       0
       0
       2
       1
       1
       1
       0
       1
       0
       0
       0
       1
       0
       1
       1
       0
       4
       0
       0
       1
       0
       1
       2
       1
       0
       1
       3
       1
       0
       2
       1
       0
       0
       0
       2
       0
       0
       1
       2
       3
       1
       0
       0
       1
       3
       2
       1
       1
       1
       0
       2
       0
       1
       0
       1
       0
       2
       2
       1
       0
       1
       0
       2
       1
       2
       0
       0
       2
       1
       1
       0
       3
       3
       1
       1
       1
       1
       3
       1
       2
       1
       1
       1
       1
       1
       0
       1
       0
       3
       1
       1
       1
       2
       0
       2
       1
       1
       1
       0
       1
       1
       0
       0
       0
       2
       0
       1
       0
       1
       1
       2
       1
       0
       0
       1
       2
       1
       0
       3
       1
       1
       1
       0
       0
       1
       0
       1
       0
       0
       1
       1
       1
       1
       0
       0
       1
       2
       1
       1
       0
       2
       0
       1
       0
       2
       2
       2
       1
       1
       2
       0
       1
       0
       1
       3
       0
       1
       1
       2
       1
       0
       0
       0
       1
       0
       2
       0
       0
       1
       1
       1
       2
       2
       1
       0
       2
       1
       1
       1
       1
       0
       0
       1
       0
       0
       1
       0
       1
       0
       0
       2
       0
       0
       0
       1
       1
       1
       0
       1
       1
       2
       1
       1
       0
       1
       1
       1
       0
       0
       0
       1
       1
       1
       2
       1
       3
       1
       3
       0
       1
       1
       6
       3
       0
       3
       2
       3
       1
       0
       2
       0
       1
       1
       0
       0
       0
       3
       2
       0
       1
       1
       1
       2
       0
       3
       0
       0
       3
       0
       2
       0
       0
       0
       1
       3
       1
       0
       0
       2
       0
       1
       0
       2
       2
       1
       1
       2
       0
       0
       1
       2
       2
       2
       1
       0
       1
       0
       0
       0
       0
       0
       0
       1
       2
       2
       0
       2
       3
       0
       0
       0
       2
       1
       1
       1
       0
       1
       1
       2
       2
       1
       1
       1
       2
       2
       3
       1
       0
       1
       1
       0
       0
       1
       0
       0
       2
       1
       0
       0
       2
       3
       0
       0
       1
       2
       2
       0
       0
       0
       1
       0
       0
       1
       0
       1
       0
       1
       0
       1
       0
       1
       2
       1
       0
       0
       0
       1
       0
       1
       1
       0
       2
       2
       0
       1
       1
       1
       0
       1
       1
       1
       0
       1
       0
       1
       1
       2
       3
       1
       1
       2
       0
       0
       2
       1
       2
       0
       0
       0
       1
       3
       2
       2
       1
       1
       1
       1
       2
       2
       2
       0
       2
       0
       0
       1
       1
       0
       1
       2
       2
       0
       1
       2
       0
       0
       1
       2
       0
       1
       1
       2
       0
       1
       1
       0
       1
       0
       1
       2
       1
       0
       0
       0
       2
       1
       1
       0
       2
       1
       2
       2
       0
       4
       2
       2
       1
       2
       1
       0
       2
       0
       1
       1
       1
       5
       2
       1
       2
       5
       2
       6
       2
      11
       4
       6
      14
      13
      17
      19
      17
      20
      20
      12
      29
      13
      19
      20
      16
      20
      17
      21
      13
      10
       5
       6
       3
       3
       2
       2
       2
       0
       0
       1
       2
       0
       0
       2
       2
       5
       1
       0
       0
       3
       1
       2
       1
       0
       2
       2
       0
       0
       1
       0
       0
       0
       0
       1
       0
       0
       2
       0
       0
       0
       0
       1
       2
       2
       1
       0
       1
       0
       1
       1
       0
       0
       3
       1
       1
       0
       2
       1
       1
       0
       1
       1
       4
       0
       0
       1
       0
       2
       3
       0
       1
       1
       3
       0
       0
       1
       1
       0
       2
       0
       0
       0
       1
       1
       0
       2
       1
       0
       0
       1
       0
       1
       0
       0
       1
       2
       1
       1
       2
       0
       0
       1
       0
       1
       1
       4
       2
       3
       1
       0
       1
       2
       0
       0
       0
       1
       0
       0
       2
       3
       0
       1
       1
       0
       2
       1
       0
       0
       0
       2
       0
       0
       0
       0
       0
       0
       0
       2
       0
       0
       2
       0
       0
       1
       1
       1
       1
       1
       2
       0
       0
       0
       1
       1
       0
       0
       0
       0
       1
       4
       0
       0
       2
       1
       1
       0
       1
       0
       0
       1
       1
       0
       1
       0
       1
       1
       1
       0
       1
       3
       0
       1
       0
       3
       1
       1
       2
       0
       3
       1
       4
       1
       0
       2
       0
       1
       2
       1
       0
       1
       2
       0
       1
       2
       0
       1
       0
       2
       2
       1
       0
       2
       0
       0
       0
       1
       0
       2
       2
       1
       1
       0
       0
       1
       0
       3
       0
       0
       0
       1
       1
       0
       1
       2
       1
       0
       1
       1
       1
       3
       3
       2
       1
       1
       0
       1
       1
       0
       1
       0
       0
       1
       0
       1
       1
       0
       1
       1
       1
       0
       0
       0
       1
       3
       1
       0
       2
       0
       0
       1
       0
       0
       0
       2
       1
       0
       0
       1
       0
       0
       0
       0
       2
       0
       1
       0
       2
       2
       0
       0
       0
       0
       2
       1
       3
       1
       1
       0
       0
       1
       1
       1
       1
       0
       1
       0
       0
       0
       2
       3
       0
       1
       1
       1
       0
       2
       0
       2
       1
       0
       1
       2
       1
       0
       0
       1
       0
       0
       0
       0
       0
       0
       0
       0
       0
       0
       0
       0
       0
       0
       0
       0
       0
       0
       0
       0
       0
       0
       0
       0
       0
       0
       0
       0
       0
       0
       0
       0
       0
       0
       0
       0
       0
       0
       0
       0
       0
       0
       0
       0
       0
       0
       0
       0
       0
       0
       0
       0
       0
       0
       0
       0
       0
       0
       0
       0
       0
       0
       0
       0
       0
       0
       0
       0
       0
       0
       0
       0
       0
       0
       0
       0
       0
       0
       0
       0
       0
       0
       0
       0
       0
       0
       0
       0
       0
       0
       0
       0
       0
       0
       0
       0
       0
       0
       0
       0
       0
       0
       0
       0
       0
       0
       0
       0
       0
       0
       0
       0
       0
       0
       0
       0
       0
       0
       0
       0
       0
       0
       0
       0
       0
       0
       0
       0
       0
$ROI:
1
4146 4168
$PRESETS:
Live Time
600
0
$ENER_FIT:
-1.504534 0.196418
$MCA_CAL:
3
-1.504534E+000 1.964177E-001 -1.544040E-007 keV
$SHAPE_CAL:
3
0.000000E+000 0.000000E+000 0.000000E+000
