$SPEC_ID:
HFNG Beamline
$SPEC_REM:
DET# 2
DETDESC# EasyMCA
AP# Maestro Version 7.01
$DATE_MEA:
06/22/2018 16:28:58
$MEAS_TIM:
600 603
$DATA:
0 8191
       0
       0
       0
       0
       0
       0
       0
       0
       0
       0
       0
       0
       0
       0
       0
       1
       0
       1
       0
       0
       1
       0
       2
       0
       0
       0
       1
       0
       0
       0
       0
       0
       0
       0
       0
       0
       0
       0
       0
       0
       0
       0
       0
       0
       0
       0
       0
       0
      79
     157
     142
     153
     129
     137
     154
     152
     147
     148
     148
     161
     154
     150
     138
     157
     169
     174
     136
     127
     149
     117
     127
     133
     154
     144
     142
     133
     111
     133
     117
     125
     118
     125
     113
     128
     114
     116
     103
     110
     139
     105
     118
     138
     116
     120
     118
     106
     125
     111
     102
     116
     132
     108
     108
     106
     104
     119
     134
     101
     109
     118
     116
     117
     110
     113
     108
     125
      97
     110
     111
     108
     117
     131
     120
     108
     114
     108
     109
     118
     113
      96
      98
      96
      96
     102
     109
     132
     103
     101
      92
     116
     106
     102
     105
     116
     117
      93
      79
     111
     108
     107
      91
      95
      88
      91
      98
      95
      95
     101
      85
     104
     103
     101
      87
      86
      87
     103
      98
      91
     106
      84
      85
      97
     103
      92
      88
      96
      84
      96
      95
     103
      97
      96
      94
      84
      85
      92
      78
      92
      95
      79
      68
      90
      85
      80
      84
      86
      85
     100
      76
      85
      92
      58
      89
      70
     102
      97
     103
      93
      92
      84
     113
      90
     103
      80
      93
      78
      83
      85
      83
      80
      99
      80
     109
      90
      91
      87
      77
      87
      98
      84
      86
      83
      84
      84
      94
      86
      90
      89
      97
      79
      83
      96
      82
      93
      77
      84
     105
      79
      99
      77
      89
      84
      93
      96
      87
      77
     100
      80
      86
      82
      87
      78
      92
      72
      77
      85
      84
      76
      77
      80
      87
      79
      67
      86
      79
      62
      90
     103
      88
      84
      76
      75
      72
      76
      78
      88
      74
      90
      79
      83
      89
      91
      76
      86
      79
      87
      92
      75
      78
      94
      65
      81
      83
      83
      75
      76
      84
      71
      77
      67
      84
      89
      95
      84
      82
      69
      99
      75
      88
     100
      83
      77
      78
      99
      76
      79
      93
      76
      84
      81
      69
      79
      88
      64
      67
      87
      95
      74
      80
      76
      61
      73
      92
      78
      71
      90
      85
      93
      79
      74
      79
      73
      81
      77
      83
      80
      76
      82
      66
      72
      98
      93
      85
      88
      74
      87
      83
      90
      74
      86
      77
     135
     125
     158
     184
     147
     123
     107
      75
      86
     111
      93
     121
     171
     226
     261
     199
     151
     112
      77
      80
      85
      75
      74
      74
      82
      75
      83
      73
      77
      90
      72
      71
      70
      75
      82
      73
      76
      81
      77
      72
      72
      73
      75
      86
      76
      72
      74
      81
      79
      70
      72
      78
      63
      80
      76
      83
      80
      83
      70
      81
      97
      92
     136
     145
     152
     150
     118
     110
      91
      76
      86
      69
      63
      74
      89
      80
     106
      81
     107
      79
      86
      86
      81
      61
      80
      84
      63
      70
      65
      64
      76
      74
      68
      83
      81
      72
      73
      63
      66
      77
      61
      71
      81
      68
      87
      73
      64
      71
      83
      77
      70
      72
      78
      81
      67
      74
      77
      71
      60
      75
      81
      67
      73
      73
      67
      63
      55
      60
      88
      71
      72
      88
      83
      85
      68
      67
      62
      88
      64
      57
      79
      76
      69
      74
      57
      85
      75
      54
      80
      63
      68
      72
      75
      83
      59
      60
      76
      80
      76
      71
      68
      75
      74
      53
      69
      65
      74
      58
      84
      73
      77
      70
      70
      85
      69
      76
      70
      66
      73
      68
      59
      67
      93
      90
      70
      78
      60
      68
      80
      76
      77
      64
      73
      59
      71
      81
      62
      75
      70
      82
      72
      72
      68
      83
      77
      79
      73
      70
      77
      65
      61
      78
      60
      58
      78
      74
      71
      72
      57
      81
      64
      82
      71
      79
      88
      79
      63
      68
      70
      71
      60
      72
      69
      78
      74
      71
      62
      78
      67
      68
      97
      86
      62
      66
      86
      73
      69
      73
      77
      79
      77
      80
      73
      79
      66
      79
      75
      79
      81
      76
      84
      70
      62
      60
      77
      77
      66
      71
      87
      74
      93
      67
      78
      85
      86
      79
      77
      74
      56
      77
      86
      73
      97
      65
      72
      82
      70
      88
      79
      77
      94
      64
      69
      77
      76
      76
      86
      79
      93
      75
      86
      71
      93
      79
      71
      87
      59
      91
      71
      83
      81
      71
      74
      86
      90
      96
      96
      74
      81
      76
      61
      79
      78
      88
      73
      60
      75
      87
      74
      64
      76
      91
      77
      75
      93
      97
     154
     276
     372
     413
     429
     288
     172
     130
      91
      85
      81
      77
      76
      76
      94
      48
      80
      65
      83
      75
      71
      67
      88
      90
      72
      83
      77
      74
      87
      86
      76
      83
      73
      80
      81
      85
      64
      73
      98
      78
      68
      66
      89
      65
      82
      76
      88
      81
      91
      76
      97
      89
      97
      92
      72
      97
      84
      95
      66
      94
      67
      84
      79
      88
      82
      77
      86
      84
      75
      90
     107
      82
      82
      90
      85
      80
      91
      91
      76
      80
      98
      69
      77
      84
      82
      80
      95
      89
      91
      98
      81
     101
      94
     102
      91
      85
      78
      73
      79
      87
      86
      85
      94
      93
      71
      95
      70
      89
      92
      78
      91
      78
      75
      96
      66
      82
     103
      78
      90
      86
      84
      93
      98
     115
      92
      80
      88
      72
      72
      69
      89
      94
      75
      96
      88
     115
      97
      92
      82
      90
     108
      83
      87
      78
      80
      86
      97
      82
      88
     101
     107
      92
      79
      83
      93
     101
      85
     106
      93
      83
      93
      85
     109
      99
      86
      88
      87
      96
      78
      85
      74
      82
      77
      78
      93
      80
      80
      87
      81
      95
      91
      97
      95
     101
      99
     104
      85
      70
      91
      88
      82
     103
      84
      96
      96
      82
      86
      86
      70
      75
      81
      88
      78
      76
      77
      82
      88
      81
      84
      90
      96
      87
      93
      83
      80
      73
      88
      69
      95
     113
      74
     100
      79
      89
      99
      75
      93
      82
      80
      80
      91
      90
      87
      96
      84
      91
     105
      93
      82
      72
      92
      83
      74
     103
      81
      80
      93
      87
     103
      91
      85
      87
      84
      76
      87
      83
      93
      94
      67
      82
      94
      73
      84
      80
     112
      79
      84
      86
      95
      86
      80
      70
      60
      71
      77
      87
      85
      79
      81
      68
      70
      92
      82
      88
      66
      86
      77
      63
      66
      66
      75
      66
      86
      76
      75
      75
      75
      66
      62
      68
      79
      74
      74
      83
      79
      89
      65
      78
      57
      75
      70
      79
      73
      65
      75
      72
      61
      63
      59
      60
      89
      77
      72
      63
      59
      76
      75
      75
      73
      72
      93
      65
      77
      83
      59
      68
      62
      65
      58
      74
      69
      66
      97
      67
      82
      59
      69
      71
      89
      75
      82
      67
      75
      78
      74
      88
      63
      68
      61
      75
      78
      77
      70
      73
      68
      82
      84
      89
      78
      68
      82
      71
      95
      85
      80
      77
      60
      75
      85
      66
      70
      63
      70
      58
      69
      60
      85
      71
      74
      72
      73
      73
      72
      64
      77
      73
      67
      72
      71
      70
      72
      66
      81
      71
      76
      92
      87
      70
      64
      73
      63
      87
      77
      65
      78
      81
      67
      66
      73
      85
      73
      72
      64
      75
      78
      69
      76
      79
      67
      77
      66
      50
      73
      60
      59
      67
      68
      93
      67
      58
      80
      69
      78
      67
      78
      56
      69
      71
      70
      72
      60
      71
      69
      66
      84
      70
      81
      78
      68
      71
      69
      73
      62
      52
      69
      59
      60
      81
      78
      80
      72
      84
      64
      68
      78
      70
      60
      59
      70
      67
      72
      71
      59
      70
      63
      89
      63
      66
      70
      55
      61
      69
      83
      69
      69
      68
      61
      78
      65
      77
      69
      69
      68
      67
      69
      81
      67
      61
      71
      76
      77
      72
      55
      70
      67
      62
      69
      61
      62
      61
      69
      58
      70
      65
      61
      76
      57
      62
      63
      54
      65
      65
      66
      54
      67
      63
      65
      67
      74
      65
      59
      82
      84
      67
      65
      73
      60
      60
      71
      70
      66
      69
      56
      59
      61
      54
      76
      65
      69
      70
      60
      55
      65
      59
      53
      62
      68
      57
      77
      72
      61
      53
      73
      56
      61
      70
      70
      64
      65
      61
      52
      76
      51
      62
      68
      59
      51
      75
      68
      71
      48
      60
      59
      63
      62
      83
      53
      63
      85
      57
      59
      75
      69
      56
      59
      63
      62
      57
      48
      58
      69
      67
      55
      54
      54
      71
      65
      75
      69
      48
      49
      72
      56
      58
      70
      46
      63
      51
      66
      53
      49
      47
      53
      55
      59
      52
      61
      50
      57
      50
      58
      63
      79
      74
      61
      62
      61
      50
      40
      62
      56
      43
      55
      46
      52
      60
      49
      57
      53
      58
      75
      67
      45
      53
      66
      57
      52
      53
      52
      44
      48
      47
      44
      45
      48
      68
      64
      60
      43
      52
      47
      38
      50
      48
      57
      63
      57
      54
      38
      51
      60
      67
      49
      41
      37
      45
      52
      46
      50
      43
      47
      37
      45
      48
      49
      53
      59
      43
      38
      45
      46
      53
      44
      41
      61
      54
      40
      55
      55
      52
      53
      45
      47
      41
      40
      55
      57
      38
      40
      35
      51
      37
      51
      43
      37
      35
      42
      50
      53
      39
      43
      43
      48
      50
      53
      45
      55
      42
      51
      37
      51
      50
      37
      38
      47
      50
      49
      44
      42
      38
      36
      39
      58
      35
      39
      50
      45
      49
      45
      43
      43
      38
      45
      46
      34
      46
      42
      37
      53
      35
      38
      41
      45
      27
      47
      47
      50
      54
      43
      46
      37
      36
      48
      47
      39
      46
      49
      37
      41
      39
      45
      46
      52
      41
      36
      46
      46
      33
      40
      47
      44
      38
      42
      42
      33
      36
      41
      41
      35
      39
      36
      36
      46
      40
      48
      42
      43
      45
      47
      52
      42
      45
      26
      46
      44
      31
      42
      41
      33
      42
      38
      54
      45
      33
      39
      53
      39
      42
      43
      49
      43
      40
      44
      50
      44
      38
      32
      38
      46
      32
      42
      38
      48
      34
      35
      32
      39
      40
      43
      41
      40
      37
      46
      42
      40
      35
      43
      35
      38
      40
      37
      43
      42
      39
      27
      34
      47
      34
      32
      35
      34
      31
      38
      37
      46
      21
      41
      30
      31
      30
      30
      38
      41
      39
      31
      25
      39
      34
      37
      26
      39
      41
      25
      34
      38
      33
      40
      38
      52
      43
      35
      40
      41
      27
      26
      31
      46
      39
      34
      44
      33
      31
      40
      36
      31
      40
      34
      33
      32
      31
      41
      39
      39
      33
      28
      33
      41
      40
      38
      40
      39
      35
      30
      31
      38
      43
      34
      39
      43
      33
      38
      42
      45
      47
      29
      42
      38
      44
      48
      32
      32
      36
      52
      22
      38
      35
      37
      36
      35
      44
      30
      40
      21
      43
      27
      44
      36
      37
      30
      33
      35
      27
      38
      46
      34
      36
      26
      43
      33
      30
      38
      36
      45
      29
      42
      49
      38
      44
      50
      65
      83
     133
     191
     346
     569
     928
    1254
    1458
    1693
    1554
    1245
     845
     525
     274
     121
      63
      36
      31
      24
      21
      16
      41
      19
      32
      28
      26
      30
      27
      30
      28
      22
      30
      21
      35
      31
      33
      25
      32
      24
      24
      25
      30
      29
      37
      23
      28
      23
      15
      36
      39
      20
      26
      27
      30
      42
      28
      24
      17
      36
      23
      27
      27
      27
      34
      33
      28
      32
      31
      23
      27
      29
      26
      23
      27
      24
      29
      27
      32
      22
      19
      29
      33
      26
      36
      23
      34
      27
      30
      25
      34
      23
      27
      27
      33
      20
      31
      35
      29
      37
      41
      31
      27
      37
      39
      52
      66
      70
      51
      47
      39
      30
      32
      37
      42
      19
      17
      33
      22
      17
      29
      31
      29
      34
      29
      25
      16
      29
      24
      23
      26
      23
      29
      40
      25
      21
      26
      22
      34
      23
      24
      12
      28
      29
      34
      22
      35
      26
      27
      28
      25
      28
      32
      24
      23
      30
      31
      29
      34
      24
      28
      23
      30
      23
      30
      23
      26
      31
      26
      21
      37
      24
      32
      20
      19
      30
      26
      23
      25
      18
      25
      25
      31
      28
      19
      24
      27
      20
      29
      29
      27
      21
      26
      25
      27
      26
      28
      20
      28
      32
      26
      18
      35
      25
      26
      25
      17
      21
      29
      23
      24
      14
      26
      24
      20
      22
      20
      29
      21
      32
      26
      28
      27
      30
      12
      29
      27
      28
      23
      27
      29
      26
      17
      30
      24
      22
      28
      24
      24
      28
      28
      15
      24
      26
      27
      25
      27
      36
      28
      21
      19
      23
      20
      31
      28
      27
      25
      26
      27
      26
      23
      19
      34
      19
      19
      21
      35
      20
      25
      24
      23
      17
      19
      34
      25
      21
      24
      22
      20
      34
      28
      26
      24
      29
      29
      32
      31
      40
      50
      81
      88
     119
     141
     138
     147
      98
     106
      67
      53
      29
      19
      22
      22
      25
      21
      24
      25
      30
      17
      19
      16
      21
      25
      20
      25
      32
      31
      20
      31
      32
      21
      23
      23
      22
      26
      17
      22
      29
      20
      23
      19
      17
      25
      20
      26
      29
      29
      22
      25
      15
      15
      24
      20
      30
      20
      27
      21
      20
      29
      30
      23
       8
      29
      27
      20
      22
      16
      24
      22
      31
      22
      26
      22
      18
      18
      16
      23
      18
      22
      19
      30
      22
      28
      16
      22
      27
      19
      26
      19
      26
      27
      20
      24
      26
      21
      34
      32
      27
      18
      20
      25
      25
      31
      27
      29
      29
      23
      27
      15
      30
      33
      24
      26
      35
      20
      20
      37
      24
      22
      34
      38
      37
      33
      42
      53
     104
     155
     231
     338
     471
     658
     808
     845
     828
     762
     567
     416
     245
     161
      79
      37
      33
      13
      24
      25
      23
      23
      21
      25
      18
      14
      23
      18
      20
      21
      18
       8
      12
      19
      18
      19
      16
      19
      14
      16
      25
      19
      17
      21
      23
      23
      23
      17
      26
      15
      23
      18
      19
      26
      22
      28
      26
      22
      22
      20
      21
      16
      24
      19
      21
      16
      22
      20
      21
      20
      20
      24
      16
      31
      20
      13
      21
      21
      16
      28
      20
      20
      31
      16
      28
      19
      26
      18
      19
      20
      17
      21
      19
      24
      26
      14
      23
      23
      25
      30
      31
      23
      25
      26
      20
      22
      21
      30
      25
      28
      18
      12
      26
      18
      24
      17
      26
      24
      30
      15
      21
      26
      23
      26
      25
      26
      24
      30
      16
      20
      17
      12
      20
      25
      16
      17
      21
      10
      20
      22
      19
      16
      24
      18
      20
      24
      22
      20
       9
      19
      21
      26
      16
      21
      12
      13
      27
      14
      21
      25
      21
      17
      18
      18
      28
      18
      30
      15
      20
      23
      24
      17
      18
      21
      16
      19
      21
      19
      17
      14
      13
      24
      16
      10
      21
      16
      19
      19
      21
      19
      12
      21
      18
      19
      15
      15
      18
      20
      18
      22
      20
      17
      16
      24
      17
      24
      12
      32
      17
      15
      13
      20
      20
      22
      17
      20
      11
      15
      20
      14
      26
      16
      24
      27
      15
      11
      14
      19
      21
      21
      20
      15
      16
      20
      20
      14
      17
      19
      17
      27
      22
      26
      21
      46
      39
      36
      36
      29
      30
      23
      21
      29
      15
      20
      23
      21
      19
      24
      14
      17
      18
      25
      18
      13
      14
      19
      19
      16
      23
      15
      21
      23
      19
      13
      22
      18
      24
      15
      16
      17
      25
      20
      17
      20
      23
      18
      19
      23
      16
      26
      25
      21
      17
      18
      15
      17
      17
      16
      26
      16
      17
      19
      19
      14
      18
      13
      21
      14
      15
      16
      18
      16
      14
      20
      15
      15
      19
      21
      22
      18
      25
      25
      16
      16
      21
      20
      23
      20
      23
      18
      19
      19
      19
      24
      21
      17
      22
       9
      13
      14
      22
      15
      18
      14
      16
      18
      18
      19
      21
      14
      24
      19
      19
      15
      16
      17
      19
      18
      15
      18
      18
      16
      13
      18
      17
      16
      24
      18
      19
      14
      16
      18
      25
      16
      17
      21
      22
      20
      19
      21
      25
      14
      17
      19
      11
      19
      28
      27
      20
      21
      27
      24
      21
      12
      18
      17
      21
      19
      16
      14
      16
      18
      16
      18
      14
      21
      16
      22
      28
      17
      16
      17
      15
      20
      17
      17
      18
      10
      21
      21
      22
      24
      15
      23
      14
      17
      22
      19
      14
      16
      16
      10
      25
      18
      15
      21
      20
      23
      21
      17
      20
      16
      21
      20
      15
      19
      18
      18
      19
      16
      21
      10
      16
      16
      15
      18
      15
      19
      14
      16
      14
      18
      14
      22
      15
      22
      18
      21
      19
      22
      20
      20
      17
      19
      25
      26
      23
      19
      23
      16
      25
      26
      23
      26
      22
      27
      32
      32
      30
      36
      31
      30
      38
      25
      29
      31
      27
      31
      22
      29
      16
      24
      24
      21
      15
      11
      12
      21
      15
      18
      17
      17
      26
      22
      11
      15
      23
      24
      15
      20
      14
      26
      11
      20
      22
      18
      22
      21
      20
      20
      10
      17
      19
      18
      13
      14
      11
      17
      10
      22
      20
      17
      14
       9
      25
      24
      15
      27
      13
      16
      19
      19
      25
      20
      22
      13
      22
      23
      16
      21
      11
      16
      13
      13
      19
      15
      26
      21
      18
      21
      13
      13
      18
      20
      21
      19
      21
      26
      14
      15
      19
      17
      26
      21
      19
      18
      25
      21
      19
      21
      18
      18
      12
      15
      23
      23
      18
      12
      17
      20
      17
      20
      18
      20
      13
      17
      16
      18
      21
      23
      16
      13
      16
      22
      14
      16
      16
      24
      24
      21
      19
      21
      16
      20
      21
      18
      23
      14
      15
      16
      16
      22
      20
      19
      16
      15
      22
      15
      19
      17
      20
      20
      15
      19
      11
      20
      25
      19
      20
      13
      17
      20
      24
      11
      26
      17
      13
      15
      20
      12
      23
      21
      24
      23
      18
      22
      22
       9
      13
      11
      16
      21
      16
      18
      12
       9
      22
      18
      20
      22
      15
      24
      18
      25
      18
      18
      15
      23
      19
      15
      18
      20
      12
      18
      24
      15
      19
      19
      27
      12
      15
      18
      10
      15
      27
      12
      22
      22
      18
      25
      17
      20
      16
      19
      22
      16
      19
      23
      16
      19
      20
      18
      19
      13
      26
      14
      30
      21
      28
      24
      23
      21
      12
      15
      17
      21
      15
      18
      20
      17
      22
      14
      18
      19
      17
      18
      12
      19
      30
      21
      16
      19
      14
      17
      17
      16
      16
      14
      12
      19
      14
      21
      22
      23
      13
      22
      16
      22
      20
      14
      25
      20
      14
      13
      22
      12
      21
      24
      21
      15
      19
      20
      16
      20
      20
      28
      22
      11
      17
      19
      16
      25
      26
      13
      16
      14
      21
      14
      20
      16
      21
      21
      11
      16
      20
      20
      24
      17
      13
      23
      13
      16
      13
      18
      16
      16
      17
      15
      20
      19
      18
      18
      21
      12
      16
      19
      19
      17
      21
      18
      24
      16
      14
      22
      19
      26
      19
      17
      18
      18
      17
      18
      21
      16
      14
      15
      17
      30
      24
      26
      12
      24
      18
      25
      21
      26
      17
      21
      13
      18
      23
      24
      11
      12
      21
      15
      22
      14
      11
      17
      16
      17
      26
      23
      20
      15
      17
      20
      17
      20
      16
      21
      27
      17
      17
      22
      28
      16
      21
      21
      28
      10
      12
      13
      14
      21
      23
      18
      24
      20
      12
      16
      20
      16
      16
      18
      11
      23
      21
      17
      16
      18
      17
      21
      14
      19
      19
      21
      12
      15
      19
      21
      16
      23
      20
      25
      12
      15
      12
      20
      23
      20
      15
      22
      20
      21
      27
      13
      26
      19
      24
      27
      19
      16
      21
      16
      14
      20
      29
      11
      23
      28
      14
      23
      23
      20
      21
      16
      15
      19
      11
      16
      13
      14
      12
      23
      23
      21
      16
      21
      16
      19
      19
      23
      12
      15
      19
      15
      26
      24
      16
      15
      14
      16
      23
      21
      14
      18
      15
      16
      23
      20
      23
      19
      25
      22
      26
      22
      21
      14
      25
      12
      27
      14
      18
      17
      21
      10
      12
      20
      23
      19
      17
      13
      18
      22
      19
      27
      19
      20
      16
      22
      14
      14
      14
      13
      26
      20
      21
      11
      21
      15
      25
      19
      22
      19
      18
      24
      28
      19
      26
      19
      12
      19
      16
      10
      18
      17
      12
      11
      21
      16
      28
      23
      22
      15
      17
       8
      26
      11
      12
      11
      20
      18
      15
      12
      16
      17
      21
      16
      23
      15
      19
      21
      15
      19
      13
      19
      24
      18
      20
      12
      21
      20
      20
      13
      20
      12
      25
      17
      22
      18
      15
      17
      19
      25
      26
      18
      13
      15
      21
      19
      18
      13
      12
       8
      24
      22
       8
      14
      23
      15
      12
      16
      19
      17
      20
      19
      18
      11
      12
      18
      21
      15
      15
      12
      19
      23
      14
      17
      18
      29
      18
      21
      18
      19
      15
      24
      18
      14
      17
      13
      13
      12
      13
      19
      20
      21
      15
      17
      16
      24
      14
      14
      17
      22
      21
      18
      27
      20
      11
      17
      15
      18
      21
      19
      15
      17
      23
      11
      23
      15
      12
      13
      19
      18
      17
      16
      15
      17
      12
      14
      17
      18
      15
      17
      13
      17
      16
      22
      19
      14
      17
      20
      15
      19
      11
      12
      15
      23
      13
      22
      13
      22
      27
      14
      14
      22
      14
      14
      17
      18
      15
      16
      17
      13
      16
      12
      10
      17
      15
      17
       9
      12
      23
      18
      14
      18
      23
      23
      26
      15
      18
      18
      22
      12
      18
      20
      21
      19
      20
      13
       8
      15
      14
      17
      17
      10
      18
      14
      14
      12
      11
      14
      26
      17
      18
      24
      17
      12
      25
      22
      23
      18
      12
      16
      13
      13
      12
      10
      16
      15
      23
      19
      17
      21
       7
      18
      12
      21
      15
      22
      26
      16
      17
      13
      16
      19
      21
      16
      17
      20
      14
      16
      21
      20
      18
      10
      22
      16
      17
      10
      18
      12
      20
      20
      19
       8
      13
      14
      28
      14
      17
      15
      19
      11
      14
      11
       7
      13
      20
      16
      12
      10
      14
      19
      13
      14
      13
      12
      20
      17
      24
      12
      19
      15
      13
      11
      21
      17
      10
      14
      17
      23
      12
      19
      17
      15
      15
      20
      13
      10
      16
      16
      20
      17
      11
      16
      17
      16
      14
      20
      16
      21
      25
      16
      17
      15
      22
      24
      23
      13
      13
      20
      14
      15
      19
      18
      13
      16
      11
      16
      22
      12
      15
      16
      26
      10
       8
      13
      16
      17
      14
      19
      17
      23
      14
      21
      21
      22
      24
      24
      12
      20
      25
      22
      15
      19
      12
      13
      11
      12
      15
      21
      14
      25
      14
      21
      15
       9
      26
      21
      11
      14
      19
      16
      15
      19
      19
      15
      19
      15
      12
      18
      16
      16
      19
      15
      22
      21
      16
      15
      24
       8
      20
      20
      13
      19
      17
      16
      21
      20
      17
      13
      19
      12
      19
      19
      22
      20
      20
      15
      21
      20
      16
      14
      20
      17
      20
      16
      15
      14
      10
      19
      18
      21
      11
      12
      19
      16
      19
      19
      19
      15
      12
      18
      24
      23
      19
      25
      24
      17
      13
      17
      17
      15
      14
      21
      15
      16
      11
      16
      25
      19
      16
       9
      21
      19
      10
      22
      13
      16
      21
      12
      19
      18
      14
      21
      12
      13
      10
      21
      19
      17
      21
      15
       8
      19
      17
      20
      17
      22
      13
       8
      13
      22
      23
      16
      11
      16
      10
      17
      14
      13
      17
      19
      19
      22
      21
      13
      21
      21
      19
      19
      23
      19
      20
      21
      10
      19
      13
      13
      15
      22
      21
      13
      18
      20
      11
      22
      14
      18
      19
       8
      18
      14
      18
      21
      10
      20
      21
      18
      15
      14
      15
      14
      17
      22
      22
      14
      16
      16
      17
      18
      11
      20
      17
      15
       8
      11
      16
      19
      21
      25
      21
      11
      12
      14
      18
      16
      15
      10
      15
      17
      22
      15
      17
      18
      14
      22
      10
      20
      11
      19
      21
      11
      12
      20
      15
      13
      22
      15
      20
      21
      16
      18
      20
      20
      14
      10
      21
      11
      14
      19
      16
      16
      21
      14
      11
      13
      17
      15
      13
      15
      17
      11
      12
       6
      14
      24
      17
      16
      20
      17
      23
      11
      16
      18
      20
      18
      16
      14
      20
      18
      19
      15
      19
      20
      15
      12
      12
      23
      12
      16
      12
      19
      16
      14
      21
      10
      10
      18
      10
      19
      20
      18
      17
      22
      16
      23
      16
      23
      14
      20
      21
      13
      20
      19
      18
      18
      23
      15
      12
      15
      16
      22
      20
      17
      15
      15
      21
      11
      19
      10
      17
      12
      19
      18
      20
      19
      21
      15
      17
      18
      16
      19
      21
      21
      13
      12
      16
      10
      17
      16
      13
      21
      13
      17
      14
      18
      16
      11
      15
      19
      15
      17
      15
      20
      21
      12
      18
      13
      22
      19
      20
      13
      19
      12
      19
      12
      18
      12
      20
      12
      30
      24
      15
      19
      10
      21
      15
      12
      11
      14
      20
      22
      13
      15
      14
      10
      21
      14
      24
      12
      14
       9
      14
      10
      14
      19
      17
      11
      12
      20
      18
      13
      18
      13
      14
      15
      21
      11
      26
      30
       9
      23
      17
      16
      16
      20
      13
      13
      16
      21
      25
       9
      21
      20
      13
      11
      19
      18
      11
      15
      22
      12
      14
      20
      19
      19
      16
      16
      22
      18
      13
      20
      18
      20
      15
      16
      25
      14
      21
      14
      24
      19
      23
      20
      17
      24
      19
      20
      18
      18
       8
      12
      29
      17
      30
      27
      27
      20
      21
      15
      18
      29
      12
      21
      15
      19
      15
      17
      22
      14
      15
      20
      15
      13
      17
      19
      14
      18
      19
      19
      18
      26
      14
      12
      14
      22
      19
      21
      12
      13
      21
      10
      18
      23
      14
      25
      17
      23
      14
      21
      16
      14
      17
      10
      16
      15
      22
      18
      26
      19
      20
      15
      15
      24
      22
      21
      22
      18
      15
      17
      16
      15
      17
      18
      21
      15
      14
      12
      19
      14
      16
      17
      17
      21
      24
      22
      14
      19
      20
      25
      17
      13
      14
      17
      22
      18
      11
      15
      11
      19
      26
      14
      20
      19
      14
      13
      22
      13
      18
      15
      18
      22
      18
      12
      14
      19
      15
      18
      11
      15
      20
      19
      16
      18
      11
      20
      23
      20
      20
      21
      12
      18
      18
      21
      19
      18
      16
      27
      18
      20
      21
      14
      19
      23
      26
      18
      16
      16
      18
      30
      11
      18
      23
      16
      20
      20
      15
      20
      13
      14
      13
      17
      15
      16
      15
      19
      10
      29
      22
      21
      17
      20
      24
      24
      22
      16
      19
      17
      16
      19
      20
      17
      16
      16
      15
      25
      20
      16
      29
      24
      12
      32
      23
      31
      39
      46
      74
      65
      98
     125
     115
     115
     130
     114
     135
     114
     118
      75
      72
      56
      48
      35
      28
      20
      14
      31
      14
      15
      19
      14
      22
      24
      20
      14
      25
      24
      17
      18
      15
      21
      33
      12
      18
      18
      16
      17
      19
      18
      15
      16
      21
      16
      25
      18
      22
      25
      15
      18
      20
      14
      17
      16
      25
      23
      18
      15
      18
      23
      24
      14
      15
      21
      22
      28
      21
      23
      17
      21
      14
      22
      21
      20
      27
      26
      18
      14
      22
      20
      14
      17
      15
      13
      24
      17
      21
      26
      16
      35
      15
      18
      22
      18
      23
      17
      22
      21
      26
      19
      23
      25
      21
      17
      25
      23
      22
      26
      19
      16
      24
      17
      15
      18
      16
      15
      15
      30
      18
      17
      19
      14
      16
      15
      26
       9
      21
      26
      15
      17
      29
      17
      18
      17
      16
      22
      23
      11
      16
      23
      22
      12
      22
      37
      19
      28
      19
      24
      20
      14
      13
      32
      15
      25
      23
      17
      18
      17
      18
      15
      21
      18
      17
      27
      19
      14
      21
      26
      11
      25
      19
      18
      21
      26
      23
      24
      19
      18
      21
      23
      24
      28
      21
      25
      14
      30
      31
      24
      17
      24
      20
      19
      23
      16
      32
      21
      15
      16
      17
      22
      23
      25
      19
      19
      20
      11
      16
      22
      23
      22
      30
      14
      25
      19
      12
      25
      23
      24
      17
      18
      26
      26
      18
      26
      21
      14
      17
       9
      21
      21
      16
      26
      14
      19
      15
      20
      25
      18
      20
      24
      23
      22
      20
      20
      24
      17
      22
      18
      21
      18
      20
      21
      34
      19
      25
      20
      18
      26
      22
      22
      17
      30
      23
      18
      15
      21
      24
      24
      27
      21
      19
      35
      17
      17
      21
      28
      23
      25
      27
      24
      23
      27
      22
      16
      15
      24
      18
      20
      17
      23
      17
      20
      24
      19
      27
      14
      25
      19
      21
      22
      21
      21
      18
      22
      25
      30
      23
      15
      22
      20
      28
      21
      22
      27
      23
      18
      26
      27
      18
      19
      22
      20
      25
      23
      34
      27
      21
      19
      26
      12
      22
      21
      28
      22
      31
      21
      15
      24
      19
      28
      22
      20
      15
      23
      22
      10
      25
      25
      27
      18
      21
      20
      15
      23
      18
      15
      24
      20
      22
      20
      22
      27
      14
      18
      18
      31
      25
      21
      14
      18
      23
      29
      15
      15
      17
      19
      14
      22
      22
      24
      13
      21
      22
      12
      15
      21
      15
      21
      19
      21
      14
      17
      24
      17
      14
      10
      20
      19
      21
      16
      17
      14
      17
      12
      16
      14
      17
      24
      18
      21
      19
      17
      13
      21
      26
      13
      23
      29
      18
      12
      14
      18
      14
      16
      22
      25
      13
      16
      18
      16
      24
      24
      23
      10
      15
      24
      13
      16
      18
      21
      18
      10
      15
      15
      18
      14
      12
      15
       9
      19
      13
      19
       9
      17
      12
      19
      15
      21
      12
      18
      10
      18
      22
      21
      15
      10
       5
      24
      20
      21
      15
      14
      16
      17
      18
      18
      16
      13
      23
      17
      12
      14
      13
      18
      22
      28
      18
      14
      23
      22
      18
      17
      15
      11
      21
      13
      21
       8
      16
      16
      19
      20
      16
      17
      20
      12
      15
      11
      22
      15
      20
      19
      19
      19
      15
      15
      24
      19
      24
      15
      20
      15
      21
      14
      25
      15
      21
      12
      14
      22
      12
      19
      14
      14
      26
      18
      16
      20
      18
      15
      12
      20
      21
      14
      15
      15
      13
      14
      16
      13
      13
      11
      14
      19
      14
      17
      14
      21
       9
      20
      16
      29
      10
      14
      12
      27
      16
      14
      19
       8
      19
      18
      17
      16
      15
      26
      14
      12
      17
      15
      12
      26
      19
      17
      17
      15
      14
      12
      18
      16
      16
      15
      20
      19
      16
      12
      19
      16
      22
       9
      14
      10
      14
      16
      14
      22
      15
      16
      13
       9
      11
      12
      12
      18
      16
      13
      22
      18
      10
      16
      11
      16
      23
      16
      19
      11
      19
      13
      18
      12
      19
      20
      16
       6
      13
      22
      10
      12
      12
      15
      11
      20
      22
      12
      19
       9
      20
      11
      14
      11
      13
      11
      16
      17
      17
      14
      15
      17
      21
       9
      15
      17
      18
      22
      12
      19
      13
      17
      12
      10
      14
      16
      16
      13
      16
      16
      13
      12
      16
      15
      18
      13
      10
      15
      13
      23
      18
      14
      15
      14
      14
      16
      11
      10
      10
      12
       8
      14
      19
      11
      15
       9
      15
      10
      15
      11
      14
      14
      16
      15
      18
      14
      19
      19
      12
      16
      10
      17
      20
       7
      21
      12
      16
      14
      13
      20
      15
      18
      13
      14
      27
      12
      19
      14
      11
      20
      11
      12
      12
      16
      19
      12
      18
      15
      18
      15
      12
      15
      19
      11
      18
      18
      16
      16
      15
      15
      18
      14
      22
      10
      17
      16
      24
      20
      20
      21
      12
      11
      18
      17
      19
       9
      18
      16
      18
      15
      15
      19
      20
      18
      13
      18
       8
      16
      16
      24
      19
      14
      12
      21
      13
      12
      22
      19
      16
      18
      27
      16
      25
      15
      18
      22
      20
      20
      15
      14
      17
      13
      18
      11
      12
      21
      21
      19
      17
      20
      13
      16
      13
       7
      22
      14
       9
      17
      16
      16
      14
      16
      17
      16
      13
      13
      22
      11
      11
      24
      10
      14
      10
      15
      11
       8
      13
      14
      18
      15
      17
      11
       9
      17
      19
      14
      19
      21
      13
      23
      16
      14
      14
      17
       8
      15
      15
      14
      23
      15
      19
      13
       9
      18
       9
      18
      12
      18
      12
      14
      14
      15
      13
      16
       6
       9
      13
      14
      18
      16
      15
      10
      16
      18
      10
       8
      17
       9
      13
      17
       8
      17
       9
       8
      11
       7
      13
      13
      17
      16
      11
      17
      18
      12
      13
      15
      18
      11
      16
      18
      22
      13
      11
      16
      13
      17
      13
      11
      18
      18
      14
      14
      19
       9
      15
      11
       7
      21
      13
      17
      15
      11
      18
      11
      26
      13
      12
      16
      22
      17
      17
      12
      19
      12
      17
      13
      16
      14
      10
      20
      15
      12
      10
      17
      13
      17
       8
      18
      18
      12
      12
      24
      11
      14
      16
       8
      16
      18
      12
      24
      16
      20
      10
      25
      18
      14
      12
      13
      12
      14
      12
      15
      15
      14
      14
      17
       9
      12
      13
      21
      15
      19
      15
      18
      10
      13
      19
      16
      12
      17
      15
      12
      13
      16
      14
      15
      14
      15
      14
      13
      13
      22
      21
      18
      11
      13
      13
      17
      17
      17
       8
      16
      15
      25
      18
      11
      18
      15
      13
      18
      11
      11
       9
      21
      14
      21
      14
      20
      18
      14
      13
      17
      23
      18
      19
       9
      20
      20
      20
      10
      11
      15
      17
      24
      13
      12
      17
      23
      21
      16
      26
      18
      17
      23
       7
      14
      20
       8
      18
       7
      17
      16
      13
      24
      14
      15
      20
      10
      19
      19
      21
       9
      11
      19
      18
      19
      16
      17
      20
      18
      26
      15
      22
       9
      17
      19
       9
      15
      15
       8
      18
      17
      16
      15
      12
      26
      18
      14
      22
      15
      20
      25
      14
      19
      26
      16
      22
      17
      21
      18
      12
      26
      16
      22
      15
      18
      20
      15
      11
      10
      20
      12
      14
      15
      12
      15
      10
       7
      26
      12
      20
      13
      16
      20
      21
      14
      21
      23
      26
      22
      16
      22
      17
      13
      16
      25
      18
      22
      17
      12
      22
      13
      14
      19
      20
      22
      18
      23
       9
      18
      14
      14
      17
      15
      22
      20
      19
      20
      28
      14
      22
      18
      13
      16
      10
      17
      12
      17
      19
      17
      12
      15
      16
      26
      20
      18
      20
      28
      13
      17
      18
      16
      12
      14
      14
      23
      12
      17
      20
      18
      15
      11
      21
      19
      20
       8
      17
      20
      22
      17
      19
      22
      18
      17
      26
      23
      16
      23
      15
      21
      18
      22
      22
      14
      18
      24
      16
      23
      17
      17
      19
      17
      23
      20
      16
      17
      29
      19
      18
      13
      15
      14
      19
      17
      19
      20
      21
      20
      29
      18
      18
      20
      25
      19
      22
      15
      16
      16
      28
      12
      24
      23
      27
      13
      17
      20
      17
      17
      12
      21
      20
      14
       7
      22
       9
      21
      18
      14
      15
      20
      20
      28
      23
      22
      18
      22
      28
      15
      14
      10
      14
      19
      23
      19
      17
      12
      18
      25
      20
      16
      20
      17
      21
      23
      22
      19
      13
      17
      21
      24
      17
      16
      15
      15
      19
      26
      19
      16
      10
      19
       7
      15
      18
      27
      15
      12
      23
      17
      17
       9
      12
      14
      17
      13
      13
      24
      14
      13
      16
      13
      21
      11
      14
      15
      17
      18
      15
      12
       8
       6
      11
      15
      15
      13
      11
       9
      10
      12
       8
      10
      10
      19
      14
      15
      14
      18
      23
      15
      13
      10
      16
      15
      16
      14
      20
      17
      15
      22
      15
      17
      23
      19
      17
      16
      15
      11
      19
      22
      15
      17
      19
      12
      16
      12
      12
      17
      12
      18
      30
      36
      26
      24
      40
      59
      66
      94
     103
     118
     176
     178
     215
     260
     298
     290
     302
     329
     372
     396
     349
     321
     277
     230
     182
     179
     104
      81
      78
      38
      38
      23
      19
       8
      13
      12
       7
       4
       8
       7
      11
      11
       4
      14
       8
       7
      10
      16
      15
      16
       9
      11
      13
       5
       8
       6
       8
       9
      14
      12
       7
       5
      10
       9
      10
      15
       6
      11
      10
       7
      12
      10
       4
      13
       8
      10
       8
       8
       5
       8
       8
       7
       9
      10
       5
      10
       7
      15
       7
       9
       6
       8
       8
      11
       9
      13
      10
       7
       7
       7
       9
      10
       4
      11
      11
      13
      11
      12
       6
      10
      13
       8
       9
       9
      12
       6
      10
       8
      10
      13
       8
       8
       8
       7
       6
       8
       7
       7
      13
      10
       7
       9
      10
       9
      10
      12
      14
      14
      10
       7
       9
      11
       9
      14
       9
      17
       7
      14
       5
      10
       9
      12
      11
      11
       6
      10
      10
      15
       8
       6
      16
       6
      11
       9
       4
       8
      12
       8
       9
       5
       8
      11
       7
       9
      13
      11
      10
       9
      10
      11
      10
       4
       8
      12
      10
       9
       6
       8
      15
      10
      11
      11
       6
      12
       4
       8
       7
       9
       7
      12
      10
      10
       8
       8
       9
       8
       4
       9
       6
      14
      20
       4
       9
      11
      10
      11
       7
      10
       8
       7
       9
       8
       5
       9
      10
       9
      12
       9
       8
       6
       7
       7
       7
       8
       4
      10
       9
       6
       8
       8
       6
      10
       6
       9
       7
      12
       4
       7
       9
      10
      10
       8
       5
       6
       8
      10
      15
       8
      10
       2
       7
       6
       6
       5
       6
       8
       8
       8
       9
       2
      10
       4
       4
       6
       4
       6
      10
      11
       4
       3
      12
       6
       6
       7
       6
       7
      10
       5
       9
       5
       9
       5
       7
       8
       4
       5
       9
       3
       8
       6
       2
       8
       6
       2
      10
       8
       6
       4
       7
       4
       5
       6
       4
      10
       4
       9
       7
       4
       7
       6
       5
      11
      11
       8
       5
       5
      10
       6
       5
       7
       5
      12
       1
       6
       7
       4
       9
       8
       5
       8
       4
       7
       5
       4
       6
      10
       6
       2
       4
       6
       3
       1
       6
       7
       6
       7
       3
       9
       7
       5
       8
       5
       5
       7
       6
       5
       6
       4
       8
       4
       9
      11
      11
       6
       4
       9
       5
       9
       6
       6
       1
       9
       9
       5
       8
       9
      11
       8
       9
       6
       5
       3
      10
       9
       9
       3
      11
       5
       5
       9
       8
       5
       6
       3
       4
       9
       6
       9
       8
       3
       8
       4
       4
       7
       3
       3
       2
       6
       5
       8
       7
       7
      10
       2
       9
       6
       4
       9
       5
       3
       3
       3
       6
       4
       2
       1
       3
       1
       5
       5
       6
       5
       5
       8
       5
       4
       4
       2
       4
       9
       4
       7
       3
       3
       3
       3
       3
       3
       8
       4
       3
       8
       5
       8
       5
       2
       7
       6
       6
       5
       3
       6
       7
       4
       6
       5
       5
       3
       4
       4
       9
       4
       2
       2
       5
       5
       5
       4
       2
       4
       9
       2
       3
       8
       6
       9
       4
       4
      10
       4
       1
       5
       6
       4
       5
       5
       2
       6
       5
       4
       1
       9
       3
       3
       2
       7
       7
       5
       8
       7
       3
       6
       9
       4
       2
       7
       6
       8
       3
      10
       6
       3
       5
       5
       6
       4
       7
       4
       3
       1
       4
       3
       2
       5
       4
       2
       5
       4
       4
       4
       9
       8
       7
       2
       3
       3
       3
       3
       4
       0
       4
       3
       4
       7
      10
       5
       6
       5
       7
       3
       3
       1
       6
       4
       4
       6
       0
       4
       3
       4
       3
       2
       5
       6
       3
       5
       5
      12
      11
       7
       5
       2
       1
       3
       1
       3
       4
       6
       4
       4
       6
       4
       4
       2
       3
       3
       0
       5
       5
       3
       3
       5
       2
       4
       2
       6
       5
       4
       5
       5
       2
       5
       5
       3
       3
       4
       4
       6
       3
       5
       4
       4
       8
       4
       6
       6
       2
       3
       1
       3
       3
       3
       7
       5
       5
       2
       4
       7
       2
       5
       4
       4
       2
       6
       2
      10
       6
       4
       4
       4
       9
       0
       4
       6
       5
       3
       0
       5
       7
       6
       1
       5
       7
       5
       8
       7
       4
       5
       5
       4
       4
       6
       3
       5
       2
       4
       9
       6
       5
       3
       3
       6
       5
       4
       4
       4
       2
       6
       1
       5
       6
       4
       6
       6
       4
       6
       3
      10
       3
       2
       6
       3
       2
       5
       3
       4
       5
       1
       5
       8
       6
       6
       2
       4
      11
       1
       5
       5
       5
       5
       2
       5
       6
       2
       9
       2
       4
       7
       2
       6
       6
       2
       2
       4
       5
       5
       3
       2
       2
       4
       2
       7
       4
       1
       4
       7
       2
       6
       3
       7
       9
       2
       9
       7
       3
       3
       2
       2
       3
       4
       3
       4
       2
       4
       2
       4
       1
       0
       5
       8
       4
       6
       7
       3
       6
       3
       6
       1
       4
       5
       4
       5
       5
       4
       6
       3
       4
       4
       9
       7
       5
       4
       4
       7
       4
       7
       4
       2
       3
       5
       5
       5
       9
       1
       9
       4
       5
       5
       4
       5
       1
       7
       3
       3
       4
       3
       4
       4
       4
       4
       6
       9
       1
       3
       4
       2
       4
       4
       7
       2
       6
       2
       1
       3
       4
       5
       4
       5
       2
       3
       3
       5
       7
       6
       2
       2
       5
       2
       4
       4
       5
       1
       3
      10
       4
       3
       4
       3
       5
      10
       2
       1
       6
       3
       6
       5
       4
       2
       5
       3
       2
       2
       5
       2
       4
       4
       4
       5
       2
       3
       7
       4
       6
       5
       5
       3
       3
       7
       3
       5
       1
       3
       3
       1
       5
       7
       4
       7
       1
       7
       2
       0
       3
       5
       3
       1
       6
       5
       2
       3
       5
       2
       3
       3
       2
       8
       1
       2
       3
       4
       2
       3
       7
       5
       3
       5
       6
       5
       6
       6
       6
       7
       1
       4
       1
       4
       2
       2
       2
       9
       5
       1
       4
       2
       3
       4
       3
       6
       9
       5
       3
       6
       5
       3
       4
       4
       6
       5
       3
       7
       3
       4
       3
       7
       6
       4
       6
       8
       4
       7
       5
       5
       5
       6
       7
       6
       3
       3
       7
       6
       4
       8
       5
       5
       7
       8
       8
       5
       5
      11
       6
      17
      14
      19
      17
      25
      24
      36
      50
      40
      69
      64
      82
     113
     145
     152
     179
     229
     260
     281
     307
     359
     362
     370
     376
     354
     353
     314
     309
     270
     199
     192
     174
     108
      69
      57
      40
      24
       7
       7
       5
       4
       6
       2
       4
       1
       6
       3
       5
       1
       5
       3
       3
       3
       1
       4
       1
       2
       3
       2
       5
       0
       4
       1
       2
       3
       5
       2
       1
       1
       3
       3
       5
       2
       2
       3
       2
       0
       3
       2
       0
       1
       3
       1
       4
       6
       5
       4
       2
       4
       2
       5
       7
       3
       4
       4
       2
       2
       5
       7
       1
       2
       1
       2
       1
       2
       4
       1
       0
       2
       3
       3
       3
       3
       2
       2
       4
       1
       0
       3
       3
       0
       2
       1
       4
       2
       1
       2
       8
       2
       1
       3
       2
       0
       1
       2
       3
       3
       4
       2
       0
       3
       3
       1
       5
       2
       3
       2
       2
       2
       2
       1
       2
       0
       5
       2
       2
       4
       1
       1
       2
       2
       3
       2
       3
       6
       2
       1
       2
       2
       0
       2
       1
       1
       0
       0
       0
       4
       3
       3
       1
       2
       2
       2
       0
       3
       4
       1
       1
       0
       2
       1
       2
       1
       0
       6
       2
       2
       2
       1
       4
       1
       4
       0
       2
       2
       4
       2
       3
       1
       1
       3
       3
       1
       1
       3
       3
       1
       2
       3
       3
       5
       3
       1
       5
       5
       1
       3
       2
       0
       0
       4
       1
       0
       1
       3
       2
       1
       2
       4
       5
       1
       2
       4
       4
       1
       2
       3
       0
       1
       3
       3
       2
       6
       2
       4
       4
       0
       1
       2
       2
       2
       3
       2
       3
       1
       1
       2
       7
       2
       0
       4
       2
       1
       1
       4
       2
       0
       1
       1
       1
       4
       3
       2
       2
       5
       3
       3
       2
       0
       1
       1
       3
       1
       5
       3
       0
       4
       3
       0
       2
       0
       1
       3
       3
       0
       1
       3
       4
       2
       2
       0
       1
       0
       3
       1
       2
       1
       1
       2
       2
       1
       1
       1
       1
       1
       1
       4
       2
       1
       1
       2
       1
       3
       0
       2
       1
       1
       2
       1
       1
       2
       3
       3
       2
       1
       4
       3
       5
       2
       2
       1
       2
       2
       3
       1
       0
       1
       2
       1
       3
       1
       1
       0
       1
       4
       0
       4
       2
       2
       1
       2
       4
       4
       1
       2
       1
       2
       0
       1
       1
       1
       4
       3
       1
       0
       5
       3
       3
       1
       3
       3
       2
       2
       4
       0
       0
       3
       4
       3
       2
       0
       1
       1
       1
       1
       3
       3
       2
       4
       0
       2
       4
       3
       1
       2
       1
       1
       1
       1
       1
       0
       1
       2
       0
       1
       4
       5
       2
       3
       3
       2
       3
       2
       2
       0
       2
       3
       1
       2
       2
       1
       2
       2
       1
       2
       1
       1
       1
       0
       2
       2
       7
       2
       3
       1
       3
       4
       4
       2
       2
       3
       4
       2
       1
       0
       2
       0
       1
       1
       3
       4
       1
       0
       0
       5
       2
       1
       2
       2
       1
       1
       0
       1
       1
       2
       4
       2
       1
       1
       3
       1
       1
       1
       1
       1
       0
       4
       2
       1
       1
       1
       2
       1
       0
       1
       3
       0
       3
       2
       1
       3
       0
       0
       3
       4
       5
       2
       2
       1
       0
       3
       1
       2
       2
       2
       2
       4
       3
       1
       1
       0
       2
       3
       4
       0
       1
       0
       1
       2
       1
       2
       1
       4
       2
       1
       0
       1
       0
       1
       2
       1
       2
       3
       3
       2
       0
       1
       1
       2
       1
       0
       1
       2
       5
       1
       4
       2
       1
       1
       1
       3
       1
       1
       2
       2
       1
       1
       2
       4
       3
       1
       3
       1
       0
       3
       5
       2
       4
       4
       0
       3
       0
       5
       1
       4
       3
       1
       1
       1
       2
       2
       3
       1
       4
       4
       3
       2
       1
       1
       0
       2
       3
       4
       1
       1
       1
       0
       2
       1
       1
       1
       2
       1
       3
       1
       2
       2
       2
       1
       3
       4
       1
       3
       1
       0
       0
       3
       1
       2
       1
       0
       2
       2
       1
       3
       3
       2
       1
       1
       2
       2
       2
       2
       1
       0
       2
       2
       3
       3
       1
       1
       0
       1
       3
       2
       1
       2
       3
       1
       2
       1
       2
       2
       3
       3
       1
       0
       1
       3
       1
       2
       1
       1
       2
       0
       3
       1
       3
       2
       2
       2
       6
       1
       2
       2
       6
       0
       0
       1
       4
       1
       0
       0
       1
       2
       3
       2
       3
       2
       1
       3
       2
       2
       0
       1
       0
       1
       3
       5
       1
       3
       0
       0
       0
       4
       1
       1
       0
       4
       0
       1
       2
       0
       3
       4
       2
       3
       2
       1
       1
       3
       2
       2
       2
       2
       1
       1
       0
       5
       1
       1
       0
       3
       2
       1
       5
       2
       3
       2
       0
       1
       1
       2
       1
       0
       3
       1
       0
       2
       1
       0
       5
       1
       0
       2
       1
       0
       1
       1
       0
       4
       2
       1
       3
       2
       0
       0
       2
       3
       1
       2
       2
       2
       1
       3
       0
       3
       1
       1
       0
       2
       2
       0
       3
       2
       3
       2
       0
       1
       1
       0
       3
       0
       2
       0
       1
       1
       2
       2
       0
       1
       1
       0
       1
       1
       0
       3
       1
       1
       2
       2
       1
       3
       1
       1
       0
       0
       2
       0
       1
       2
       1
       5
       2
       3
       3
       1
       1
       2
       1
       0
       5
       2
       2
       3
       0
       1
       1
       2
       0
       3
       3
       1
       0
       4
       2
       1
       0
       2
       5
       1
       2
       0
       2
       2
       3
       2
       3
       5
       1
       2
       3
       2
       1
       1
       0
       1
       4
       0
       3
       4
       1
       0
       3
       0
       1
       2
       0
       2
       2
       0
       1
       1
       4
       2
       4
       0
       2
       3
       1
       3
       2
       2
       0
       2
       4
       4
       1
       2
       1
       2
       1
       4
       1
       0
       2
       2
       0
       1
       1
       1
       0
       3
       1
       3
       1
       0
       0
       0
       0
       0
       1
       1
       2
       1
       4
       0
       1
       1
       0
       2
       2
       1
       3
       1
       1
       2
       3
       0
       1
       1
       0
       3
       0
       0
       0
       0
       0
       2
       1
       2
       0
       2
       3
       1
       0
       1
       0
       0
       0
       2
       1
       0
       3
       1
       1
       1
       1
       0
       3
       1
       1
       0
       3
       2
       4
       2
       0
       4
       2
       0
       0
       0
       2
       1
       3
       4
       2
       1
       3
       1
       1
       2
       4
       0
       1
       1
       2
       1
       0
       2
       3
       2
       1
       2
       3
       0
       2
       1
       1
       1
       5
       3
       0
       2
       1
       3
       1
       1
       1
       3
       0
       3
       2
       1
       3
       1
       4
       1
       1
       0
       3
       1
       1
       1
       1
       1
       1
       2
       1
       2
       2
       1
       1
       1
       1
       1
       3
       1
       0
       3
       0
       1
       1
       1
       3
       1
       2
       0
       1
       0
       1
       2
       1
       3
       1
       1
       0
       1
       2
       1
       4
       3
       1
       3
       2
       1
       3
       4
       3
       5
       2
       4
       8
       6
       6
       7
      10
      13
      14
      21
      24
      20
      19
      33
      32
      25
      22
      22
      27
      35
      35
      41
      33
      23
      26
      17
      24
      20
      20
       8
       2
       6
       2
       3
       4
       3
       2
       3
       0
       0
       3
       1
       2
       0
       2
       1
       0
       1
       1
       2
       2
       3
       0
       3
       2
       0
       2
       2
       0
       0
       1
       0
       2
       2
       1
       1
       0
       1
       0
       0
       2
       2
       0
       0
       1
       3
       0
       2
       0
       2
       2
       1
       1
       1
       1
       1
       0
       1
       1
       2
       1
       2
       4
       2
       0
       2
       1
       1
       3
       1
       2
       2
       4
       4
       2
       0
       1
       0
       2
       1
       3
       2
       0
       2
       3
       1
       5
       2
       1
       0
       1
       0
       3
       5
       2
       0
       0
       2
       0
       0
       0
       2
       1
       1
       1
       1
       0
       1
       2
       2
       0
       3
       2
       1
       4
       1
       0
       1
       2
       0
       2
       0
       1
       0
       1
       2
       2
       2
       1
       3
       2
       0
       2
       1
       3
       0
       2
       1
       0
       2
       4
       3
       4
       1
       1
       0
       0
       2
       2
       1
       0
       1
       3
       1
       0
       3
       0
       1
       3
       3
       2
       2
       0
       2
       1
       1
       0
       0
       1
       0
       0
       3
       0
       3
       1
       0
       1
       1
       0
       0
       1
       2
       1
       1
       1
       1
       3
       0
       4
       3
       2
       0
       0
       0
       1
       2
       2
       2
       1
       4
       0
       1
       0
       0
       0
       0
       0
       4
       2
       3
       1
       1
       2
       0
       3
       1
       1
       1
       0
       2
       1
       3
       2
       1
       1
       1
       2
       2
       0
       4
       2
       1
       3
       1
       2
       0
       0
       1
       1
       1
       2
       0
       4
       0
       2
       1
       0
       0
       0
       2
       1
       5
       0
       2
       1
       3
       2
       2
       1
       2
       1
       2
       1
       2
       2
       0
       3
       2
       0
       3
       1
       2
       4
       2
       1
       0
       4
       1
       0
       1
       1
       1
       2
       1
       0
       1
       1
       0
       3
       1
       2
       2
       0
       1
       1
       2
       1
       1
       4
       2
       3
       2
       2
       1
       1
       0
       1
       2
       0
       0
       1
       0
       1
       0
       1
       0
       2
       0
       0
       4
       3
       0
       0
       2
       0
       0
       0
       0
       0
       0
       0
       0
       0
       0
       0
       0
       0
       0
       0
       0
       0
       0
       0
       0
       0
       0
       0
       0
       0
       0
       0
       0
       0
       0
       0
       0
       0
       0
       0
       0
       0
       0
       0
       0
       0
       0
       0
       0
       0
       0
       0
       0
       0
       0
       0
       0
       0
       0
       0
       0
       0
       0
       0
       0
       0
       0
       0
       0
       0
       0
       0
       0
       0
       0
       0
       0
       0
       0
       0
       0
       0
       0
       0
       0
       0
       0
       0
       0
       0
       0
       0
       0
       0
       0
       0
       0
       0
       0
       0
       0
       0
       0
       0
       0
       0
       0
       0
       0
       0
       0
       0
       0
       0
       0
       0
       0
       0
       0
       0
       0
       0
       0
       0
       0
       0
       0
       0
       0
       0
       0
       0
       0
       0
$ROI:
1
4146 4168
$PRESETS:
Live Time
600
0
$ENER_FIT:
-1.504534 0.196418
$MCA_CAL:
3
-1.504534E+000 1.964177E-001 -1.544040E-007 keV
$SHAPE_CAL:
3
0.000000E+000 0.000000E+000 0.000000E+000
