$SPEC_ID:
No sample description was entered.
$SPEC_REM:
DET# 2
DETDESC# ALPHA COUNTER
AP# Maestro Version 7.01
$DATE_MEA:
11/21/2017 16:17:23
$MEAS_TIM:
36000 36003
$DATA:
0 2047
       0
       0
       0
       0
       0
       0
       0
       1
       3
       6
       1
       1
       0
       0
       0
       0
       0
       0
       0
       0
       0
       0
       0
      21
     566
     559
     562
     564
     528
     567
     552
     548
     540
     498
     501
     499
     524
     542
     576
     579
     537
     567
     537
     574
     550
     889
     957
     868
     504
     516
     482
     510
     595
     809
     585
     489
     511
     517
     583
     453
     450
     447
     456
     449
     465
     462
     447
     416
     495
     428
     459
     452
     429
     445
     454
     421
     435
     470
     437
     432
     451
     454
     408
     459
     416
     437
     396
     433
     419
     439
     537
     457
     374
     406
     389
     377
     402
     388
     394
     395
     344
     384
     380
     463
     378
     369
     381
     359
     361
     371
     358
     358
     381
     374
     345
     338
     448
    1168
     357
     281
     301
     280
     295
     286
     306
     289
     309
     295
     290
     367
     358
     313
     306
     271
     259
     269
     278
     269
     270
     271
     264
     264
     245
     276
     243
     264
     237
     247
     249
     224
     298
     309
     244
     262
     243
     235
     220
     200
     221
     216
     210
     209
     218
     224
     195
     184
     224
     211
     202
     204
     200
     181
     194
     199
     182
     194
     205
     175
     203
     164
     190
     141
     176
     195
     161
     186
     174
     186
     178
     179
     153
     161
     158
     155
     163
     135
     165
     149
     174
     170
     156
     165
     161
     152
     148
     127
     133
     161
     162
     160
     127
     151
     144
     135
     154
     153
     149
     136
     121
     127
     113
     126
     157
     193
     134
     105
     120
     126
     105
     123
     126
     119
     127
     122
     128
     116
     124
     113
     131
     113
     125
     126
     113
     112
     110
     110
     113
     116
     112
     127
     120
     100
     104
     105
     111
      97
     113
     102
     100
     104
     123
     116
      89
     111
      95
     121
      95
      98
     102
     102
      87
      87
      99
      90
      89
     123
      81
     108
     100
      79
      94
     102
      82
      98
      96
      94
      86
      82
      78
      99
      78
      66
      91
      88
      67
     101
      97
      82
      86
      93
      84
      86
      81
      66
      91
      87
      86
      84
      81
      93
      68
      65
      86
      76
      68
      67
      96
      82
      73
      82
      78
      74
     102
     219
     271
     122
     108
      83
      76
      58
      62
      85
      68
      63
      68
      70
      78
      77
      68
      77
      64
      68
      72
      62
      76
      60
      76
      66
      79
      61
      75
      64
      71
      74
      82
      86
      82
      69
      58
      62
      67
      70
      68
      59
      75
      64
      65
      64
      67
     100
      87
      69
      59
      66
      50
      76
      66
      68
      63
      58
      66
      57
      64
      70
      79
      62
     114
      80
      60
      68
      62
      57
      69
      64
      51
      66
      68
      59
      63
      51
      54
      53
      57
      66
      64
      45
      51
      54
      59
      53
      55
      42
      64
      66
      42
      51
      55
      69
      43
      68
      49
      44
      45
      43
      51
      57
      51
      40
      43
      51
      43
      48
      54
      47
      56
      39
      49
      62
      53
      49
      41
      41
      62
      49
      43
      37
      27
      55
      41
      54
      37
      29
      36
      53
      46
      53
      51
      50
      62
      47
      48
      52
      39
      47
      44
      44
      31
      44
      32
      43
      41
      42
      49
      44
      41
      43
      50
      44
      48
      46
      42
      42
      35
      41
      40
      41
      46
      48
      51
      39
      34
      38
      42
      44
      34
      48
      40
      41
      41
      42
      32
      35
      33
      45
      49
      48
      43
      40
      45
      40
      36
      29
      54
      97
     280
     167
      39
      36
      42
      41
      34
      32
      38
      31
      41
      37
      39
      33
      35
      36
      34
      27
      38
      39
      40
      34
      35
      31
      28
      38
      42
      31
      33
      41
      33
      38
      37
      36
      33
      32
      37
      35
      37
      32
      29
      34
      32
      40
      32
      37
      29
      37
      38
      34
      35
      40
      31
      31
      18
      28
      31
      28
      26
      32
      31
      33
      32
      49
      60
      37
      32
      36
      38
      18
      28
      35
      28
      24
      25
      31
      34
      26
      36
      32
      28
      30
      35
      28
      28
      39
      27
      32
      31
      31
      25
      23
      28
      28
      31
      23
      23
      32
      39
      39
      51
      39
      26
      29
      30
      24
      25
      29
      27
      29
      20
      17
      19
      41
      22
      31
      36
      28
      24
      30
      15
      24
      37
      30
      28
      34
      29
      20
      32
      28
      27
      28
      31
      27
      30
      24
      19
      28
      23
      26
      22
      29
      31
      30
      22
      33
      24
      20
      34
      25
      23
      13
      29
      35
      21
      24
      14
      29
      28
      23
      30
      26
      20
      30
      23
      32
      29
      16
      25
      30
      25
      20
      24
      17
      23
      24
      23
      23
      16
      27
      18
      14
      34
      27
      20
      23
      27
      17
      29
      20
      19
      25
      25
      27
      14
      25
      26
      43
      24
      22
      25
      22
      28
      22
      19
      29
      19
      25
      19
      22
      26
      21
      32
      18
      19
      26
      13
      25
      19
      32
      26
      20
      20
      29
      23
      32
      25
      18
      27
      26
      32
      35
      23
      17
      17
      18
      24
      25
      27
      23
      16
      16
      35
      22
      26
      12
      25
      15
      23
      30
      16
      21
      25
      28
      26
      30
      27
      18
      14
      21
      25
      29
      24
      20
      32
      19
      20
      19
      19
      15
      20
      19
      22
      23
      16
      22
      18
      19
      17
      22
      14
      25
      18
      15
      17
      16
      22
      19
      14
      18
      21
      15
      11
      20
      18
      18
      15
      17
      20
      17
      22
      10
      17
      13
      18
      13
      21
      16
      13
       8
      16
      22
      17
      11
      16
      11
      19
      16
      15
      15
       9
      12
      21
      19
      17
      14
      17
      15
      11
      13
      16
      21
      30
      13
      17
      14
       5
      12
      17
      11
       8
      15
       9
       7
       9
      15
      12
      12
      17
      21
      13
      16
      12
      13
      11
       8
      13
       8
      20
       9
      17
      11
      10
      14
      15
      21
      14
       6
      10
      12
      10
      10
      10
      10
       8
      13
      10
      12
      13
       8
       4
      10
       7
      13
      11
       5
      10
       8
      17
      10
       9
      15
      10
      15
       9
       9
      13
      12
      13
      12
       8
       8
      16
      10
      14
       8
      15
      19
      12
      15
      10
      25
     121
     172
      91
      12
       6
       3
       8
       9
       7
       8
       5
       5
      13
      14
       8
       5
       6
       5
       5
      10
       6
       7
       6
       7
       9
      10
       6
       9
       6
       6
      10
       8
       8
      15
       4
       6
       6
       7
       7
       7
       8
       6
       7
       5
       6
       9
       7
       8
       8
       6
      11
      10
       4
       8
       8
       6
       6
       5
       5
       9
       5
       4
       7
       5
       9
       8
       6
       4
       7
       9
       5
       8
      10
       4
       8
       8
       6
       4
       3
       3
      13
       6
       8
      21
      11
      11
       9
       4
      10
       5
       6
       5
      12
       2
      10
       3
       7
       8
       1
       8
       5
       7
       8
       9
       9
       8
       5
       9
       9
       7
       8
       7
       4
       6
       8
       7
       2
       7
       6
       7
       7
       7
       8
      10
       5
       6
       4
       4
       9
       8
       6
       2
       8
       4
       9
       5
       5
       6
       6
       1
       3
       6
       5
       3
       2
       3
       3
       4
       0
       2
       6
       5
       6
       9
       5
       6
       6
       3
       5
       8
       7
       5
       3
       4
       6
       2
       4
       2
       1
       3
       4
       8
       6
       5
       7
       4
       7
       6
       8
       2
       8
       3
       7
       6
       6
       6
       5
       8
       5
       9
       3
       3
      10
      12
      19
      10
       3
       6
       3
       4
       4
       2
       5
       3
       1
       5
       6
       4
       7
       4
       6
       0
       3
       4
       7
       6
       5
       3
       1
       5
       6
       4
       3
       4
       6
       0
       7
       2
       6
       4
       4
       5
      10
       3
       3
       2
       2
       1
       5
       5
       3
       3
       9
       5
       2
       8
       7
       7
       2
       4
       5
       3
       5
       6
       3
       8
       3
       3
       1
       5
       4
       4
       4
       3
       3
       3
       3
       4
       1
       5
       5
       6
       3
       2
       6
       0
       7
       5
       5
       6
       6
       3
       5
       7
       7
       7
       6
       5
       3
       6
       5
       3
       6
       1
       5
       5
       4
       3
       3
       3
       2
       6
       8
       3
       4
       5
       4
       2
       2
       5
       5
       7
       3
       7
       3
       8
       2
       3
       6
       1
       3
       5
       5
       1
       3
       2
       5
       2
       5
       0
       4
       7
       2
       7
      10
       3
       8
       2
       3
       4
       2
       3
       3
       4
       4
       1
       5
       1
       4
       2
       4
       1
       4
       4
       2
       6
       1
       6
       3
       4
       2
       1
       3
       4
       2
       2
       5
       1
       5
       5
       3
       1
       2
       7
       3
       5
       3
       1
       5
       2
       6
       3
       3
       5
       2
       3
       3
       5
       3
       0
       5
       5
       5
       4
       5
       0
       3
       3
       3
       3
       5
       4
       2
       2
       3
       2
       4
       5
       8
       2
      10
       3
       3
       3
       3
       6
       3
       7
       4
       6
       2
       3
       5
       2
       3
       5
       7
       6
       7
       4
       3
       2
       4
       5
       1
       7
       2
       1
       5
       5
       2
       4
       2
       1
       0
       2
       4
       4
       3
       1
       1
       4
       5
       5
       3
       5
       3
       3
       1
       8
       6
       2
       5
       1
       1
       7
       3
       5
       1
       2
       4
       3
       5
       4
       4
       1
       3
       5
       5
       5
       5
       4
       3
       4
       3
       4
       2
       0
       1
       2
       3
       3
       5
       4
       3
       3
       3
       4
       1
       1
       8
       5
       6
       4
       3
       5
       4
       2
       0
       2
       2
       4
       2
       3
       1
       3
       4
       5
       4
       5
       1
       2
       0
       5
       3
       4
       3
       3
       2
       3
       3
       6
       2
       4
       1
       6
       2
       4
       1
       4
       4
       2
       3
       1
       3
       3
       4
       5
       2
       5
       3
       2
       3
       4
       3
       1
       1
       4
       6
       4
       3
       2
       3
       2
       1
       2
       1
       2
       0
       5
       5
       3
       5
       5
       2
       4
       3
       3
       4
       1
       6
       1
       4
       2
       2
       2
       4
       5
       5
       6
       1
       3
       3
       0
       3
       3
       1
       3
       3
       4
       4
       6
       3
       1
       4
       3
       1
       5
       1
       2
       6
       7
       5
       1
       4
       3
       1
       5
       0
       1
       1
       3
       4
       3
       1
       1
       4
       3
       2
       1
       1
       3
       3
       1
       2
       3
       2
       3
       1
       0
       3
       4
       1
       1
       3
       1
       2
       1
       1
       0
       1
       3
       1
       3
       3
       0
       2
       2
       1
       0
       0
       2
       0
       0
       1
       1
       1
       0
       0
       0
       7
       1
       2
       2
       1
       1
       0
       2
       1
       4
       1
       0
       2
       1
       2
       0
       2
       2
       1
       1
       0
       0
       0
       1
       2
       2
       3
       2
       4
       0
       0
       2
       1
       1
       2
       0
       2
       1
       2
       2
       1
       2
       5
       2
       0
       2
       3
       0
       1
       2
       3
       3
       2
       1
       1
       3
       3
       1
       0
       3
       7
      17
      18
      28
      26
       8
       0
       2
       0
       1
       1
       2
       1
       1
       0
       2
       0
       1
       0
       1
       3
       1
       2
       1
       0
       3
       2
       1
       1
       0
       1
       0
       1
       0
       1
       1
       0
       3
       0
       2
       0
       0
       0
       2
       0
       1
       1
       2
       1
       0
       1
       2
       0
       1
       0
       2
       0
       0
       2
       1
       1
       0
       0
       1
       1
       1
       1
       0
       0
       0
       1
       2
       0
       1
       1
       2
       0
       0
       1
       1
       0
       1
       0
       0
       1
       0
       1
       1
       0
       3
       2
       1
       1
       1
       0
       0
       1
       1
       0
       2
       0
       2
       2
       2
       0
       2
       1
       1
       2
       0
       0
       3
       0
       0
       1
       0
       1
       1
       1
       0
       2
       0
       0
       2
       0
       0
       1
       1
       0
       1
       2
       1
       0
       0
       0
       0
       1
       1
       0
       1
       1
       0
       0
       1
       0
       1
       2
       0
       1
       1
       1
       0
       1
       0
       0
       1
       2
       2
       0
       0
       0
       0
       0
       0
       0
       1
       1
       1
       0
       0
       2
       1
       1
       0
       0
       2
       0
       1
       0
       1
       1
       0
       1
       2
       1
       1
       0
       1
       0
       1
       1
       2
       0
       0
       1
       0
       0
       1
       1
       0
       0
       1
       0
       0
       1
       1
       2
       2
       1
       2
       3
       1
       1
       2
       0
       1
       1
       0
       3
       1
       1
       2
       1
       0
       0
       1
       1
       0
       1
       4
       0
       0
       1
       0
       2
       1
       0
       0
       1
       2
       1
       1
       1
       0
       0
       1
       1
       1
       0
       0
       0
       0
       0
       0
       0
       2
       0
       0
       1
       0
       0
       1
       0
       0
       1
       1
       0
       0
       0
       1
       1
       1
       0
       2
       3
       2
       2
       1
       0
       1
       2
       1
       1
       1
       0
       0
       2
       2
       2
       0
       2
       1
       0
       2
       0
       1
       1
       0
       2
       0
       1
       1
       0
       3
       0
       1
       1
       1
       1
       2
       0
       0
       2
       0
       1
       1
       1
       0
       0
       1
       0
       0
       1
       4
       2
       1
       0
       2
       1
       0
       0
       2
       2
       0
       0
       1
       0
       0
       0
       0
       0
       0
       0
       1
       0
       0
       1
       1
       0
       1
       1
       0
       1
       0
       0
       1
       0
       1
       1
       0
       0
       0
       0
       0
       0
       0
       0
       0
       0
       0
       0
       0
       0
       0
       0
       0
       0
       0
       0
       0
       0
       0
       0
       0
       0
       0
       0
       0
       0
       0
       0
       0
$ROI:
2
83 93
458 472
$PRESETS:
Live Time
36000
0
$ENER_FIT:
1.350994 1.567553
$MCA_CAL:
3
1.350994E+000 1.567553E+000 -3.276420E-006 keV
$SHAPE_CAL:
3
7.934601E-001 -6.232490E-005 1.014241E-007
