$SPEC_ID:
No sample description was entered.
$SPEC_REM:
DET# 2
DETDESC# ALPHA COUNTER
AP# Maestro Version 7.01
$DATE_MEA:
12/01/2017 12:06:10
$MEAS_TIM:
36000 36003
$DATA:
0 2047
       0
       0
       0
       0
       0
       0
       0
       0
       0
       0
       0
       0
       0
       0
       0
       0
       0
       0
       0
       0
       0
       0
       0
      23
     543
     593
     609
     540
     562
     533
     529
     545
     539
     533
     522
     526
     551
     529
     505
     528
     531
     484
     542
     537
     553
     860
     891
     816
     472
     494
     486
     487
     614
     786
     518
     525
     482
     491
     607
     432
     403
     412
     428
     416
     448
     434
     440
     453
     462
     455
     395
     449
     450
     451
     419
     413
     432
     428
     449
     431
     452
     422
     413
     421
     422
     406
     433
     399
     426
     391
     607
     435
     371
     399
     386
     385
     387
     373
     363
     381
     363
     385
     393
     460
     361
     373
     363
     319
     356
     356
     351
     361
     334
     328
     359
     352
     439
    1218
     327
     315
     318
     301
     314
     322
     301
     263
     335
     291
     306
     359
     341
     264
     269
     258
     267
     242
     274
     275
     281
     281
     282
     275
     266
     270
     231
     259
     265
     213
     229
     243
     290
     298
     253
     224
     239
     234
     232
     212
     211
     222
     190
     188
     219
     194
     196
     191
     189
     188
     188
     186
     192
     196
     184
     206
     158
     179
     167
     154
     178
     164
     169
     158
     179
     176
     174
     167
     161
     154
     193
     143
     180
     188
     153
     171
     155
     154
     163
     151
     156
     166
     161
     130
     152
     149
     157
     145
     128
     146
     149
     123
     150
     134
     130
     143
     161
     138
     125
     123
     154
     137
     120
     143
     132
     151
     124
     114
     112
     105
     121
     130
     118
     115
     103
     122
     135
     117
     124
     103
     110
     104
     108
      85
     110
     122
     119
      98
      96
     118
      86
     119
      96
      84
     116
     112
      93
      98
      99
     104
     110
      88
      97
      96
     106
      86
     108
     110
      94
      94
      97
      96
      94
     101
     102
      94
     108
      95
      82
      88
      89
      78
     104
      82
      76
      85
     103
      84
      86
      83
      90
      81
      82
      91
      92
      86
      96
      69
      77
      81
      80
      86
      79
     106
      99
      72
      78
      69
      64
      86
      70
      90
      70
      77
      98
      77
      80
      73
      69
      66
      75
      73
      88
      80
      96
     190
     187
     111
      74
      63
      62
      72
      66
      71
      74
      63
      80
      82
      57
      73
      68
      68
      71
      74
      71
      60
      83
      51
      60
      63
      76
      54
      66
      61
      64
      70
      64
      74
      56
      55
      56
      54
      52
      60
      66
      65
      68
      57
      59
      59
      62
      97
      72
      63
      71
      55
      50
      58
      48
      69
      65
      45
      66
      69
      63
      61
      69
      79
     123
      72
      50
      90
      57
      36
      67
      55
      62
      42
      65
      51
      56
      66
      57
      66
      46
      46
      47
      49
      45
      44
      60
      38
      64
      54
      40
      46
      50
      57
      53
      52
      58
      63
      46
      39
      50
      48
      62
      51
      40
      53
      45
      64
      39
      41
      42
      54
      50
      44
      48
      41
      44
      46
      40
      38
      56
      41
      46
      41
      47
      47
      47
      48
      52
      46
      41
      47
      43
      36
      42
      57
      70
      42
      56
      52
      50
      40
      44
      43
      47
      37
      37
      35
      44
      38
      54
      37
      36
      35
      42
      53
      38
      46
      34
      35
      37
      37
      38
      43
      43
      56
      46
      45
      44
      38
      44
      34
      37
      39
      41
      46
      45
      45
      33
      35
      43
      44
      31
      41
      46
      39
      40
      42
      40
      45
      37
      60
     172
      64
      37
      48
      35
      23
      32
      38
      31
      31
      37
      48
      26
      32
      34
      35
      35
      43
      44
      41
      35
      27
      29
      37
      27
      34
      36
      26
      37
      28
      32
      39
      44
      31
      38
      30
      38
      31
      30
      35
      35
      46
      27
      38
      37
      31
      37
      29
      22
      32
      37
      46
      36
      37
      33
      32
      32
      40
      48
      21
      28
      29
      32
      43
      73
      33
      23
      30
      46
      27
      36
      23
      36
      45
      35
      22
      35
      22
      36
      36
      23
      41
      31
      23
      33
      32
      32
      31
      34
      25
      31
      27
      30
      27
      29
      30
      24
      34
      37
      28
      43
      43
      31
      26
      29
      30
      24
      25
      20
      37
      30
      18
      15
      39
      22
      23
      35
      18
      27
      18
      16
      32
      32
      31
      28
      32
      28
      20
      24
      21
      28
      30
      19
      18
      28
      23
      23
      28
      27
      28
      22
      25
      24
      15
      30
      31
      35
      23
      32
      18
      25
      33
      33
      25
      17
      31
      18
      32
      25
      38
      25
      36
      37
      27
      27
      21
      26
      27
      29
      24
      27
      24
      20
      21
      22
      30
      29
      29
      18
      27
      26
      21
      31
      24
      31
      33
      23
      29
      18
      25
      38
      25
      30
      33
      31
      39
      35
      29
      20
      29
      27
      21
      27
      31
      24
      11
      17
      24
      23
      24
      29
      28
      29
      26
      18
      24
      22
      30
      14
      13
      17
      20
      23
      22
      23
      19
      26
      15
      24
      24
      54
      31
      27
      21
      20
      21
      24
      20
      24
      28
      24
      17
      21
      23
      25
      32
      21
      25
      20
      30
      14
      24
      30
      22
      29
      22
      32
      24
      25
      18
      21
      25
      23
      22
      23
      21
      27
      22
      20
      28
      26
      29
      27
      23
      16
      19
      27
      24
      24
      19
      27
      22
      20
      20
      14
      18
      20
      14
      15
      20
      19
      16
      19
      16
      20
      16
      14
      16
      17
      15
      13
      17
      17
      18
      11
      14
      17
      16
      12
      11
      17
      13
      17
      12
      15
      13
       6
      14
      17
      12
      14
      15
      18
      19
      10
      17
      14
       8
      17
      15
      12
      26
      21
      17
      12
      10
      10
      16
      13
      16
      10
      11
      12
       8
      17
      10
      11
      17
      12
       8
       8
       9
      12
      14
      16
       9
      11
      11
      13
      19
      22
      15
       8
      14
      15
      13
      12
       7
      13
      10
       7
      12
       7
      19
      13
      17
       7
      12
      13
      19
      10
      13
       9
       8
       4
      12
      10
       9
      12
      13
      18
      12
      12
      12
      10
      11
      16
       5
      11
      16
       9
      17
      11
      14
      10
       9
       8
      16
       8
      24
      15
      38
     149
     204
      51
      12
       9
      11
       5
       7
       5
       2
      10
       3
      10
       5
       6
       4
       7
       4
       4
       5
       4
       2
      12
      12
       9
       7
       6
       5
       8
      12
       6
       6
      12
      11
       7
       6
      11
       4
       7
       6
      12
       3
       6
       7
       3
       8
       5
       6
       3
      10
       8
       8
       7
      11
      13
       3
      11
       4
       7
       6
       5
       6
       6
       4
       7
       7
       9
       9
       9
       5
       5
       7
       7
       7
       9
       6
       3
       7
      10
       5
      11
       8
      18
      12
      18
      16
       2
       6
       3
       6
       6
       4
       4
       5
       6
       4
       7
       4
       3
       5
       8
       3
       6
       4
       5
       6
       7
       5
       1
       8
       3
       4
       2
       7
       6
       2
       5
       4
      11
       3
       6
       5
       2
       5
       7
       7
       7
       8
       4
       5
      10
       7
       3
       6
       3
       6
       8
       5
       9
       2
       8
       4
       6
       8
       5
       8
       6
      11
       6
       6
       6
       4
       3
       7
       8
      10
       8
       7
       9
       6
       4
       6
       3
       4
       3
       3
       4
       4
       8
       4
       4
       6
       8
       6
       5
       4
       6
       3
       4
       8
       5
       4
       6
       3
       4
       4
       6
       5
       6
       3
       6
       9
      11
      14
      16
       7
       9
       4
       7
       8
       9
       6
       5
       3
       6
       7
       3
       3
       7
       3
       0
       5
       3
       8
       7
       4
       1
       5
      11
       5
       3
       8
       0
       4
       3
       4
       5
       2
       7
       8
       4
       3
       2
       4
       6
       8
       4
       3
       0
       4
       7
       2
       3
       9
       7
       5
       5
       6
       5
       4
       3
       5
       1
       4
       6
       5
       4
       4
       4
       4
       6
       6
       3
       5
       7
       5
       4
       2
       6
       5
       6
       7
       2
       4
       5
       9
       3
       9
       3
       0
       7
       3
       7
       6
       6
       4
       6
       4
       9
       4
       2
       2
       2
       1
       4
       5
       6
       4
       5
       4
       6
       1
       7
       2
       1
       4
       3
       2
       1
       1
       2
       6
       2
       3
       5
       2
       3
       6
       5
       6
       7
       1
       2
       1
       4
       4
       3
       2
       4
       4
       2
       2
       5
       0
       4
       5
       8
       2
       6
       4
       5
       3
       4
       6
       3
       2
       3
       2
       2
       3
       1
       5
       7
       3
       4
       2
       4
      12
       2
       2
       4
       5
       5
       5
       2
       8
       9
       2
       3
       9
       3
       7
       2
       2
       0
       1
       5
       0
      10
       4
       2
       5
       1
       5
       5
       2
       3
       3
       4
       5
       2
       8
       1
       4
       3
       1
       0
       4
       4
       3
       5
       4
       6
       2
       1
       6
       3
       6
       5
       8
       7
       4
       2
       5
       2
       4
       2
       3
       3
       4
       5
       5
       4
       4
       1
       5
       4
       3
       4
       4
       2
       3
       3
       1
       6
       2
       3
       4
       4
       5
       2
       4
       2
       3
       2
       4
       2
       1
       7
       2
       2
       2
       3
       6
       4
       3
       5
       6
       5
       2
       3
       4
       2
       5
       4
       4
      11
       0
       5
       5
       4
       4
       5
      12
       3
       4
       7
       5
       5
       3
       1
       3
       3
       4
       3
       2
       3
       5
       2
       5
       4
       3
       4
       5
       4
       2
       3
       4
       3
       4
       1
       1
       5
       1
       1
       2
       6
       5
       3
       2
       4
       3
       3
       4
       5
       4
       2
       3
       3
       3
       4
       4
       7
       3
       5
       3
       3
       3
       4
       4
       4
       2
       0
       5
       3
       1
       6
       2
       7
       6
       5
       4
       1
       4
       2
       1
       6
       3
       4
       6
       3
       1
       5
       5
       5
       1
       3
       3
       2
       3
       3
       1
       4
       0
       1
       6
       3
       4
       4
       4
       0
       3
       3
       1
       5
       2
       6
       5
       3
       6
       1
       4
       5
       3
       3
       4
       1
       6
       1
       4
       3
       3
       3
       5
       2
       2
       7
       3
       4
       3
       5
       1
       1
       1
       2
       1
       1
       2
       3
       2
       1
       1
       2
       1
       2
       2
       2
       1
       1
       4
       4
       5
       0
       2
       2
       1
       6
       3
       3
       2
       2
       1
       2
       2
       4
       4
       5
       0
       3
       1
       2
       1
       0
       4
       1
       2
       2
       0
       2
       0
       3
       0
       2
       2
       1
       1
       3
       1
       2
       2
       4
       1
       0
       3
       1
       1
       1
       2
       1
       1
       2
       3
       2
       0
       1
       1
       1
       2
       2
       0
       1
       0
       0
       0
       4
       1
       1
       0
       0
       0
       4
       4
       3
       0
       2
       0
       1
       2
       3
       2
       1
       2
       0
       1
       1
       1
       3
       3
       6
       1
       0
       0
       2
       1
       1
       0
       1
       3
       2
       0
       1
       2
       3
       1
       2
       0
       1
       2
       2
       3
       8
      14
      22
      36
      18
       2
       1
       1
       2
       0
       1
       2
       0
       0
       2
       1
       0
       3
       0
       0
       2
       2
       0
       1
       1
       1
       1
       2
       0
       0
       3
       0
       3
       2
       0
       2
       0
       0
       1
       0
       1
       3
       1
       1
       1
       1
       1
       0
       3
       1
       3
       0
       0
       2
       1
       0
       1
       0
       0
       3
       0
       1
       1
       1
       0
       5
       0
       2
       1
       1
       1
       0
       1
       3
       1
       2
       3
       1
       0
       1
       0
       1
       0
       0
       2
       2
       1
       0
       0
       2
       0
       1
       3
       1
       1
       2
       0
       2
       0
       1
       0
       3
       0
       0
       0
       2
       1
       1
       2
       0
       0
       0
       0
       1
       1
       1
       1
       0
       0
       1
       0
       2
       1
       0
       0
       2
       1
       1
       1
       3
       1
       0
       1
       1
       0
       1
       0
       2
       1
       2
       1
       0
       0
       1
       1
       0
       2
       0
       2
       2
       1
       1
       2
       1
       1
       2
       1
       0
       0
       1
       1
       0
       0
       1
       1
       1
       0
       1
       1
       1
       0
       1
       0
       1
       2
       0
       0
       0
       2
       0
       1
       0
       1
       0
       1
       1
       1
       0
       0
       0
       0
       0
       1
       0
       0
       2
       3
       1
       2
       1
       0
       0
       0
       1
       1
       1
       0
       2
       4
       2
       0
       2
       1
       0
       1
       2
       1
       0
       0
       0
       1
       1
       1
       1
       2
       0
       0
       0
       1
       2
       1
       1
       0
       0
       0
       1
       3
       1
       1
       0
       0
       1
       0
       1
       0
       2
       0
       0
       0
       1
       1
       1
       3
       2
       1
       0
       0
       0
       1
       0
       0
       0
       0
       2
       1
       1
       0
       1
       0
       0
       0
       2
       0
       1
       0
       0
       1
       2
       0
       4
       0
       3
       0
       1
       1
       1
       0
       0
       1
       1
       0
       0
       0
       2
       1
       0
       0
       1
       1
       0
       0
       2
       0
       2
       0
       2
       1
       1
       0
       0
       1
       1
       2
       2
       0
       0
       0
       0
       1
       0
       0
       0
       0
       0
       0
       0
       1
       1
       0
       1
       0
       0
       0
       1
       2
       0
       0
       1
       0
       0
       3
       2
       0
       0
       0
       1
       1
       1
       0
       1
       1
       1
       0
       0
       0
       0
       0
       1
       0
       2
       0
       0
       0
       0
       0
       0
       0
       0
       0
       0
       0
       0
       0
       0
       0
       0
       0
       0
       0
       0
       0
       0
       0
       0
       0
       0
       0
       0
       0
       0
       0
       0
$ROI:
2
83 93
458 472
$PRESETS:
Live Time
36000
0
$ENER_FIT:
1.350994 1.567553
$MCA_CAL:
3
1.350994E+000 1.567553E+000 -3.276420E-006 keV
$SHAPE_CAL:
3
7.934601E-001 -6.232490E-005 1.014241E-007
