$SPEC_ID:
No sample description was entered.
$SPEC_REM:
DET# 2
DETDESC# ALPHA COUNTER
AP# Maestro Version 7.01
$DATE_MEA:
11/22/2017 11:18:18
$MEAS_TIM:
36000 36005
$DATA:
0 2047
       0
       0
       0
       0
       0
       0
       0
       0
       2
       1
       0
       0
       0
       0
       0
       0
       0
       0
       0
       0
       0
       0
       0
      26
     805
     809
     800
     725
     737
     740
     739
     715
     732
     773
     734
     697
     759
     697
     770
     802
     774
     732
     735
     741
     733
    1064
    1122
    1095
     739
     659
     692
     768
     776
     995
     735
     707
     675
     717
     789
     639
     580
     613
     623
     565
     637
     625
     648
     629
     646
     640
     622
     619
     604
     607
     618
     646
     625
     653
     622
     641
     658
     654
     625
     634
     620
     642
     575
     553
     639
     592
     737
     650
     577
     533
     542
     553
     586
     566
     556
     592
     566
     599
     572
     621
     544
     542
     548
     524
     505
     600
     550
     533
     553
     528
     564
     544
     620
    1422
     614
     520
     479
     540
     550
     584
     520
     559
     559
     575
     543
     586
     572
     476
     493
     502
     474
     465
     467
     429
     450
     490
     449
     444
     421
     453
     413
     439
     430
     418
     427
     426
     466
     488
     378
     373
     430
     433
     411
     407
     388
     369
     379
     346
     363
     381
     376
     349
     378
     344
     375
     422
     320
     345
     343
     360
     324
     333
     331
     335
     336
     330
     343
     359
     289
     362
     317
     318
     347
     333
     330
     339
     316
     339
     327
     328
     324
     305
     303
     283
     292
     316
     317
     303
     308
     268
     279
     315
     339
     303
     312
     297
     289
     294
     298
     306
     334
     320
     267
     260
     270
     274
     281
     268
     282
     316
     271
     239
     264
     240
     268
     219
     231
     250
     236
     231
     218
     224
     224
     245
     231
     241
     207
     225
     227
     212
     223
     225
     218
     234
     212
     230
     227
     213
     209
     216
     215
     243
     215
     204
     208
     232
     193
     230
     191
     194
     202
     200
     218
     209
     207
     199
     200
     184
     207
     200
     208
     240
     185
     193
     210
     189
     188
     164
     217
     198
     197
     210
     187
     194
     204
     194
     190
     214
     214
     189
     198
     201
     199
     218
     188
     219
     223
     198
     196
     170
     159
     202
     176
     177
     166
     200
     190
     197
     183
     180
     216
     203
     195
     221
     216
     172
     187
     227
     476
    1200
    1654
     784
     318
     195
     205
     187
     180
     153
     187
     189
     174
     189
     182
     167
     205
     175
     188
     187
     189
     172
     189
     163
     171
     173
     182
     178
     197
     193
     192
     168
     221
     178
     177
     195
     211
     181
     174
     203
     224
     164
     190
     213
     183
     197
     207
     235
     219
     185
     220
     220
     254
     215
     192
     208
     206
     206
     193
     188
     211
     216
     191
     244
     307
     231
     227
     207
     192
     205
     162
     200
     150
     153
     158
     157
     123
     146
     137
     140
     121
     155
     128
     137
     127
     138
     113
     124
     125
     126
     129
     128
     130
     103
     110
     127
     113
     124
     114
     106
     117
     122
     107
      78
      87
     110
      83
     106
     102
      82
     112
      83
      98
     103
      96
      80
      91
      91
      85
      70
      84
      79
      94
      89
      94
      81
      80
      88
      82
      89
      86
      81
      75
      74
      80
      87
      97
      99
      83
      71
      67
      78
      75
      81
      70
      63
      79
      68
      89
      63
      59
      72
      64
      67
      70
      67
      74
      70
      75
      81
      73
      56
      51
      68
      81
      78
      75
      67
      63
      52
      54
      65
      61
      62
      56
      72
      69
      48
      78
      63
      48
      73
      75
      66
      44
      64
      60
      64
      53
      56
     103
     752
    4600
    2404
      92
      37
      38
      51
      47
      46
      40
      43
      56
      37
      39
      41
      46
      50
      44
      47
      42
      39
      37
      37
      49
      38
      47
      45
      34
      41
      44
      36
      42
      39
      54
      40
      65
      47
      42
      32
      42
      43
      45
      51
      34
      26
      35
      32
      42
      37
      45
      41
      38
      38
      32
      33
      27
      35
      44
      57
      38
      30
      46
      35
      40
      47
      67
      47
      46
      36
      38
      31
      23
      36
      46
      23
      38
      36
      38
      45
      30
      37
      24
      34
      33
      44
      33
      36
      35
      33
      46
      35
      39
      40
      38
      36
      40
      26
      35
      30
      28
      35
      51
      45
      34
      29
      36
      37
      33
      31
      22
      19
      27
      35
      28
      32
      46
      33
      30
      38
      39
      25
      35
      29
      29
      37
      24
      36
      39
      29
      38
      36
      30
      31
      27
      32
      22
      27
      30
      31
      31
      27
      29
      47
      27
      23
      24
      34
      29
      26
      33
      29
      31
      41
      25
      29
      33
      27
      33
      21
      34
      33
      34
      33
      22
      28
      24
      29
      39
      40
      30
      26
      25
      30
      30
      25
      24
      23
      19
      35
      21
      28
      31
      22
      34
      30
      19
      25
      24
      26
      35
      24
      24
      27
      24
      32
      30
      28
      39
      38
      31
      39
      25
      27
      25
      28
      30
      25
      25
      32
      32
      17
      20
      28
      29
      19
      25
      28
      20
      27
      24
      26
      21
      18
      26
      29
      26
      32
      24
      29
      23
      30
      30
      26
      23
      36
      19
      27
      29
      29
      23
      25
      13
      39
      21
      29
      14
      25
      27
      30
      26
      24
      17
      23
      24
      28
      22
      15
      20
      28
      38
      30
      22
      20
      24
      21
      23
      16
      20
      16
      17
      21
      23
      23
      31
      25
      18
      19
      25
      17
      12
      18
      16
      16
      17
      19
      16
      15
      20
      27
      18
      17
      15
      12
       7
      24
      26
      13
      13
      25
      19
      15
      18
      16
      13
      16
      14
      16
      21
      14
      15
      14
      14
      14
      10
      21
      17
       8
      18
      14
      17
      15
      17
      18
      15
      21
      29
      46
      24
      18
      14
       9
      14
      42
      32
      23
      20
      10
      12
      13
      11
      14
       9
      16
      11
      11
      13
      16
      12
       9
      25
      20
      13
      13
       7
      10
      12
       8
      10
      14
      12
       9
      19
      16
      15
      14
      14
      15
      13
      15
       9
      10
      11
      12
       4
       9
      12
      16
      17
      14
      15
      12
      13
      13
      12
       8
      15
      13
      13
       8
       9
      19
      13
       8
       8
      18
       7
      13
      15
      17
       6
      10
      10
       8
      12
      12
      11
      13
      15
       9
      14
      19
      11
      24
     107
     207
     107
      21
       9
       6
       2
       8
       9
       5
       7
       9
       7
       6
      10
      11
       5
       3
       3
      13
       9
       5
       5
       7
       7
      10
       7
       8
       8
       9
      12
      10
       7
      11
       5
       5
       7
      13
       5
       4
       6
       8
       9
       7
       8
       4
       6
       5
       3
       3
       8
       8
       4
       3
       7
       3
       4
       5
       5
      10
       3
       8
       7
      11
       7
       2
       9
       4
       4
       7
       3
       2
       5
       8
       4
       7
       4
       8
      13
       5
       5
      12
       8
      18
      21
      16
      11
      10
       6
       5
       8
       7
       5
       8
       7
       6
       8
       4
       5
       6
       5
      10
      10
       9
       8
      12
      10
       6
       2
       3
       5
       4
       6
       6
       4
       5
       8
      12
       4
       3
       3
       3
       6
       4
       6
       4
       5
       6
       5
       8
       7
       7
       3
       4
       4
       7
      13
      21
       5
       3
       6
       5
       7
       7
      11
       3
       4
       5
       6
       3
       3
       4
       7
       7
       6
       1
       5
       5
       4
       4
       2
       2
       5
       5
       7
      10
       6
       8
       4
      10
       7
       7
       8
      12
       6
       2
       5
       5
       2
       3
       6
       4
       6
      11
       4
       3
       5
       8
       6
       6
       4
       5
       5
      19
      22
      10
       4
       3
       7
       6
       4
       3
       4
       6
       4
       2
       4
       3
       3
       2
       8
       6
       2
       6
       4
       3
       7
       4
       0
       5
       6
       4
       7
       3
       5
       3
       7
       4
       3
       3
       1
       6
       2
       7
       4
       3
       3
       8
       3
       5
       6
       6
       5
       2
       5
       6
       4
       7
       6
       7
       6
       4
       6
       2
       6
       5
       2
       8
       4
       3
       3
       5
       1
       6
       9
       5
       1
       3
       2
       6
       3
       4
       4
       4
       0
       2
       2
       3
       4
       3
       6
       6
       4
       3
       4
       4
       5
       5
       3
       7
       7
       7
       1
       1
       6
       4
       4
       5
       6
       2
       2
       0
       4
       2
      10
       7
       3
       2
       2
       2
       2
       4
       3
       2
       4
       7
       4
       3
       3
       1
       1
       2
       5
       1
       6
       5
       7
       2
       5
       2
       3
       3
       3
       3
       2
       5
       5
       5
       3
       3
       2
       5
       2
       1
       4
       5
       1
       1
       5
       8
       2
       4
       9
      10
       3
       5
       5
       4
       0
       7
       4
       3
       3
       3
       4
       3
       0
       2
       3
       2
       3
       1
       4
       2
       1
       6
       7
       3
       1
       3
       1
       4
       2
       2
       4
       2
       1
       1
       3
       2
       2
       4
       3
       4
       5
       3
       3
       3
       1
       6
       2
       4
       5
       0
       4
       2
       4
       4
       4
       8
       5
       4
       4
       0
       3
       4
       3
       4
       4
       2
       3
       2
       3
       4
       4
       3
       2
       3
       4
       1
       7
       3
       7
       4
       6
       2
       3
       4
       7
       4
       4
       3
       2
       3
       3
       5
       7
       4
       0
       8
       2
       3
       2
       6
       6
       3
       4
       7
       3
       6
       2
       3
       1
       3
       2
       4
       6
       5
       7
       4
       6
       5
       8
       6
       6
       2
       2
       2
       3
       1
       2
       5
       1
       4
       1
       3
       5
       2
       2
       3
       2
       5
       2
       4
       3
       1
       1
       3
       1
       5
       0
       4
       1
       3
       0
       4
       1
       2
       8
       3
       5
       3
       1
       3
       5
       4
       2
       0
       6
       5
       4
       6
       1
       3
       4
       4
       7
       8
       5
       2
       1
      11
       4
       4
       1
       2
       3
       0
       3
       1
       2
       1
       6
       2
       2
       3
       1
       2
       4
       2
       3
       3
       0
       3
       3
       1
       3
       2
       4
       2
       4
       2
       2
       4
       2
       6
       4
       9
       0
       2
       7
       2
       5
       4
       2
       1
       2
       6
       7
       4
       3
       2
       1
       3
       2
       3
       7
       5
       2
       3
       3
       3
       2
       2
       3
       3
       4
       6
       1
       1
       1
       0
       5
       2
       4
       1
       1
       2
       1
       3
       3
       2
       2
       4
       1
       0
       2
       1
       1
       3
       2
       0
       1
       3
       2
       2
       4
       4
       3
       2
       1
       1
       3
       0
       1
       2
       3
       3
       2
       1
       1
       1
       1
       1
       0
       2
       6
       0
       0
       2
       3
       4
       2
       2
       1
       1
       2
       2
       1
       1
       2
       3
       3
       2
       0
       3
       2
       3
       0
       1
       2
       1
       1
       2
       4
       0
       2
       0
       3
       1
       1
       0
       0
       2
       1
       2
       1
       0
       0
       3
       3
       2
       2
       0
       1
       0
       1
       2
       2
       0
       0
       0
       0
       1
       1
       0
       1
       3
       1
       3
       0
       3
       5
       1
       0
       2
       2
       1
       1
       0
       4
       1
       0
       2
       2
       1
       1
       1
       4
       3
       6
      10
      26
      24
      27
       4
       2
       0
       0
       0
       1
       1
       1
       1
       1
       0
       0
       2
       1
       1
       0
       0
       2
       2
       1
       2
       1
       2
       0
       1
       1
       1
       1
       0
       2
       1
       0
       2
       2
       1
       3
       1
       2
       0
       1
       1
       1
       1
       1
       0
       0
       3
       1
       1
       0
       2
       1
       2
       0
       1
       1
       1
       1
       0
       1
       0
       1
       0
       0
       0
       0
       1
       1
       2
       0
       0
       0
       0
       2
       1
       0
       1
       0
       2
       1
       1
       0
       1
       1
       1
       0
       0
       0
       1
       1
       0
       0
       0
       2
       0
       2
       0
       1
       2
       1
       3
       1
       0
       0
       0
       0
       0
       0
       2
       1
       0
       0
       0
       0
       0
       0
       0
       0
       1
       1
       1
       2
       0
       0
       0
       0
       0
       1
       0
       0
       3
       0
       0
       2
       4
       0
       0
       0
       0
       0
       1
       2
       0
       1
       2
       1
       3
       1
       0
       1
       0
       0
       1
       1
       0
       1
       0
       0
       1
       2
       0
       1
       0
       3
       1
       1
       1
       1
       0
       1
       2
       0
       2
       1
       0
       1
       0
       1
       1
       2
       0
       1
       1
       0
       1
       1
       1
       0
       0
       2
       1
       0
       1
       1
       1
       1
       0
       2
       0
       0
       0
       0
       1
       1
       1
       1
       1
       0
       2
       1
       3
       3
       3
       2
       0
       1
       1
       0
       0
       1
       1
       2
       0
       0
       0
       2
       0
       0
       0
       1
       1
       2
       2
       0
       3
       0
       1
       1
       0
       0
       2
       1
       0
       0
       0
       1
       0
       1
       2
       2
       0
       0
       0
       0
       0
       1
       1
       2
       1
       4
       0
       0
       1
       0
       2
       1
       0
       0
       1
       0
       1
       0
       0
       3
       1
       1
       2
       1
       1
       0
       0
       3
       0
       2
       2
       4
       0
       0
       3
       1
       2
       1
       0
       0
       1
       3
       1
       0
       1
       0
       1
       0
       0
       2
       2
       1
       0
       0
       1
       1
       0
       0
       3
       1
       0
       2
       0
       1
       2
       0
       1
       0
       1
       0
       1
       1
       0
       1
       1
       1
       0
       1
       1
       1
       0
       1
       0
       0
       0
       2
       2
       2
       2
       0
       0
       2
       0
       1
       1
       1
       1
       0
       1
       1
       1
       0
       0
       0
       0
       0
       0
       0
       0
       0
       0
       0
       0
       0
       0
       0
       0
       0
       0
       0
       0
       0
       0
       0
       0
       0
       0
       0
       0
       0
       0
       0
       0
$ROI:
2
83 93
458 472
$PRESETS:
Live Time
36000
0
$ENER_FIT:
1.350994 1.567553
$MCA_CAL:
3
1.350994E+000 1.567553E+000 -3.276420E-006 keV
$SHAPE_CAL:
3
7.934601E-001 -6.232490E-005 1.014241E-007
