$SPEC_ID:
No sample description was entered.
$SPEC_REM:
DET# 2
DETDESC# ALPHA COUNTER
AP# Maestro Version 7.01
$DATE_MEA:
11/28/2017 09:56:33
$MEAS_TIM:
36000 36003
$DATA:
0 2047
       0
       0
       0
       0
       0
       0
       0
       1
       2
       1
       0
       0
       0
       0
       0
       0
       0
       0
       0
       0
       0
       0
       0
      27
     517
     530
     533
     512
     559
     513
     494
     468
     469
     541
     506
     489
     539
     517
     511
     545
     522
     514
     545
     586
     553
     833
     912
     845
     507
     507
     456
     500
     581
     781
     564
     563
     479
     472
     579
     460
     458
     462
     428
     425
     416
     448
     437
     411
     465
     492
     413
     432
     415
     425
     442
     455
     468
     427
     451
     444
     435
     411
     434
     412
     399
     398
     382
     436
     411
     403
     590
     461
     414
     376
     404
     366
     369
     368
     385
     406
     355
     365
     396
     422
     354
     385
     347
     349
     376
     322
     330
     365
     291
     319
     357
     336
     411
    1227
     361
     339
     333
     287
     336
     296
     285
     275
     288
     312
     248
     301
     340
     279
     263
     240
     272
     236
     256
     259
     264
     265
     259
     254
     255
     264
     234
     230
     228
     224
     223
     232
     267
     307
     250
     238
     206
     209
     224
     207
     238
     210
     192
     215
     200
     216
     197
     214
     193
     182
     197
     218
     176
     172
     185
     177
     165
     191
     182
     196
     151
     174
     188
     170
     177
     149
     158
     147
     164
     159
     170
     159
     163
     132
     139
     158
     149
     162
     163
     147
     151
     138
     143
     148
     143
     135
     143
     152
     142
     144
     137
     131
     138
     145
     107
     124
     164
     137
     150
     139
     116
     128
     127
     133
     145
     142
     133
      93
     116
     121
     116
     135
     123
     108
     115
     114
     124
     118
     123
     110
     113
      93
     125
     123
     100
      94
     113
     111
      92
     115
     115
     127
      88
     104
     112
      93
      92
     102
     111
     103
      77
     119
     104
      91
      92
     102
      93
     116
      95
     103
     116
     110
      93
     103
      98
      87
      95
     109
      74
      97
     103
     102
      89
     113
      76
      76
      77
     101
      79
      78
      88
      84
      85
      73
      81
      79
     104
      68
      80
      86
      69
      93
      88
      84
      72
      74
      87
      84
      79
      84
      85
      58
      86
      78
      76
      90
      76
      68
      63
      73
      56
      56
      50
      76
      97
     175
     216
     120
      75
      63
      64
      66
      65
      78
      62
      71
      71
      70
      63
      58
      55
      62
      78
      70
      77
      81
      62
      81
      60
      58
      70
      58
      65
      62
      77
      62
      64
      56
      64
      72
      72
      62
      52
      65
      61
      68
      58
      69
      48
      75
      52
      92
     103
      56
      50
      52
      62
      70
      53
      49
      59
      63
      60
      59
      61
      70
      67
      47
     114
      66
      55
      65
      61
      56
      50
      55
      53
      51
      57
      51
      40
      53
      45
      50
      55
      51
      51
      48
      52
      38
      43
      40
      48
      51
      44
      56
      51
      61
      43
      56
      54
      47
      56
      53
      54
      56
      45
      39
      57
      38
      44
      54
      42
      43
      48
      52
      47
      45
      51
      51
      47
      42
      47
      46
      38
      38
      47
      51
      43
      45
      43
      37
      54
      46
      42
      42
      47
      47
      34
      38
      57
      46
      46
      47
      53
      34
      39
      38
      33
      44
      45
      55
      54
      42
      42
      52
      38
      48
      44
      45
      51
      34
      38
      39
      38
      38
      52
      48
      41
      40
      44
      49
      39
      44
      39
      34
      21
      31
      36
      51
      40
      36
      34
      35
      40
      36
      36
      37
      33
      40
      39
      35
      50
      36
      37
      57
     153
     101
      41
      47
      39
      34
      49
      43
      42
      39
      27
      34
      35
      39
      38
      37
      35
      34
      35
      35
      24
      30
      34
      41
      48
      27
      38
      41
      41
      36
      34
      48
      43
      31
      26
      36
      32
      31
      34
      29
      26
      42
      34
      37
      29
      34
      37
      33
      35
      30
      31
      33
      28
      27
      32
      35
      38
      36
      34
      32
      33
      33
      34
      40
      73
      36
      31
      39
      26
      31
      40
      37
      30
      26
      24
      23
      31
      23
      34
      31
      16
      31
      23
      25
      26
      30
      33
      37
      38
      42
      32
      29
      35
      31
      39
      25
      31
      24
      38
      29
      44
      49
      30
      26
      23
      25
      33
      28
      28
      34
      27
      30
      24
      30
      27
      27
      31
      25
      24
      32
      26
      23
      25
      37
      22
      32
      31
      20
      29
      35
      26
      32
      34
      28
      31
      22
      17
      34
      28
      31
      30
      39
      27
      32
      18
      26
      33
      34
      25
      32
      23
      30
      36
      32
      27
      20
      24
      23
      23
      27
      13
      22
      37
      26
      17
      25
      23
      21
      30
      20
      16
      30
      30
      26
      31
      28
      20
      16
      18
      24
      29
      18
      24
      30
      15
      28
      28
      27
      31
      28
      16
      20
      24
      26
      23
      28
      36
      46
      25
      27
      17
      24
      22
      19
      20
      21
      14
      16
      27
      16
      12
      28
      27
      34
      22
      24
      13
      18
      26
      34
      34
      24
      30
      25
      24
      19
      23
      26
      25
      14
      31
      32
      27
      24
      15
      22
      25
      18
      22
      18
      32
      22
      26
      34
      18
      21
      16
      13
      20
      27
      23
      21
      31
      20
      16
      23
      23
      25
      15
      18
      19
      21
      16
      23
      29
      20
      29
      16
      25
      22
      21
      21
      27
      31
      17
      20
      22
      21
      16
      13
      21
      14
      19
      13
      22
      16
      19
      14
      15
      11
      10
      18
      14
      14
      18
      17
      14
      13
      20
      15
      17
      13
      18
       9
      12
      20
      20
      13
      15
      18
      15
      16
      15
      27
      10
      20
      18
      12
      14
      20
      18
      10
      14
      14
      23
      12
      12
       9
      13
      13
      16
      25
      32
      17
       9
      14
      12
      10
       8
      16
      11
      10
      12
      12
       8
      10
      13
       8
       9
      10
      13
      13
      10
      15
      18
      16
       8
       6
      11
       9
      13
      13
      11
       7
       6
      10
       9
       7
      10
      15
      12
      13
      13
      12
      15
      14
       9
      12
      12
       8
      11
      14
      17
      12
      16
      15
       9
      13
       9
      11
       7
      10
      13
      18
      16
      10
       7
      11
       5
      16
      18
      10
      13
      10
      15
       9
       7
      16
      10
      10
      10
      35
     110
     194
      67
      18
       7
       8
      15
       7
       7
       4
       7
       9
       7
       5
       6
       3
       4
       8
       6
       8
       8
       9
       9
       8
      13
       3
       7
       9
       5
      11
       7
      11
      11
       6
       5
       9
       7
       4
       6
       6
       7
       5
       8
       9
       8
       6
       4
       6
      11
       9
       8
      13
       4
       7
       7
       4
       6
       6
       3
       6
      10
      10
       7
       5
       6
       9
       8
       3
       7
       3
       7
       4
       5
       6
       7
      11
       5
       5
       9
      10
       4
      20
       8
      13
      18
      16
       6
       6
       8
       6
       6
       6
       3
       4
       2
       8
       6
       9
       6
      10
       6
       3
       4
       8
       9
       4
       7
       5
       6
       7
       2
       5
       7
       3
       9
       5
       6
       6
       6
       5
       7
       9
       3
       3
       1
       5
       7
       8
       4
       9
       5
       4
       4
       5
       6
       5
       2
       7
       5
       8
       8
       6
       6
      10
       4
       3
       6
       9
       5
       8
       5
       3
       0
       4
       5
       2
       7
       4
       5
       8
       4
       1
       2
       5
       2
      10
       3
       4
      11
       6
       8
       7
       7
       7
       7
       5
       3
       3
       5
       5
       2
       2
       4
       5
       2
       0
       3
       1
       5
       4
       6
       8
       5
      19
      25
       7
       4
       4
       2
       3
       6
       8
       4
       9
       5
       4
       4
       4
       1
       4
       6
       9
       3
       5
       3
       6
       4
       2
       5
       4
       6
       4
       6
       5
       3
       2
       2
       2
       6
       7
       5
       4
       4
       6
       2
       6
       4
       7
       4
       8
       5
       3
       2
       3
       4
       8
       3
       8
       5
       6
       3
      10
       2
       3
       8
       6
       0
       6
       2
       6
       4
       3
       2
       1
       4
       5
       1
       4
       2
       6
       3
       5
       2
       7
       8
       2
       5
       8
       2
       5
       0
       1
       3
       1
       2
       3
       3
       5
       7
       1
       4
       3
       4
       5
       3
       5
       4
       5
       5
       2
       5
       4
       4
       6
       3
       7
       6
       4
       4
       6
       6
       5
       5
       4
       5
       4
       3
       2
       4
       4
       3
       6
       2
       5
       3
       2
       2
       2
       5
       3
       4
       4
       5
       3
       2
       5
       2
       0
       4
       3
       6
       3
       5
       3
       2
       4
       6
       3
       6
       4
       3
       3
       2
       5
       4
       4
       3
       2
       2
       1
       4
       1
       4
       3
       2
       6
       5
       2
       5
       7
       1
       2
       3
       5
       8
       3
       1
       5
       1
       5
       4
       3
       0
       3
       3
       3
       2
       7
       6
       6
       1
       7
       6
       2
       2
       4
       1
       8
       2
       6
       4
       3
       3
       4
       2
       3
      10
       8
      13
      10
       4
       5
       4
       0
       4
       3
       5
       3
       5
       6
       4
       4
       6
       2
       4
       2
       6
       7
       0
       4
       0
       5
       2
       3
       4
       3
       6
       4
       1
       4
       4
       5
       1
       3
       2
       2
       3
       5
       3
       3
       4
       1
       0
       5
       5
       7
       5
       4
       4
       4
       3
       3
       6
       3
       4
       1
       2
       4
       3
       3
       7
       9
       5
       6
       9
       6
       2
       2
       0
       3
       8
       2
       8
       4
       6
       3
       0
       3
       2
       3
       3
       5
       2
       6
       6
       1
       5
       5
       6
       2
       4
       2
       2
       3
       1
       4
       0
       3
       2
       1
       7
       2
       7
       2
       3
       2
       0
       3
       1
       2
       3
       3
       3
       2
       2
       7
       3
       1
       3
       3
       2
       2
       2
       2
       2
       4
       0
       2
       1
       6
       0
       3
       3
       1
       2
       6
       1
       2
       2
       1
       1
       2
       6
       1
       0
       6
       4
       2
       3
       4
       5
       2
       3
       1
       4
       2
       5
       7
       3
       2
       3
       3
       2
       7
       1
       4
       4
       2
       3
       6
       5
       0
       2
       1
       4
       5
       2
       2
       2
       3
       3
       5
       3
       2
       1
       2
       3
       4
       3
       5
       2
       4
       2
       1
       3
       2
       2
       3
       0
       0
       2
       4
       2
       5
       3
       2
       0
       1
       0
       3
       3
       1
       2
       5
       0
       2
       4
       4
       3
       0
       2
       4
       6
       1
       0
       1
       0
       1
       3
       2
       3
       1
       0
       1
       4
       3
       2
       2
       1
       2
       0
       3
       1
       0
       4
       3
       1
       2
       0
       1
       2
       0
       1
       1
       2
       2
       1
       4
       1
       1
       3
       1
       1
       1
       2
       2
       1
       1
       2
       0
       1
       0
       2
       2
       1
       2
       1
       0
       0
       1
       1
       0
       1
       1
       1
       0
       0
       0
       0
       1
       2
       1
       0
       0
       1
       1
       2
       0
       0
       1
       2
       1
       0
       2
       0
       1
       1
       0
       0
       4
       2
       0
       1
       1
       1
       4
       3
       2
       1
       3
       9
      16
      25
      25
      25
       9
       1
       3
       1
       2
       0
       2
       1
       0
       2
       1
       1
       1
       0
       1
       1
       0
       2
       1
       1
       2
       1
       1
       1
       2
       3
       1
       1
       4
       0
       3
       0
       1
       1
       0
       0
       0
       0
       0
       1
       0
       0
       2
       0
       1
       1
       0
       0
       0
       1
       0
       3
       2
       1
       1
       0
       1
       3
       0
       2
       1
       1
       0
       0
       0
       3
       0
       3
       1
       0
       1
       0
       1
       0
       2
       0
       0
       0
       3
       3
       0
       0
       0
       2
       0
       0
       0
       1
       2
       0
       0
       0
       0
       1
       0
       2
       0
       0
       2
       1
       0
       0
       3
       1
       2
       0
       1
       0
       0
       0
       2
       1
       2
       1
       2
       0
       3
       3
       1
       0
       0
       1
       1
       1
       2
       1
       0
       0
       2
       0
       0
       0
       0
       0
       2
       0
       0
       0
       2
       1
       4
       2
       0
       0
       0
       1
       3
       1
       0
       0
       1
       3
       1
       0
       2
       0
       2
       0
       0
       3
       0
       2
       0
       1
       0
       1
       0
       2
       1
       2
       1
       2
       1
       1
       0
       1
       1
       2
       0
       0
       1
       1
       1
       0
       1
       1
       2
       0
       0
       0
       1
       0
       1
       0
       1
       0
       1
       2
       1
       1
       0
       0
       0
       2
       0
       0
       0
       2
       2
       1
       1
       1
       2
       0
       0
       0
       0
       0
       0
       0
       0
       0
       1
       3
       0
       0
       0
       0
       0
       1
       1
       0
       0
       0
       0
       3
       1
       0
       0
       2
       1
       0
       0
       0
       3
       0
       2
       0
       1
       1
       0
       0
       1
       0
       0
       1
       3
       1
       1
       0
       0
       0
       0
       1
       1
       1
       0
       4
       1
       0
       0
       2
       0
       1
       1
       0
       0
       1
       0
       0
       3
       1
       2
       0
       0
       0
       0
       0
       1
       1
       4
       0
       1
       1
       1
       0
       0
       0
       1
       1
       0
       2
       1
       1
       0
       1
       1
       1
       0
       0
       4
       2
       0
       1
       1
       0
       3
       0
       1
       1
       0
       0
       0
       0
       0
       0
       1
       0
       0
       1
       0
       2
       1
       1
       1
       0
       0
       0
       0
       2
       1
       0
       1
       2
       3
       0
       0
       1
       1
       1
       1
       1
       1
       0
       0
       0
       0
       0
       0
       0
       0
       0
       0
       0
       0
       0
       0
       0
       0
       0
       0
       0
       0
       0
       0
       0
       0
       0
       0
       0
       0
       0
       0
       0
       0
       0
       0
$ROI:
2
83 93
458 472
$PRESETS:
Live Time
36000
0
$ENER_FIT:
1.350994 1.567553
$MCA_CAL:
3
1.350994E+000 1.567553E+000 -3.276420E-006 keV
$SHAPE_CAL:
3
7.934601E-001 -6.232490E-005 1.014241E-007
