$SPEC_ID:
No sample description was entered.
$SPEC_REM:
DET# 2
DETDESC# ALPHA COUNTER
AP# Maestro Version 7.01
$DATE_MEA:
04/05/2018 20:47:09
$MEAS_TIM:
300 300
$DATA:
0 2047
       0
       0
       0
       0
       0
       0
       0
       0
       0
       0
       0
       0
       0
       0
       0
       0
       0
       0
       0
       0
       0
       0
       0
       2
      38
      41
      42
      38
      33
      31
      36
      39
      35
      39
      36
      34
      29
      28
      28
      39
      34
      34
      33
      32
      20
      37
      27
      32
      24
      26
      36
      35
      27
      26
      22
      31
      35
      30
      26
      22
      23
      26
      20
      25
      31
      32
      25
      28
      30
      27
      36
      30
      25
      22
      26
      26
      18
      21
      22
      22
      18
      28
      25
      32
      31
      30
      26
      23
      29
      35
      29
      47
      35
      47
      82
      26
      21
      31
      17
      24
      30
      22
      18
      17
      23
      28
      44
      42
      22
      24
      36
      31
      28
      25
      21
      20
      25
      36
      22
      27
      22
      27
      22
      22
      21
      26
      22
      23
      22
      25
      18
      19
      18
      20
      26
      26
      18
      22
      27
      25
      19
      24
      24
      25
      29
      27
      36
      25
      22
      25
      21
      20
      19
      24
      23
      21
      24
      22
      24
      24
      26
      26
      23
      31
      19
      22
      23
      23
      24
      31
      22
      39
      25
      33
      91
      63
      15
      27
      16
      20
      45
      29
      21
      40
      35
      37
      39
      39
      38
      37
      28
      37
      35
      39
      48
      38
      42
      27
      31
      34
      29
      43
      37
      44
      40
      26
      36
      43
      32
      26
      31
      32
      31
      32
      34
      36
      31
      32
      28
      24
      31
      29
      28
      44
      33
      25
      32
      32
      33
      35
      36
      32
      30
      28
      37
      22
      38
      41
      36
      30
      29
      25
      32
      26
      26
      22
      18
      24
      27
      11
      21
      25
      21
      25
      23
      26
      17
      28
      26
      14
      22
      17
      27
      24
      18
      16
       9
      13
      23
      22
      15
      19
      14
      18
      27
      15
      15
      25
      20
      14
      13
      11
      12
      15
      27
      10
      16
      12
      18
      14
      13
      15
      19
      12
      17
      21
      11
      16
      13
      11
      22
      17
      15
      14
      26
      11
      14
      16
      12
      15
      15
      12
       6
      14
      14
       9
       9
      13
      11
      14
      11
       7
      13
       7
      13
      15
      17
       8
      11
      14
       9
      14
      10
      12
       9
       9
      11
      10
      15
      10
       7
      17
      13
       8
       7
       4
       5
       9
      11
      14
      13
      12
       5
      10
       8
      12
       9
      13
      11
       7
       8
      10
      12
       7
       5
       9
       6
       8
      11
       5
       6
      10
       9
       5
      11
      12
       4
       9
      11
      13
       8
       8
      14
      17
       9
      10
      15
       7
       3
       6
       7
      11
       8
       8
      15
       8
       5
      10
       6
       7
       8
       8
      12
      12
      14
       9
       7
       9
       8
       8
       5
      12
      10
       9
      11
      14
       8
       9
       8
       3
      18
      14
      15
      63
     586
    1180
     232
       9
       3
       6
       0
       5
       2
       8
       2
       5
       6
       2
       4
       5
       4
       3
       3
       3
       3
       1
       5
       5
       6
      10
       4
       3
       2
       5
       3
       7
       5
       4
       4
       1
       5
       5
       3
       2
       7
       2
       7
       4
       4
       2
       5
       4
       2
       2
       3
       4
       5
       5
       3
       3
       1
       4
       5
       3
       3
       3
       4
       2
       5
       6
       5
       3
       3
      10
      32
      64
      20
       2
       5
       3
       2
       5
       4
       5
       2
       3
       1
       1
       3
       0
       3
       6
       3
       3
       2
       3
       4
       5
       2
       6
       4
       2
       1
       4
       4
      14
      72
     115
      38
       1
       6
       5
       3
       1
       5
       2
       3
       0
       4
       4
       1
       1
       2
       2
       3
       5
       7
       0
       0
       2
       3
       1
       3
       4
       4
       3
       4
       5
       3
       2
       0
       2
       2
       5
       4
       2
       4
       1
       2
       0
       2
       4
       1
       2
       3
       0
       2
       1
       1
       5
       3
       2
       5
       0
       7
       7
       7
       4
       5
       3
       2
       2
       3
       3
       1
       1
       3
       4
       2
       0
       3
       2
       2
       3
       5
       5
       0
       3
       1
       6
       4
       3
       1
       2
       5
       1
       4
       5
       3
       2
       0
       1
       3
       3
       4
       2
       4
       5
       6
       5
       1
       2
       3
       2
       3
       0
       2
       1
       2
       3
       3
       1
       2
       6
       3
       0
       5
       3
       1
       4
       4
       4
       1
       3
       5
       3
       3
       2
       8
       5
       6
       2
       3
       1
       6
       0
       4
       5
       1
       1
       2
       2
       5
       3
       2
       4
       4
       5
       3
       1
       3
       4
       4
       2
       6
       1
       3
       0
       2
       1
       0
       3
       6
       4
       0
       3
       3
       2
       2
       2
       2
       1
       4
       2
       3
       4
       2
       2
       3
       3
       4
       3
       2
       3
       4
       2
       3
       2
       1
       1
       1
       4
       5
       7
       3
       3
       1
       5
       5
       0
       7
       2
       2
       4
       5
       2
       1
       4
       1
       3
       4
       5
       4
       2
       4
       2
       3
       2
       3
       3
       2
       5
       1
       2
       3
       4
       1
       3
       5
       3
       0
       6
       3
       1
       0
       2
       2
       3
       3
       1
       5
       3
       3
       6
       1
       4
       2
       4
       3
       4
       2
       3
       1
       6
       6
       6
       2
       2
       1
       2
       4
       1
       1
       1
       2
       4
       1
       1
       6
       3
       3
       2
       2
       5
       6
       3
       1
       2
       2
       2
       0
       5
       6
       2
       3
       2
       2
       3
       1
       3
       1
       4
       3
       3
       2
       4
       1
       2
       2
       2
       2
       6
       3
       5
       7
       4
       2
       1
       4
       4
       2
       0
       3
       1
       4
       0
       1
       2
       0
       3
       0
       3
       7
       1
       2
       2
       1
       3
       5
       2
       2
       1
       6
       2
       2
       3
       1
       3
       1
       1
       0
       4
       6
       1
       3
       1
       2
       2
       2
       3
       5
       3
       1
       2
       3
       2
       3
       4
       3
       2
       0
       2
       6
       1
       4
       2
       0
       6
       4
       0
       7
       3
       1
       2
       1
       2
       5
       5
       4
       1
       5
       4
       3
       2
       2
       5
       8
       2
       3
       4
       3
       1
       4
       2
       0
       0
       1
       1
       2
       2
       1
       0
       1
       0
       3
       0
       7
       2
       2
       1
       4
       0
       0
       3
       4
       2
       3
       3
       3
       3
       4
       3
       2
       3
       3
       2
       0
       0
       2
       4
       4
       2
       4
       4
       5
       5
       5
       5
       3
       2
       3
       0
       3
       3
       5
       2
       2
       5
       0
       2
       3
       1
       5
       8
       3
       2
       3
       1
       4
       3
       0
       4
       3
       2
       3
       0
       2
       2
       3
       5
       2
       1
       1
       2
       2
       2
       3
       6
       6
       2
       0
       2
       3
       3
       4
       0
       3
       1
       3
       2
       1
       2
       5
       3
       8
       3
       2
       5
       2
       1
       2
       3
       1
       2
      13
      31
      14
       3
       2
       3
       2
       2
       0
       3
       2
       3
       2
       3
       1
       1
       0
       4
       2
       3
       2
       5
       8
       7
       5
       3
       3
       5
       3
       2
       1
       1
       0
       5
       4
       3
       5
       3
       3
       2
       3
       1
       1
       6
       2
       2
       3
       2
       1
       6
       2
       1
       2
       4
       4
       2
       3
       4
       5
       5
       2
       2
       1
       2
       4
       3
       1
       2
       1
       4
       2
       4
       4
       1
       3
       6
       6
       3
       1
       5
       2
       2
       2
       4
       2
       0
       7
       2
       4
       3
       3
       1
       2
       2
       2
       2
       1
       1
       5
       1
       2
       3
       5
       4
       2
       1
       4
       4
       2
       1
       4
       1
       5
       4
       4
       1
       0
       2
       0
       3
       2
       4
       1
       2
       1
       0
       3
       3
       0
       0
       0
       4
       0
       2
       2
       2
       1
       2
       5
       1
       1
       2
       2
       2
       0
       2
       0
       2
       1
       0
       5
       3
       4
       3
       0
       3
       3
       1
       0
       3
       9
       0
       1
       2
       1
       5
       3
       4
       3
       2
       1
       2
       4
       4
       4
       5
       1
       1
       1
       3
       3
       2
       2
       3
       0
       2
       1
       1
       6
       1
       0
       2
       3
       1
       1
       2
       1
       2
       3
       1
       5
       2
       1
       3
       2
       0
       3
       0
       2
       2
       1
       1
       0
       0
       4
       6
       1
       0
       5
       3
       2
       1
       4
       3
       2
       4
       5
       1
       5
       0
       2
       2
       2
       0
       2
       1
       5
       1
       2
       3
       1
       3
       2
       4
       1
       3
       2
       2
       1
       1
       2
       2
       4
       0
       2
       1
       1
       5
       1
       3
       3
       6
       1
       1
       1
       4
       2
       0
       1
       5
       3
       3
       2
       1
       2
       2
       2
       2
       7
       0
       1
       4
       3
       2
       2
       4
       5
       4
       0
       5
       2
       1
       1
       5
       1
       3
       0
       0
       4
       1
       5
       1
       1
       6
       7
       4
       0
       7
       2
       2
       4
       4
       1
       3
       3
       2
       1
       6
       3
       5
       2
       4
       3
       3
       3
       2
       1
       1
       2
       8
       0
       3
       2
       1
       3
       3
       0
       0
       1
       4
       0
       2
       2
       2
       2
       3
       1
       4
       1
       3
       4
       8
      26
      44
      45
      26
       9
       2
       0
       1
       3
       1
       0
       3
       2
       1
       1
       0
       3
       0
       0
       2
       2
       1
       2
       1
       0
       2
       1
       2
       1
       2
       3
       2
       2
       2
       1
       4
       3
       1
       0
       1
       1
       2
       1
       1
       0
       2
       1
       2
       1
       1
       1
       0
       2
       3
       0
       2
       2
       2
       2
       2
       0
       2
       2
       1
       1
       1
       2
       1
       0
       0
       1
       2
       0
       1
       0
       0
       1
       1
       1
       1
       2
       1
       1
       0
       0
       0
       0
       0
       1
       0
       2
       2
       0
       2
       0
       1
       0
       1
       0
       0
       2
       0
       4
       0
       2
       2
       1
       0
       0
       1
       1
       0
       1
       0
       1
       1
       1
       0
       1
       0
       0
       1
       1
       1
       1
       1
       0
       1
       0
       0
       0
       0
       0
       0
       0
       0
       0
       0
       0
       0
       0
       0
       2
       0
       2
       0
       1
       0
       2
       2
       1
       1
       0
       0
       0
       0
       2
       1
       0
       0
       1
       1
       0
       1
       0
       3
       0
       1
       0
       1
       3
       0
       2
       0
       0
       1
       0
       0
       0
       2
       0
       1
       0
       0
       1
       0
       0
       0
       1
       0
       0
       1
       1
       1
       2
       0
       1
       0
       0
       1
       0
       0
       1
       0
       1
       0
       2
       0
       3
       0
       2
       1
       0
       1
       0
       2
       0
       1
       0
       0
       1
       1
       0
       0
       1
       2
       2
       1
       1
       0
       2
       1
       0
       0
       0
       1
       1
       1
       0
       2
       1
       1
       0
       1
       0
       1
       4
       4
      20
      35
      57
      49
      15
       3
       1
       0
       0
       0
       1
       0
       0
       0
       0
       1
       0
       0
       0
       0
       0
       0
       1
       0
       0
       0
       1
       2
       0
       1
       0
       0
       1
       0
       0
       0
       0
       0
       0
       1
       0
       0
       0
       0
       1
       1
       0
       0
       0
       0
       0
       0
       1
       0
       1
       0
       0
       0
       1
       0
       0
       0
       0
       0
       0
       0
       1
       0
       0
       0
       0
       0
       0
       2
       0
       0
       1
       0
       1
       0
       0
       1
       1
       0
       0
       1
       0
       2
       0
       0
       0
       0
       1
       0
       0
       0
       0
       0
       0
       0
       0
       1
       1
       0
       1
       0
       0
       0
       0
       0
       0
       0
       0
       0
       1
       0
       0
       4
       0
       0
       0
       0
       0
       0
       0
       1
       1
       2
       0
       0
       0
       0
       0
       1
       0
       0
       0
       0
       1
       1
       0
       0
       1
       1
       0
       0
       0
       0
       1
       0
       0
       2
       1
       1
       0
       0
       1
       0
       0
       0
       0
       0
       0
       1
       0
       2
       1
       0
       0
       0
       0
       0
       0
       0
       0
       0
       0
       0
       1
       0
       0
       0
       1
       0
       0
       0
       0
       0
       0
       1
       0
       0
       0
       0
       0
       0
       0
       0
       1
       0
       0
       0
       1
       0
       0
       1
       0
       0
       0
       0
       0
       0
       0
       0
       0
       1
       1
       0
       1
       0
       0
       0
       0
       0
       0
       0
       0
       0
       0
       0
       0
       0
       0
       0
       1
       0
       0
       0
       0
       0
       0
       0
       0
       0
       0
       0
       0
       0
       0
       0
       0
       0
       1
       0
       2
       0
       0
       0
       0
       0
       0
       0
       0
       0
       1
       0
       0
       0
       0
       1
       0
       0
       6
       7
       5
       0
       2
       0
       0
       0
       0
       0
       0
       0
       1
       0
       0
       0
       1
       0
       0
       0
       0
       0
       0
       1
       0
       1
       0
       0
       0
       0
       0
       0
       3
       1
       0
       0
       0
       0
       0
       0
       0
       1
       1
       0
       0
       0
       0
       1
       0
       0
       0
       0
       0
       0
       0
       0
       0
       0
       1
       0
       0
       0
       0
       0
       0
       0
       0
       0
       0
       0
       1
       0
       0
       0
       0
       0
       1
       0
       0
       0
       0
       0
       0
       0
       0
       0
       0
       0
       0
       0
       0
       0
       0
       0
       0
       0
       0
       1
       0
       0
       0
       0
       0
       0
       0
       0
       0
       1
       0
       1
       0
       0
       0
       0
       0
       0
       0
       0
       0
       0
       0
       0
       0
       0
       0
       0
       0
       0
       0
       0
       0
       0
       0
       0
       0
       0
       0
       0
       0
       0
       0
       0
$ROI:
0
$PRESETS:
None
0
0
$ENER_FIT:
-10.025118 0.801508
$MCA_CAL:
3
-1.002512E+001 8.015075E-001 0.000000E+000 keV
$SHAPE_CAL:
3
0.000000E+000 0.000000E+000 0.000000E+000
