$SPEC_ID:
No sample description was entered.
$SPEC_REM:
DET# 2
DETDESC# ALPHA COUNTER
AP# Maestro Version 7.01
$DATE_MEA:
04/05/2018 21:08:31
$MEAS_TIM:
400 400
$DATA:
0 2047
       0
       0
       0
       0
       0
       0
       0
       0
       0
       0
       0
       0
       0
       0
       0
       0
       0
       0
       0
       0
       0
       0
       0
       4
      23
      26
      17
      23
      25
      20
      27
      14
      14
      18
      22
      18
      15
      19
      21
      15
      23
      13
      24
      21
      21
      21
      21
      22
      19
      23
      25
      16
      22
      21
      16
      17
      15
      15
      15
      17
      15
      13
      18
      18
      11
      19
      14
      20
      20
      17
      21
      16
      16
      23
      17
      23
      17
      20
      12
      17
      22
      19
      16
      18
      14
      17
      20
      13
      26
      18
      21
      29
      25
      28
      49
      23
      22
      21
      19
      16
      15
      19
      17
      17
      12
      17
      24
      32
      22
      19
      30
      16
      23
      16
      13
      13
      13
      19
      17
       7
      12
      14
      10
      17
      15
      14
      13
      15
      19
      19
      14
      22
      26
      14
      20
      22
      14
      17
      14
      14
      17
      18
      12
      16
      16
      11
      13
      14
      10
       9
      15
      21
      16
      15
      14
      18
      11
      14
      18
      18
      15
      18
      11
      13
      19
      17
      19
      15
      17
      23
      24
      10
      18
      19
      43
      28
      20
      14
      18
      10
      18
      27
      19
      23
      26
      26
      26
      34
      27
      25
      25
      28
      28
      26
      27
      24
      21
      21
      17
      22
      22
      29
      18
      18
      15
      28
      21
      17
      13
      19
      20
      18
      20
      24
      27
      17
      27
      28
      21
      17
      25
      21
      25
      22
      22
      19
      18
      23
      21
      17
      21
      31
      26
      18
      25
      28
      19
      13
      17
      17
      22
      18
      22
      12
      10
      11
      10
      11
      14
      14
      17
       7
      13
      13
      11
      15
      14
      10
      12
      14
       6
      15
       8
       8
       6
      11
      14
      11
       9
       6
      12
       9
      10
       7
      10
       8
      16
       8
       5
      13
      11
      14
      10
      15
       8
      10
       4
      16
       7
      10
      13
      11
       5
       8
       7
       5
       4
      11
       6
      12
       5
      24
       9
       5
       8
      12
       8
       6
       8
       7
       4
      12
      11
       6
       8
       6
       8
       5
       6
      14
       8
       6
       7
       4
       8
       8
       3
       8
       9
       6
       6
       9
       9
       2
      10
       9
       4
       6
       7
       7
       3
       5
      10
       7
       6
       3
       8
       7
       4
       6
       8
       7
       9
       8
       5
       2
      10
      10
       7
       7
       5
       9
       6
       2
      11
       6
      10
       6
       5
      12
       7
       4
       3
       3
       4
       7
       1
       8
       5
       7
       5
       7
       2
       3
       4
       7
       3
       2
       7
       7
       5
       8
       1
       7
       9
       5
       9
       6
       4
       5
       4
       7
       3
       4
      10
       2
       6
       5
       7
       5
       8
       4
       4
      11
       8
       5
       8
       8
       8
       7
      10
       9
       7
      29
     355
     646
     105
       3
       2
       3
       4
       1
       1
       2
       3
       1
       6
       2
       2
       4
       3
       2
       1
       4
       3
       2
       3
       2
       1
       5
       4
       3
       3
       1
       2
       0
       1
       5
       2
       0
       4
       2
       3
       5
       2
       4
       4
       1
       1
       4
       2
       2
       4
       1
       4
       3
       7
       6
       4
       3
       0
       3
       3
       2
       3
       0
       3
       3
       3
       4
       1
       3
       5
       3
      25
      42
      15
       5
       3
       3
       4
       1
       1
       1
       0
       1
       4
       4
       6
       0
       2
       4
       2
       1
       2
       2
       4
       4
       2
       2
       3
       1
       0
       7
       2
       3
      41
      75
      17
       1
       5
       5
       3
       1
       1
       0
       1
       3
       1
       1
       1
       1
       0
       2
       1
       1
       5
       2
       2
       6
       2
       1
       5
       0
       2
       0
       3
       4
       1
       0
       3
       2
       4
       4
       1
       4
       2
       0
       2
       4
       1
       0
       0
       4
       4
       3
       7
       0
       3
       1
       4
       0
       3
       0
       2
       4
       1
       3
       3
       3
       1
       2
       1
       1
       2
       2
       2
       1
       0
       1
       1
       1
       1
       2
       4
       0
       1
       2
       3
       5
       1
       0
       2
       3
       2
       0
       2
       1
       2
       1
       2
       3
       2
       3
       0
       3
       0
       4
       1
       1
       2
       3
       0
       0
       2
       0
       5
       1
       2
       4
       0
       1
       3
       1
       2
       4
       2
       3
       1
       6
       1
       2
       4
       1
       0
       0
       1
       3
       1
       1
       1
       3
       1
       0
       0
       5
       5
       4
       2
       1
       2
       3
       2
       1
       3
       3
       0
       4
       2
       2
       2
       1
       0
       3
       2
       2
       1
       1
       1
       1
       4
       2
       6
       2
       2
       2
       3
       0
       3
       1
       2
       0
       0
       2
       2
       0
       1
       1
       3
       1
       0
       1
       1
       2
       3
       1
       2
       3
       1
       4
       4
       3
       0
       3
       3
       2
       1
       0
       2
       3
       1
       4
       1
       1
       1
       3
       3
       6
       2
       0
       4
       4
       2
       1
       4
       2
       0
       0
       1
       4
       1
       4
       1
       0
       1
       2
       2
       1
       1
       2
       3
       3
       4
       2
       2
       3
       3
       0
       4
       3
       4
       2
       2
       2
       1
       0
       1
       4
       0
       0
       3
       2
       1
       0
       3
       1
       2
       1
       2
       1
       2
       1
       1
       0
       0
       2
       2
       0
       5
       3
       1
       7
       0
       5
       0
       3
       3
       2
       2
       2
       0
       3
       1
       0
       2
       2
       2
       1
       3
       3
       0
       1
       0
       0
       2
       3
       1
       2
       1
       3
       2
       3
       0
       1
       2
       0
       5
       2
       3
       2
       1
       1
       1
       2
       1
       2
       1
       0
       2
       0
       1
       3
       1
       3
       2
       3
       1
       2
       3
       0
       1
       3
       0
       0
       0
       0
       0
       1
       2
       1
       2
       2
       1
       0
       0
       0
       0
       3
       2
       3
       2
       0
       1
       3
       3
       0
       2
       1
       1
       1
       2
       3
       0
       2
       1
       2
       3
       1
       0
       1
       0
       1
       1
       2
       4
       1
       2
       2
       0
       2
       0
       1
       1
       1
       2
       1
       0
       4
       0
       1
       3
       1
       0
       2
       0
       1
       0
       1
       3
       1
       1
       3
       1
       2
       2
       4
       2
       2
       0
       1
       0
       2
       1
       0
       1
       3
       1
       1
       0
       1
       2
       3
       1
       2
       0
       1
       2
       1
       1
       3
       4
       2
       2
       1
       3
       2
       3
       0
       1
       0
       3
       1
       1
       0
       1
       0
       2
       1
       0
       1
       1
       3
       1
       0
       2
       1
       1
       2
       2
       0
       2
       1
       3
       0
       0
       0
       1
       3
       2
       1
       2
       1
       2
       1
       1
       2
       5
       3
       3
       3
       3
       1
       1
       2
       1
       0
       0
       1
       3
       5
       0
       2
       1
       2
       1
       1
       2
       2
       3
       1
       1
       1
       3
       4
       7
      12
      14
       1
       2
       0
       1
       0
       1
       0
       2
       1
       4
       4
       1
       1
       1
       1
       2
       3
       1
       0
       3
       0
       2
       3
       0
       2
       1
       4
       0
       1
       1
       1
       1
       4
       1
       4
       3
       2
       1
       1
       4
       4
       1
       3
       1
       2
       2
       1
       2
       1
       4
       1
       1
       2
       3
       2
       3
       2
       2
       2
       1
       4
       0
       2
       5
       2
       2
       0
       3
       0
       1
       2
       3
       6
       2
       2
       4
       3
       2
       2
       3
       2
       1
       4
       0
       1
       1
       1
       2
       3
       1
       1
       1
       1
       1
       0
       0
       1
       2
       1
       0
       1
       3
       2
       2
       1
       2
       1
       0
       3
       2
       1
       3
       1
       2
       2
       2
       3
       0
       1
       3
       0
       1
       2
       1
       1
       0
       1
       1
       3
       1
       0
       1
       3
       2
       0
       1
       1
       1
       0
       0
       1
       4
       1
       2
       1
       0
       1
       5
       2
       1
       1
       3
       1
       1
       6
       2
       2
       1
       1
       1
       0
       0
       0
       1
       0
       6
       1
       0
       1
       1
       0
       0
       1
       1
       1
       2
       1
       0
       0
       3
       2
       0
       2
       0
       0
       2
       0
       3
       0
       0
       1
       2
       0
       4
       2
       1
       0
       0
       0
       1
       0
       0
       2
       3
       1
       0
       1
       0
       1
       1
       0
       1
       1
       1
       2
       1
       0
       0
       2
       5
       0
       2
       1
       4
       5
       0
       2
       0
       2
       1
       3
       3
       3
       5
       2
       3
       1
       0
       0
       0
       1
       0
       2
       1
       3
       0
       0
       0
       2
       0
       1
       1
       1
       0
       5
       1
       1
       0
       2
       4
       3
       0
       2
       2
       0
       4
       0
       0
       1
       0
       1
       2
       1
       1
       2
       2
       2
       2
       1
       1
       2
       1
       3
       1
       0
       2
       3
       3
       1
       3
       4
       0
       2
       0
       3
       1
       2
       2
       3
       1
       2
       1
       1
       1
       1
       3
       3
       0
       3
       2
       3
       2
       2
       1
       1
       3
       3
       3
       4
       1
       3
       2
       3
       3
       2
       1
       3
       1
       1
       1
       1
       2
       0
       3
       3
       1
       1
       0
       1
       1
       3
       1
       1
       1
       1
       1
       0
       2
       7
      10
      28
      27
      15
       8
       0
       1
       2
       1
       2
       4
       1
       0
       1
       3
       1
       1
       1
       0
       2
       2
       0
       0
       1
       1
       2
       0
       0
       2
       2
       0
       1
       1
       0
       0
       0
       2
       0
       0
       0
       0
       0
       2
       1
       1
       0
       2
       1
       1
       2
       1
       3
       0
       1
       1
       0
       3
       0
       0
       1
       2
       0
       1
       1
       1
       0
       1
       0
       2
       0
       1
       2
       0
       1
       2
       1
       0
       2
       3
       2
       0
       1
       0
       0
       2
       0
       0
       1
       3
       0
       1
       0
       0
       2
       0
       1
       1
       1
       1
       1
       0
       0
       1
       1
       1
       1
       0
       0
       0
       1
       1
       1
       0
       0
       2
       0
       1
       1
       0
       1
       1
       0
       0
       0
       1
       0
       2
       2
       0
       0
       0
       1
       0
       0
       0
       0
       0
       0
       0
       0
       2
       1
       0
       1
       1
       0
       2
       0
       1
       0
       0
       2
       0
       1
       1
       1
       0
       1
       1
       0
       1
       0
       2
       1
       0
       0
       1
       2
       0
       0
       1
       1
       1
       0
       1
       2
       0
       1
       0
       5
       1
       0
       1
       1
       0
       0
       0
       0
       1
       0
       1
       1
       1
       1
       1
       1
       2
       1
       0
       0
       1
       1
       1
       1
       1
       1
       0
       2
       3
       1
       0
       0
       0
       1
       1
       0
       1
       0
       0
       0
       1
       1
       0
       0
       0
       0
       0
       2
       1
       0
       1
       1
       0
       1
       1
       0
       2
       0
       2
       0
       1
       0
       2
       2
       2
       0
       2
       5
      10
      23
      35
      25
      10
       0
       0
       0
       0
       1
       0
       1
       0
       0
       0
       0
       0
       0
       0
       0
       0
       1
       0
       1
       0
       0
       0
       1
       0
       0
       1
       0
       1
       1
       0
       0
       0
       0
       0
       0
       0
       0
       1
       0
       1
       0
       0
       0
       0
       0
       0
       0
       1
       0
       1
       0
       0
       0
       0
       0
       0
       0
       0
       0
       2
       0
       1
       0
       0
       0
       1
       1
       0
       0
       0
       0
       0
       0
       0
       0
       0
       1
       1
       0
       1
       0
       0
       0
       0
       0
       0
       0
       0
       1
       0
       0
       0
       0
       0
       1
       1
       0
       0
       0
       0
       0
       0
       0
       0
       0
       0
       1
       0
       0
       1
       0
       1
       0
       0
       1
       0
       0
       1
       0
       0
       1
       0
       0
       2
       0
       0
       0
       1
       0
       0
       0
       0
       0
       0
       1
       0
       0
       0
       0
       1
       0
       0
       0
       1
       1
       0
       0
       2
       0
       0
       1
       0
       0
       0
       0
       0
       0
       0
       0
       0
       0
       0
       0
       0
       0
       0
       0
       0
       1
       0
       0
       0
       1
       0
       0
       0
       0
       0
       1
       0
       1
       1
       0
       0
       0
       0
       0
       0
       0
       0
       0
       0
       1
       0
       0
       1
       0
       0
       0
       0
       0
       1
       0
       0
       0
       0
       0
       1
       2
       2
       0
       0
       0
       1
       0
       0
       0
       0
       0
       0
       1
       0
       0
       0
       0
       0
       0
       0
       0
       0
       0
       0
       0
       0
       0
       0
       0
       0
       0
       1
       0
       0
       0
       0
       0
       0
       0
       0
       0
       0
       3
       0
       1
       1
       0
       0
       0
       0
       0
       0
       0
       0
       0
       0
       0
       0
       2
       6
       6
       2
       3
       1
       1
       0
       0
       0
       0
       0
       1
       0
       0
       0
       0
       0
       0
       0
       0
       0
       0
       0
       0
       0
       1
       0
       0
       0
       0
       0
       0
       0
       0
       0
       0
       0
       1
       1
       0
       0
       0
       0
       0
       1
       0
       0
       0
       0
       0
       0
       0
       0
       0
       0
       0
       0
       1
       0
       0
       0
       0
       0
       0
       0
       0
       0
       0
       0
       1
       1
       0
       0
       0
       0
       0
       0
       0
       0
       0
       0
       0
       0
       0
       0
       0
       1
       0
       0
       1
       0
       0
       0
       0
       0
       2
       0
       0
       0
       0
       0
       0
       0
       0
       0
       1
       0
       0
       0
       0
       0
       0
       0
       0
       0
       0
       0
       0
       0
       0
       0
       0
       0
       0
       0
       0
       0
       0
       0
       0
       0
       0
       0
       0
       0
       0
       0
       0
       0
       0
       0
       0
$ROI:
0
$PRESETS:
None
0
0
$ENER_FIT:
-10.025118 0.801508
$MCA_CAL:
3
-1.002512E+001 8.015075E-001 0.000000E+000 keV
$SHAPE_CAL:
3
0.000000E+000 0.000000E+000 0.000000E+000
