$SPEC_ID:
HFNG Beamline
$SPEC_REM:
DET# 2
DETDESC# EasyMCA
AP# Maestro Version 7.01
$DATE_MEA:
06/22/2018 12:56:11
$MEAS_TIM:
600 605
$DATA:
0 8191
       0
       0
       0
       0
       0
       0
       0
       0
       0
       0
       0
       0
       0
       0
       0
       0
       0
       0
       1
       0
       0
       0
       0
       0
       1
       0
       0
       0
       0
       1
       0
       0
       0
       0
       0
       0
       0
       0
       0
       0
       0
       0
       0
       0
       0
       0
       0
       0
     157
     340
     264
     263
     263
     262
     276
     298
     304
     288
     298
     295
     277
     304
     298
     319
     289
     291
     279
     267
     292
     280
     239
     297
     281
     269
     284
     254
     274
     278
     273
     243
     255
     257
     235
     244
     261
     297
     285
     243
     244
     236
     271
     247
     257
     212
     263
     219
     246
     246
     234
     224
     237
     219
     217
     244
     213
     221
     236
     224
     231
     199
     212
     234
     214
     231
     242
     200
     203
     243
     224
     212
     212
     212
     208
     196
     210
     212
     196
     213
     219
     221
     250
     217
     207
     221
     210
     217
     167
     194
     214
     192
     200
     180
     194
     178
     204
     188
     187
     192
     215
     179
     180
     210
     211
     187
     200
     192
     198
     188
     170
     220
     169
     183
     161
     146
     203
     201
     203
     198
     190
     198
     187
     192
     182
     175
     194
     182
     174
     180
     179
     191
     191
     186
     201
     173
     191
     178
     208
     196
     187
     185
     173
     161
     153
     180
     170
     190
     160
     177
     181
     187
     179
     181
     178
     175
     180
     178
     184
     178
     191
     193
     184
     185
     165
     159
     178
     197
     179
     182
     156
     166
     177
     192
     182
     146
     183
     189
     166
     174
     183
     176
     154
     173
     158
     169
     156
     166
     178
     178
     146
     187
     188
     166
     169
     171
     174
     176
     162
     173
     174
     174
     148
     152
     165
     174
     159
     161
     158
     169
     161
     170
     160
     177
     155
     157
     176
     191
     160
     158
     149
     178
     147
     150
     155
     166
     149
     164
     190
     181
     174
     147
     163
     159
     190
     151
     155
     151
     168
     168
     150
     159
     166
     158
     174
     154
     149
     167
     159
     153
     166
     182
     156
     178
     164
     167
     178
     141
     157
     145
     158
     163
     154
     157
     157
     160
     152
     153
     169
     145
     149
     157
     155
     174
     146
     163
     139
     163
     150
     165
     150
     149
     142
     150
     178
     155
     164
     151
     164
     176
     154
     153
     133
     139
     172
     170
     157
     175
     147
     147
     144
     150
     160
     157
     157
     170
     164
     185
     161
     160
     175
     168
     162
     140
     148
     165
     153
     165
     149
     166
     165
     166
     182
     189
     252
     304
     360
     308
     237
     205
     181
     179
     167
     193
     239
     360
     452
     476
     463
     305
     214
     176
     157
     136
     153
     178
     152
     157
     153
     153
     155
     161
     167
     143
     158
     157
     153
     136
     142
     167
     156
     155
     184
     133
     132
     151
     147
     144
     159
     134
     150
     147
     136
     161
     156
     139
     167
     143
     136
     177
     183
     152
     159
     196
     199
     201
     295
     348
     299
     281
     201
     190
     155
     129
     142
     153
     157
     156
     165
     159
     209
     209
     181
     158
     136
     161
     157
     145
     125
     143
     137
     126
     162
     129
     133
     145
     157
     148
     154
     135
     152
     153
     132
     142
     138
     135
     150
     142
     154
     141
     140
     145
     138
     156
     123
     149
     146
     146
     153
     145
     136
     142
     155
     160
     148
     142
     154
     149
     150
     147
     133
     127
     140
     147
     142
     171
     123
     142
     133
     139
     132
     148
     142
     151
     140
     155
     141
     129
     125
     146
     140
     140
     141
     152
     141
     142
     147
     136
     134
     164
     154
     130
     155
     158
     144
     152
     167
     144
     159
     153
     136
     160
     140
     144
     163
     137
     139
     139
     139
     128
     146
     154
     142
     137
     151
     155
     135
     138
     154
     139
     137
     145
     129
     129
     138
     142
     143
     139
     151
     136
     160
     163
     154
     146
     145
     151
     154
     132
     147
     150
     149
     135
     145
     121
     134
     140
     142
     142
     139
     169
     141
     146
     155
     145
     137
     170
     154
     137
     138
     144
     137
     158
     148
     142
     136
     154
     154
     150
     149
     157
     163
     141
     162
     160
     153
     164
     156
     163
     146
     134
     149
     169
     154
     142
     164
     141
     153
     153
     142
     148
     146
     142
     167
     160
     149
     156
     141
     131
     153
     132
     158
     158
     139
     158
     166
     154
     143
     145
     138
     152
     163
     145
     125
     137
     159
     153
     167
     174
     175
     148
     137
     175
     151
     156
     152
     150
     141
     141
     179
     165
     152
     139
     150
     173
     152
     136
     145
     162
     157
     138
     146
     144
     139
     175
     125
     139
     156
     175
     147
     135
     147
     148
     159
     158
     153
     172
     155
     150
     184
     152
     146
     159
     177
     163
     165
     183
     173
     172
     234
     345
     501
     631
     746
     756
     571
     341
     236
     172
     163
     145
     151
     128
     156
     158
     133
     156
     145
     166
     156
     150
     146
     135
     165
     157
     163
     151
     167
     153
     152
     163
     176
     166
     167
     162
     165
     170
     152
     161
     152
     155
     188
     154
     139
     169
     170
     150
     165
     173
     145
     148
     152
     156
     176
     150
     149
     187
     170
     151
     164
     184
     174
     177
     172
     166
     128
     160
     149
     179
     183
     179
     189
     177
     167
     174
     170
     191
     152
     169
     152
     187
     173
     203
     169
     173
     192
     174
     159
     161
     171
     179
     174
     169
     186
     194
     174
     183
     164
     212
     187
     169
     176
     157
     190
     156
     183
     178
     199
     174
     186
     192
     185
     157
     182
     189
     194
     165
     170
     184
     171
     166
     182
     157
     179
     182
     188
     202
     196
     198
     160
     169
     170
     164
     145
     153
     136
     182
     166
     178
     175
     204
     169
     156
     200
     190
     162
     183
     181
     188
     197
     156
     198
     180
     175
     172
     176
     199
     186
     152
     198
     196
     205
     172
     160
     149
     171
     168
     171
     194
     149
     164
     170
     163
     174
     167
     201
     170
     188
     168
     199
     170
     176
     167
     177
     186
     174
     182
     167
     187
     153
     164
     157
     176
     202
     158
     157
     165
     166
     175
     168
     179
     195
     195
     159
     168
     167
     206
     173
     166
     156
     176
     196
     175
     162
     165
     154
     158
     187
     180
     181
     169
     167
     185
     174
     180
     174
     182
     165
     173
     182
     199
     173
     160
     180
     173
     184
     169
     182
     186
     172
     150
     155
     165
     187
     186
     166
     169
     175
     161
     178
     188
     142
     182
     184
     167
     182
     181
     196
     189
     162
     156
     173
     148
     194
     168
     162
     159
     164
     159
     162
     165
     158
     176
     170
     167
     172
     186
     146
     145
     158
     168
     151
     146
     158
     147
     150
     162
     131
     139
     145
     176
     158
     143
     150
     158
     153
     161
     156
     148
     153
     142
     138
     157
     132
     152
     164
     144
     160
     165
     145
     153
     152
     148
     148
     157
     150
     140
     148
     132
     141
     137
     149
     149
     134
     157
     134
     133
     147
     136
     135
     153
     162
     122
     155
     158
     147
     133
     126
     152
     132
     160
     135
     138
     157
     120
     135
     158
     134
     135
     116
     161
     141
     148
     132
     146
     153
     147
     141
     140
     139
     167
     130
     155
     135
     150
     131
     142
     154
     142
     144
     126
     141
     149
     143
     159
     152
     141
     170
     155
     148
     136
     150
     143
     148
     137
     122
     149
     145
     134
     117
     152
     144
     144
     138
     131
     140
     154
     150
     139
     135
     154
     143
     160
     134
     143
     142
     156
     151
     142
     152
     135
     155
     147
     144
     131
     133
     137
     129
     139
     145
     157
     142
     132
     158
     136
     160
     151
     127
     137
     129
     144
     139
     156
     132
     134
     143
     145
     149
     176
     122
     140
     153
     148
     141
     122
     126
     139
     152
     134
     118
     133
     136
     159
     151
     139
     140
     138
     126
     144
     142
     121
     132
     141
     128
     125
     130
     142
     151
     141
     137
     154
     152
     149
     130
     111
     136
     134
     141
     142
     140
     151
     121
     127
     134
     126
     154
     143
     143
     127
     137
     153
     137
     133
     139
     139
     137
     148
     147
     118
     142
     123
     126
     112
     142
     111
     136
     117
     130
     124
     138
     115
     142
     112
     147
     120
     150
     144
     130
     132
     151
     127
     121
     119
     117
     130
     138
     139
     123
     119
     146
     124
     120
     131
     131
     121
     161
     127
     127
     131
     127
     129
     137
     125
     159
     116
     151
     135
     125
     116
     120
     112
     125
     130
     124
     123
     129
     114
     136
     128
     144
     117
     131
     126
     132
     123
     155
     122
     125
     111
     121
     126
      98
     115
     125
     112
     112
     114
     123
     129
     120
     110
     142
     119
     118
     132
     123
     127
     150
     131
     109
     111
     117
     126
     116
     113
     121
     108
     124
     134
     106
     131
     121
     106
     137
     120
     110
     117
     108
     112
     108
     123
      95
     113
     118
     118
     110
     104
     109
     120
     110
      87
     108
     104
     125
     111
     109
     111
      99
     117
      92
     125
     112
     114
     124
     103
     105
     115
     106
     122
     102
     100
     114
     127
     103
     117
      93
     105
     111
      99
     114
      98
     108
      94
     118
      94
      99
     104
      87
     103
      96
     103
      96
      91
     117
      98
      91
     121
      83
     100
      90
     112
      90
      84
      97
     100
      95
     104
      99
     101
      92
     113
      95
      99
     128
     106
      90
     108
     101
     115
     104
     100
     102
      91
      98
      96
      93
     116
      81
     102
      94
     117
      88
      91
      91
     102
      89
     104
      99
     101
      85
     106
      90
     104
      79
     111
      88
      91
      84
      78
     104
     107
     109
     113
     107
      94
     102
      99
     104
      82
      91
      94
     105
      93
      93
      96
     107
      92
     100
      94
      74
     104
      84
      90
      91
      87
      89
      78
      84
      64
      91
      94
      94
     107
      87
      78
     102
      87
      95
      82
      88
      91
      95
      88
      88
      83
      71
      79
      86
      97
      80
      72
      85
      85
      92
      98
      79
      96
      80
      87
      77
      73
      86
      89
      66
      94
      89
      90
      98
      81
      77
     100
      93
      92
      77
      88
      87
     102
      88
      91
      83
      79
      82
      78
      87
      87
      94
      94
      95
      87
      98
      79
      76
      74
      90
      86
      87
      91
      96
      94
      97
      71
      76
      76
      80
      93
      66
      68
      82
      62
      99
      87
      75
      93
      87
      89
      80
      81
      95
      80
      69
      79
      70
      69
      78
      88
      86
      73
      69
      91
      81
      93
      84
      85
      88
      88
      86
      87
      73
      85
      71
      75
      68
      70
      75
      75
      79
      76
      60
      78
      74
      66
      76
      93
      74
      70
      78
      80
      71
      78
      67
      71
      85
      70
      79
      92
      75
      66
      61
      68
      74
      84
      87
      72
      75
      78
      83
      94
      69
      84
      66
      72
      63
      66
      85
      86
      63
      58
      70
      78
      70
      65
      90
      83
      84
      70
      80
      74
      60
      59
     104
      96
      60
      69
      76
      61
      79
      83
      64
      82
      73
      73
      74
      79
      77
      71
      77
      72
      89
      69
      73
      70
      65
      66
      76
      70
      76
      86
      75
      66
      60
      73
      64
      70
      85
      72
      68
      78
      73
      83
      67
      68
      78
      60
      75
      75
      87
      58
      65
      77
      76
      60
      70
      73
      67
      69
      52
      66
      83
      73
      69
      64
      79
      62
      70
      83
      67
      70
      67
      62
      69
      70
      77
      72
      63
      81
      59
      73
      76
      63
      80
      77
      79
      74
      96
     102
      94
      97
     115
     134
     177
     182
     299
     495
     797
    1212
    1911
    2603
    3240
    3501
    3198
    2675
    1759
    1134
     548
     231
     132
      69
      49
      44
      62
      62
      61
      65
      55
      43
      63
      52
      55
      59
      44
      56
      53
      56
      69
      63
      59
      62
      49
      53
      57
      49
      62
      49
      57
      48
      50
      62
      49
      65
      44
      55
      54
      49
      50
      46
      50
      48
      57
      56
      53
      71
      49
      68
      54
      46
      66
      57
      52
      52
      61
      61
      48
      46
      59
      53
      39
      61
      60
      45
      55
      44
      58
      59
      52
      46
      45
      56
      47
      47
      66
      43
      50
      50
      55
      54
      50
      58
      51
      52
      61
      58
      58
      68
      85
      84
      98
     109
     118
      91
      84
      79
      57
      56
      42
      53
      54
      53
      54
      39
      50
      58
      48
      50
      68
      44
      54
      48
      73
      47
      45
      59
      51
      41
      53
      55
      55
      48
      57
      52
      41
      53
      56
      45
      42
      51
      46
      59
      50
      53
      58
      42
      53
      52
      43
      60
      48
      50
      49
      45
      41
      51
      50
      58
      46
      38
      63
      51
      50
      40
      45
      47
      55
      39
      41
      49
      48
      53
      54
      62
      65
      56
      60
      64
      56
      38
      45
      47
      43
      54
      37
      33
      52
      46
      44
      56
      40
      54
      54
      52
      48
      54
      45
      62
      47
      59
      53
      47
      26
      48
      50
      59
      44
      48
      56
      49
      49
      44
      46
      65
      61
      40
      60
      61
      50
      54
      40
      49
      45
      46
      47
      57
      46
      47
      41
      48
      42
      66
      42
      54
      37
      45
      51
      52
      56
      43
      50
      52
      49
      55
      54
      46
      41
      63
      45
      49
      55
      47
      45
      41
      43
      47
      46
      36
      35
      42
      55
      45
      46
      49
      49
      51
      63
      46
      47
      42
      44
      50
      38
      66
      40
      50
      45
      50
      66
      63
      64
      74
     109
     155
     161
     222
     270
     294
     241
     245
     191
     120
      84
      72
      49
      47
      63
      47
      31
      50
      45
      37
      51
      47
      56
      35
      51
      50
      48
      42
      42
      46
      43
      35
      55
      26
      49
      46
      49
      52
      34
      39
      36
      60
      54
      42
      52
      49
      41
      39
      53
      37
      45
      50
      46
      39
      43
      47
      50
      40
      42
      44
      36
      52
      58
      53
      51
      43
      39
      48
      46
      53
      46
      55
      55
      52
      55
      47
      42
      50
      40
      32
      41
      44
      47
      48
      51
      53
      36
      49
      44
      50
      38
      40
      53
      43
      24
      44
      55
      49
      55
      59
      46
      47
      45
      62
      65
      58
      38
      54
      49
      57
      48
      48
      42
      52
      43
      55
      53
      52
      44
      63
      74
      58
      63
      71
      97
     111
     126
     194
     292
     434
     642
     857
    1316
    1464
    1589
    1561
    1425
    1059
     709
     440
     289
     141
      85
      49
      43
      37
      45
      42
      43
      40
      42
      30
      36
      32
      35
      37
      45
      31
      29
      42
      49
      34
      28
      38
      39
      38
      38
      37
      43
      30
      38
      41
      45
      39
      30
      43
      45
      36
      33
      38
      50
      44
      51
      41
      32
      42
      37
      50
      40
      36
      44
      40
      38
      44
      41
      38
      27
      37
      40
      38
      32
      30
      50
      33
      43
      44
      43
      47
      45
      28
      49
      29
      43
      51
      35
      42
      46
      45
      36
      34
      50
      44
      38
      32
      42
      49
      55
      40
      32
      45
      32
      43
      38
      52
      34
      35
      38
      28
      28
      40
      31
      32
      40
      45
      48
      41
      34
      34
      39
      37
      37
      38
      23
      29
      45
      49
      47
      30
      34
      34
      49
      42
      34
      40
      39
      31
      31
      50
      34
      45
      38
      34
      45
      36
      38
      37
      35
      36
      47
      42
      36
      41
      45
      35
      34
      39
      42
      32
      38
      42
      36
      37
      41
      45
      35
      39
      39
      33
      44
      39
      35
      32
      39
      36
      34
      39
      33
      31
      50
      27
      34
      37
      34
      42
      41
      40
      42
      40
      39
      33
      37
      44
      30
      42
      39
      36
      38
      41
      26
      42
      47
      45
      37
      36
      40
      37
      43
      35
      42
      31
      33
      41
      36
      45
      34
      36
      40
      37
      32
      37
      28
      49
      40
      43
      31
      44
      34
      21
      36
      45
      39
      34
      47
      42
      38
      47
      54
      48
      44
      65
      58
      69
      80
      67
      71
      68
      46
      47
      43
      49
      44
      32
      36
      37
      35
      37
      44
      32
      40
      42
      25
      40
      33
      34
      33
      38
      31
      31
      30
      43
      44
      38
      34
      28
      44
      41
      29
      36
      50
      39
      29
      45
      31
      45
      33
      49
      31
      34
      32
      41
      41
      46
      40
      33
      44
      37
      45
      34
      30
      47
      41
      31
      25
      32
      43
      39
      38
      50
      38
      49
      34
      48
      33
      31
      27
      35
      45
      39
      45
      30
      45
      31
      32
      36
      39
      36
      33
      40
      39
      27
      53
      34
      32
      28
      30
      40
      37
      38
      37
      24
      33
      43
      32
      28
      31
      31
      37
      32
      37
      34
      48
      45
      40
      22
      32
      37
      39
      36
      40
      35
      41
      30
      29
      44
      43
      36
      38
      35
      32
      32
      40
      33
      29
      44
      25
      33
      45
      33
      43
      37
      35
      37
      29
      29
      26
      35
      37
      32
      35
      49
      42
      36
      35
      31
      43
      44
      34
      37
      27
      36
      48
      40
      40
      38
      48
      32
      28
      37
      50
      35
      40
      45
      30
      32
      44
      24
      35
      44
      38
      45
      40
      35
      41
      33
      48
      37
      33
      36
      32
      30
      32
      40
      24
      33
      38
      41
      32
      36
      39
      24
      32
      32
      27
      38
      37
      23
      39
      40
      29
      53
      37
      43
      26
      33
      32
      35
      31
      44
      52
      34
      32
      43
      27
      39
      33
      32
      44
      46
      36
      40
      30
      39
      36
      42
      26
      51
      35
      38
      46
      49
      54
      48
      53
      51
      61
      60
      59
      59
      56
      66
      50
      56
      60
      40
      44
      40
      43
      45
      38
      32
      38
      43
      32
      40
      24
      32
      35
      27
      37
      40
      43
      32
      41
      32
      38
      31
      27
      39
      39
      43
      29
      33
      28
      47
      35
      36
      41
      37
      27
      41
      44
      32
      45
      34
      39
      27
      27
      30
      40
      35
      32
      32
      31
      31
      34
      35
      38
      33
      40
      40
      25
      43
      35
      28
      32
      40
      39
      48
      30
      40
      27
      35
      40
      41
      30
      42
      25
      34
      47
      35
      35
      34
      34
      34
      49
      33
      41
      43
      35
      40
      24
      30
      36
      29
      36
      22
      28
      42
      40
      28
      30
      35
      39
      36
      35
      42
      35
      31
      48
      36
      30
      32
      36
      22
      31
      34
      38
      40
      35
      37
      28
      29
      39
      42
      34
      44
      32
      38
      38
      39
      37
      35
      40
      35
      25
      29
      29
      30
      42
      37
      28
      30
      38
      29
      38
      32
      26
      33
      35
      38
      31
      37
      36
      31
      43
      38
      37
      36
      36
      48
      35
      37
      28
      44
      26
      29
      35
      36
      39
      34
      58
      40
      37
      38
      40
      39
      21
      31
      48
      33
      37
      33
      28
      28
      38
      38
      28
      31
      50
      34
      25
      38
      28
      29
      26
      33
      38
      41
      38
      30
      45
      35
      36
      27
      37
      33
      39
      26
      34
      30
      42
      29
      35
      35
      43
      41
      40
      36
      28
      34
      35
      40
      24
      41
      28
      41
      34
      43
      27
      35
      37
      40
      36
      28
      31
      33
      35
      29
      42
      31
      39
      35
      31
      37
      39
      21
      43
      42
      25
      29
      22
      36
      38
      29
      29
      42
      37
      28
      27
      36
      41
      30
      31
      32
      35
      49
      26
      39
      36
      38
      48
      38
      30
      41
      29
      37
      39
      26
      51
      32
      41
      34
      40
      46
      46
      35
      38
      30
      44
      43
      48
      38
      37
      32
      38
      28
      40
      25
      27
      31
      43
      42
      47
      37
      25
      41
      34
      27
      36
      44
      29
      29
      40
      40
      25
      31
      28
      31
      26
      26
      35
      43
      28
      36
      32
      40
      18
      40
      36
      43
      34
      19
      37
      36
      29
      39
      37
      33
      36
      30
      32
      30
      38
      38
      36
      34
      32
      45
      36
      44
      46
      38
      27
      38
      43
      37
      34
      52
      34
      41
      36
      35
      32
      34
      34
      45
      26
      38
      40
      34
      31
      27
      24
      27
      37
      43
      39
      42
      40
      29
      39
      37
      44
      37
      29
      37
      34
      39
      26
      28
      36
      34
      38
      43
      35
      31
      34
      35
      31
      31
      31
      43
      55
      34
      28
      34
      43
      39
      33
      39
      45
      33
      32
      34
      34
      34
      34
      41
      31
      40
      38
      30
      28
      50
      34
      39
      39
      25
      34
      36
      47
      25
      33
      39
      42
      36
      40
      28
      40
      31
      38
      39
      40
      37
      39
      29
      28
      27
      33
      37
      37
      37
      38
      37
      33
      40
      35
      29
      36
      30
      45
      39
      33
      25
      43
      42
      29
      36
      42
      40
      40
      42
      27
      36
      34
      43
      37
      35
      33
      38
      30
      33
      46
      38
      28
      42
      37
      40
      31
      31
      31
      37
      33
      35
      33
      31
      41
      29
      32
      40
      40
      50
      35
      40
      30
      40
      32
      40
      19
      41
      34
      40
      34
      38
      35
      35
      38
      47
      30
      38
      50
      40
      38
      38
      40
      38
      47
      37
      55
      32
      49
      40
      37
      38
      32
      32
      37
      36
      26
      31
      30
      39
      40
      37
      29
      33
      34
      39
      41
      37
      21
      29
      52
      35
      43
      34
      46
      39
      33
      31
      40
      32
      40
      32
      34
      36
      35
      49
      32
      37
      29
      41
      37
      32
      30
      46
      39
      34
      31
      38
      33
      38
      47
      34
      29
      29
      41
      32
      41
      40
      39
      39
      34
      32
      19
      37
      29
      42
      31
      27
      40
      39
      43
      30
      34
      24
      29
      31
      26
      28
      29
      26
      35
      30
      31
      40
      33
      41
      28
      28
      39
      37
      27
      32
      42
      37
      35
      29
      31
      32
      36
      42
      30
      34
      32
      31
      35
      27
      34
      27
      24
      28
      33
      38
      27
      36
      31
      34
      31
      40
      29
      36
      31
      26
      22
      22
      41
      38
      29
      29
      35
      33
      35
      32
      27
      35
      39
      36
      35
      28
      33
      34
      30
      36
      31
      34
      28
      29
      30
      28
      36
      36
      31
      19
      35
      31
      37
      44
      25
      25
      29
      26
      38
      23
      28
      26
      34
      23
      25
      32
      42
      38
      29
      24
      40
      44
      27
      43
      32
      28
      24
      23
      33
      36
      29
      30
      38
      24
      30
      29
      34
      39
      27
      42
      32
      43
      27
      33
      31
      35
      30
      36
      44
      37
      37
      36
      23
      34
      30
      28
      32
      23
      38
      30
      24
      34
      30
      30
      31
      29
      34
      29
      35
      36
      32
      31
      37
      46
      40
      27
      31
      40
      32
      36
      38
      31
      29
      39
      34
      34
      25
      26
      39
      31
      28
      30
      35
      32
      34
      23
      26
      39
      28
      32
      23
      27
      30
      36
      25
      32
      32
      41
      31
      27
      31
      29
      40
      23
      38
      29
      24
      33
      26
      27
      30
      34
      33
      32
      34
      31
      28
      32
      33
      40
      33
      34
      41
      37
      28
      35
      26
      35
      33
      31
      24
      33
      28
      34
      29
      27
      32
      32
      23
      34
      27
      30
      31
      28
      29
      27
      33
      39
      29
      27
      29
      49
      26
      32
      37
      35
      46
      35
      30
      34
      33
      32
      34
      35
      36
      25
      38
      29
      31
      38
      32
      38
      34
      36
      30
      34
      31
      28
      33
      35
      52
      19
      30
      35
      38
      32
      30
      19
      35
      31
      31
      30
      26
      32
      34
      31
      28
      29
      33
      28
      41
      44
      27
      38
      23
      49
      35
      22
      27
      28
      28
      35
      37
      48
      35
      35
      39
      44
      32
      34
      29
      37
      44
      28
      29
      34
      30
      35
      32
      45
      29
      26
      28
      31
      30
      29
      47
      27
      34
      23
      28
      19
      21
      32
      39
      29
      36
      26
      32
      25
      30
      34
      29
      28
      26
      30
      40
      35
      47
      33
      29
      38
      41
      27
      38
      37
      28
      32
      33
      26
      37
      27
      22
      23
      29
      31
      31
      27
      32
      38
      26
      28
      36
      43
      29
      34
      34
      28
      25
      26
      25
      26
      30
      30
      36
      32
      27
      33
      28
      27
      34
      43
      48
      26
      34
      33
      39
      41
      39
      39
      31
      30
      25
      29
      29
      27
      26
      30
      38
      32
      35
      35
      33
      27
      32
      34
      32
      32
      34
      35
      41
      42
      35
      28
      41
      34
      42
      25
      31
      33
      24
      33
      33
      20
      20
      41
      31
      37
      36
      30
      38
      35
      35
      35
      32
      24
      32
      25
      39
      26
      34
      42
      28
      35
      31
      27
      37
      37
      40
      22
      28
      25
      24
      33
      33
      37
      29
      39
      31
      25
      40
      31
      28
      20
      32
      33
      35
      30
      27
      23
      33
      25
      29
      27
      37
      21
      35
      32
      22
      34
      35
      27
      38
      41
      37
      32
      21
      23
      43
      31
      30
      31
      25
      38
      38
      33
      27
      24
      32
      39
      28
      26
      26
      32
      42
      43
      31
      36
      30
      33
      39
      34
      31
      27
      33
      39
      32
      28
      29
      24
      34
      42
      27
      40
      25
      20
      29
      40
      33
      30
      32
      43
      50
      29
      27
      34
      37
      18
      33
      24
      29
      30
      28
      30
      37
      26
      26
      37
      43
      33
      37
      28
      31
      32
      29
      34
      21
      36
      28
      25
      30
      34
      32
      41
      32
      32
      32
      46
      31
      32
      34
      26
      19
      33
      42
      33
      38
      39
      29
      42
      31
      37
      34
      29
      24
      35
      21
      38
      31
      46
      28
      33
      30
      26
      28
      31
      34
      24
      35
      28
      29
      37
      39
      25
      26
      26
      35
      30
      33
      29
      30
      48
      37
      30
      36
      33
      29
      27
      29
      38
      44
      30
      41
      36
      31
      37
      35
      34
      36
      25
      36
      38
      27
      33
      31
      31
      26
      32
      30
      35
      31
      36
      38
      38
      28
      34
      24
      34
      27
      33
      32
      29
      38
      42
      35
      29
      33
      15
      26
      27
      31
      30
      36
      23
      32
      43
      37
      22
      48
      38
      39
      31
      33
      34
      31
      30
      29
      29
      37
      42
      30
      29
      38
      44
      34
      43
      29
      30
      32
      34
      42
      37
      35
      45
      25
      33
      27
      27
      25
      34
      36
      34
      45
      47
      44
      37
      30
      29
      36
      27
      36
      33
      39
      29
      32
      26
      28
      32
      29
      31
      37
      42
      24
      49
      35
      38
      34
      39
      43
      31
      29
      41
      28
      38
      32
      35
      32
      37
      41
      36
      31
      29
      30
      28
      26
      30
      32
      27
      38
      31
      37
      40
      42
      38
      35
      33
      34
      40
      47
      36
      41
      57
      34
      30
      50
      44
      40
      27
      37
      45
      31
      36
      40
      31
      24
      38
      37
      38
      43
      44
      39
      39
      29
      37
      30
      36
      45
      37
      40
      35
      29
      37
      31
      36
      36
      37
      38
      47
      24
      47
      37
      27
      31
      44
      36
      29
      27
      32
      27
      43
      40
      31
      37
      46
      25
      33
      34
      34
      43
      38
      36
      38
      29
      28
      39
      34
      40
      42
      35
      32
      23
      49
      31
      35
      27
      33
      31
      30
      37
      30
      35
      30
      25
      36
      37
      29
      26
      33
      37
      19
      36
      35
      30
      37
      36
      39
      22
      20
      34
      33
      33
      31
      29
      30
      29
      28
      34
      35
      30
      35
      46
      27
      39
      38
      39
      37
      47
      36
      28
      25
      43
      40
      29
      44
      40
      32
      35
      38
      28
      40
      34
      38
      23
      36
      42
      33
      30
      34
      32
      34
      40
      38
      39
      37
      41
      28
      31
      41
      30
      35
      39
      38
      26
      36
      40
      29
      28
      46
      34
      39
      23
      25
      30
      29
      26
      34
      47
      42
      33
      45
      35
      47
      39
      41
      32
      36
      33
      54
      40
      38
      31
      44
      45
      42
      46
      41
      51
      48
      53
      50
      74
      72
      98
     114
     147
     160
     210
     207
     210
     258
     270
     226
     228
     205
     183
     114
     112
      90
      64
      48
      48
      42
      41
      36
      32
      28
      40
      22
      36
      47
      47
      34
      35
      41
      38
      40
      37
      36
      32
      40
      42
      38
      45
      30
      38
      52
      41
      39
      37
      41
      48
      34
      31
      32
      31
      40
      32
      42
      30
      24
      39
      36
      35
      34
      46
      27
      39
      40
      35
      43
      44
      32
      36
      38
      40
      48
      37
      38
      33
      35
      40
      40
      34
      32
      29
      45
      42
      42
      34
      32
      40
      40
      30
      29
      35
      28
      41
      40
      21
      36
      37
      47
      44
      37
      39
      39
      35
      45
      33
      42
      28
      30
      42
      49
      46
      37
      37
      46
      36
      38
      44
      33
      30
      48
      45
      43
      46
      51
      33
      48
      49
      36
      34
      35
      45
      29
      43
      31
      33
      51
      43
      44
      41
      40
      40
      33
      44
      30
      36
      38
      35
      39
      46
      34
      32
      52
      27
      55
      53
      37
      44
      38
      27
      51
      31
      42
      38
      44
      28
      34
      50
      48
      35
      40
      39
      37
      37
      39
      45
      35
      44
      49
      32
      53
      39
      42
      34
      38
      33
      38
      34
      31
      41
      43
      28
      44
      42
      34
      39
      48
      46
      30
      53
      41
      32
      41
      44
      34
      38
      38
      44
      32
      45
      42
      40
      34
      45
      39
      42
      44
      36
      37
      33
      48
      45
      47
      42
      38
      40
      39
      47
      33
      38
      36
      52
      38
      45
      34
      48
      55
      42
      50
      43
      39
      43
      49
      36
      37
      35
      49
      42
      37
      46
      42
      36
      41
      47
      42
      42
      40
      51
      51
      38
      46
      47
      40
      41
      41
      46
      37
      41
      41
      48
      40
      45
      34
      47
      46
      51
      37
      46
      48
      40
      39
      40
      41
      40
      34
      38
      44
      47
      56
      35
      48
      49
      39
      42
      44
      50
      39
      41
      26
      43
      42
      34
      41
      44
      45
      39
      43
      37
      48
      45
      49
      31
      50
      45
      41
      46
      44
      43
      41
      49
      49
      45
      47
      49
      39
      39
      32
      46
      25
      54
      44
      40
      51
      35
      47
      45
      43
      44
      55
      41
      40
      48
      39
      46
      39
      33
      50
      47
      33
      44
      33
      44
      50
      37
      49
      41
      29
      37
      52
      37
      48
      51
      38
      22
      46
      36
      42
      44
      30
      37
      40
      35
      44
      36
      38
      36
      33
      30
      32
      50
      39
      44
      38
      37
      51
      38
      41
      32
      37
      35
      30
      43
      44
      27
      30
      23
      39
      40
      25
      33
      41
      28
      26
      31
      45
      23
      26
      36
      36
      27
      35
      37
      38
      36
      33
      29
      27
      27
      29
      48
      18
      23
      38
      27
      41
      21
      35
      30
      39
      39
      31
      32
      25
      30
      27
      31
      31
      24
      37
      41
      36
      35
      36
      38
      36
      28
      35
      37
      29
      27
      26
      32
      27
      36
      26
      35
      28
      24
      27
      33
      28
      41
      23
      26
      33
      36
      28
      31
      29
      27
      32
      32
      36
      34
      31
      27
      35
      31
      30
      37
      25
      41
      32
      36
      29
      31
      31
      31
      36
      43
      29
      24
      28
      25
      30
      44
      31
      31
      29
      28
      20
      21
      38
      41
      36
      35
      34
      34
      47
      32
      36
      30
      30
      24
      32
      30
      26
      29
      22
      31
      47
      23
      31
      37
      25
      36
      32
      27
      26
      25
      34
      28
      31
      27
      28
      33
      31
      29
      32
      31
      26
      31
      35
      29
      30
      24
      32
      30
      23
      40
      30
      29
      25
      29
      33
      20
      36
      32
      32
      22
      32
      32
      24
      24
      28
      31
      32
      33
      30
      26
      27
      25
      25
      27
      27
      24
      30
      44
      33
      21
      25
      24
      33
      29
      39
      29
      28
      32
      30
      30
      34
      28
      23
      30
      30
      27
      28
      30
      23
      23
      25
      26
      31
      39
      36
      31
      29
      33
      29
      30
      33
      26
      32
      27
      41
      34
      32
      35
      21
      22
      32
      23
      24
      27
      24
      30
      26
      20
      35
      23
      35
      35
      25
      31
      27
      32
      34
      41
      31
      24
      31
      33
      34
      22
      23
      35
      26
      31
      23
      25
      34
      26
      33
      35
      25
      26
      26
      31
      26
      30
      23
      26
      23
      34
      27
      31
      33
      35
      39
      34
      27
      31
      23
      32
      31
      34
      22
      29
      25
      31
      25
      25
      28
      26
      34
      30
      24
      19
      31
      28
      15
      27
      23
      28
      33
      25
      22
      31
      28
      24
      32
      23
      26
      30
      27
      27
      26
      22
      29
      28
      30
      26
      30
      23
      22
      44
      24
      28
      39
      20
      37
      33
      21
      28
      28
      30
      28
      27
      21
      34
      27
      29
      24
      38
      34
      28
      22
      23
      32
      37
      22
      43
      26
      22
      21
      33
      20
      30
      29
      31
      20
      25
      24
      32
      27
      24
      38
      29
      34
      32
      28
      30
      22
      24
      36
      29
      39
      31
      37
      26
      21
      28
      35
      20
      21
      39
      22
      28
      26
      27
      33
      26
      25
      29
      29
      27
      41
      32
      36
      35
      31
      32
      39
      38
      46
      31
      31
      36
      26
      40
      38
      35
      28
      32
      30
      25
      27
      32
      31
      19
      26
      23
      39
      34
      26
      28
      24
      24
      28
      22
      34
      24
      19
      21
      46
      33
      31
      28
      33
      23
      27
      33
      29
      25
      31
      33
      13
      27
      19
      28
      27
      22
      27
      25
      33
      25
      36
      31
      26
      31
      29
      25
      16
      30
      18
      23
      21
      27
      27
      23
      33
      43
      30
      26
      31
      29
      18
      35
      24
      44
      38
      28
      16
      30
      42
      30
      29
      37
      27
      27
      30
      24
      30
      40
      23
      38
      20
      33
      27
      25
      27
      28
      19
      28
      26
      21
      27
      20
      26
      39
      22
      30
      19
      31
      29
      37
      18
      36
      38
      35
      35
      31
      26
      26
      31
      25
      28
      33
      24
      29
      23
      36
      30
      38
      31
      31
      28
      28
      40
      35
      28
      36
      20
      18
      27
      31
      25
      31
      23
      38
      24
      28
      30
      29
      26
      33
      29
      29
      31
      32
      25
      27
      31
      35
      29
      30
      34
      29
      31
      20
      36
      25
      26
      30
      29
      23
      32
      32
      33
      23
      21
      25
      26
      43
      29
      24
      24
      23
      28
      31
      28
      15
      29
      25
      25
      23
      36
      29
      23
      28
      31
      21
      34
      29
      29
      28
      37
      27
      27
      14
      26
      30
      33
      31
      14
      14
      34
      19
      22
      36
      32
      25
      32
      29
      32
      33
      44
      24
      30
      23
      29
      35
      27
      26
      37
      24
      30
      33
      31
      26
      22
      26
      31
      19
      24
      34
      34
      38
      25
      35
      18
      25
      28
      31
      27
      31
      34
      20
      26
      22
      28
      26
      34
      29
      36
      32
      39
      26
      32
      25
      47
      30
      33
      36
      27
      33
      33
      27
      26
      36
      31
      20
      39
      23
      35
      24
      27
      36
      42
      34
      21
      32
      39
      30
      25
      36
      27
      39
      45
      29
      25
      25
      36
      29
      28
      32
      40
      29
      28
      30
      31
      34
      36
      33
      20
      34
      30
      37
      23
      27
      27
      34
      27
      25
      38
      34
      28
      27
      24
      20
      28
      29
      22
      29
      34
      32
      22
      32
      25
      38
      37
      34
      44
      27
      22
      40
      28
      37
      38
      23
      32
      29
      31
      33
      29
      39
      35
      33
      31
      36
      27
      31
      34
      32
      38
      39
      28
      23
      31
      37
      26
      33
      28
      37
      27
      33
      29
      37
      31
      21
      32
      35
      31
      34
      35
      35
      24
      24
      20
      36
      34
      41
      28
      27
      34
      24
      40
      37
      37
      36
      35
      22
      37
      32
      26
      32
      42
      33
      44
      28
      37
      27
      38
      33
      32
      41
      34
      31
      42
      36
      30
      34
      26
      25
      47
      35
      53
      37
      41
      35
      45
      39
      19
      33
      34
      28
      37
      47
      36
      34
      34
      34
      30
      44
      35
      43
      25
      31
      32
      34
      35
      23
      32
      49
      42
      39
      41
      40
      31
      38
      41
      37
      37
      46
      32
      33
      30
      27
      28
      33
      42
      39
      26
      39
      26
      39
      47
      30
      39
      35
      42
      37
      42
      33
      32
      34
      32
      36
      45
      33
      37
      44
      31
      33
      37
      35
      35
      39
      41
      36
      39
      30
      32
      25
      44
      38
      25
      29
      34
      27
      47
      33
      45
      33
      35
      38
      30
      28
      47
      51
      29
      32
      42
      35
      49
      44
      24
      41
      32
      54
      33
      49
      26
      35
      31
      33
      34
      27
      29
      34
      34
      38
      33
      29
      41
      37
      28
      39
      35
      28
      44
      35
      35
      31
      35
      24
      31
      34
      28
      35
      26
      28
      25
      37
      26
      26
      26
      26
      36
      37
      30
      34
      27
      26
      22
      26
      20
      27
      26
      23
      23
      15
      34
      25
      25
      23
      19
      27
      22
      25
      20
      34
      27
      27
      24
      25
      30
      27
      35
      33
      26
      26
      36
      29
      33
      24
      36
      49
      36
      42
      22
      26
      32
      30
      32
      25
      31
      32
      26
      21
      53
      28
      41
      32
      29
      43
      46
      49
      50
      61
      74
     104
     109
     143
     195
     233
     264
     314
     400
     436
     505
     556
     593
     644
     655
     648
     599
     577
     528
     440
     392
     323
     227
     156
     112
      96
      54
      38
      24
      25
      24
      21
      22
      27
       7
      11
      15
      20
      26
      16
       8
      23
      22
      16
      23
      17
      17
      18
      13
      19
      14
      25
      19
      23
      22
      15
      15
      24
      15
      18
      27
      14
      22
      12
      19
      19
      27
      27
      17
      20
      23
      20
      15
      18
      13
      18
      15
      18
      17
      20
      12
      17
       7
      18
       9
      12
      19
      17
      15
      12
      21
      15
      17
       8
      20
      25
      15
      16
      20
      10
      18
      15
      20
      12
      22
      22
      11
      10
      14
      17
      21
      17
      19
      21
      14
      10
      14
      14
      18
      12
      24
      20
      16
      19
      17
      15
      10
      21
      15
      16
       9
      17
      25
      20
      19
      15
      11
      24
      20
      22
      10
      18
      15
      16
      19
       9
      13
      14
      18
      14
      18
      17
      15
      18
      17
      22
      20
      12
      12
      12
      14
      23
      11
      14
      11
      15
      19
      14
      10
      18
      11
      13
      21
      17
      14
      12
      19
      16
      18
      15
      12
      19
      18
      20
      10
      17
      16
      14
       8
       9
      19
      17
      12
      16
      18
      16
      19
      14
      13
      18
      13
      18
      17
      20
      15
      17
      14
      18
      16
      22
      10
      14
      21
      13
      15
      15
       9
      17
      21
      12
      20
      11
      14
      10
      19
      13
      13
      18
      12
      14
      17
      16
      13
      14
      10
      13
      14
      11
       9
      15
      24
      18
      11
      11
      13
      17
      14
      13
      17
      11
      17
       9
      12
      13
      18
      18
      10
      16
      19
      13
      17
      14
      17
      16
      17
      13
      10
       9
      15
      12
      17
      14
      13
      17
       9
      12
      10
      20
      16
      11
      20
      16
      11
      17
      10
      11
       5
      14
      10
      12
      17
      18
      16
      15
      14
      13
      15
      21
      14
      16
      14
      18
      14
      18
      13
      14
      18
       8
      13
       8
      13
       6
      15
      17
      18
      13
      12
      11
      14
      12
      12
      12
      15
      10
      12
      14
      20
      12
      13
      14
      16
      11
      15
      16
      19
       7
      11
      15
       8
      17
       9
      12
      14
       8
      18
      12
      18
      11
       8
       7
      11
       9
      18
      13
      12
      10
      13
      13
       8
      18
      12
      17
      14
      12
       3
      10
      10
      10
       8
      12
      10
      12
      13
      15
      18
      10
      11
       9
       9
      12
      10
       6
       5
       8
       5
       7
       9
       5
       7
      18
      16
       8
      13
       8
      12
       7
      15
      11
      11
      10
       6
       7
       9
      16
      11
       9
       7
       9
       7
       9
      13
       5
      10
       8
       9
      17
      13
      10
      13
      11
       7
       7
      10
      19
      10
      14
       0
       9
       7
      12
      10
       9
       4
       7
      12
       8
       8
      10
       6
       8
      18
      11
       9
      13
      12
      11
       8
       9
       8
      15
      12
       7
       8
       8
       6
       5
      11
       6
       8
      13
       8
       8
       5
       8
       9
       8
       7
       6
       5
      12
       7
      11
       7
       6
       7
       5
       7
       5
       8
      11
       9
       5
       4
      13
       9
      12
      15
       3
       9
       3
      12
      11
       9
      11
      10
       6
       9
      17
       8
      10
      11
       8
      12
       8
       8
       7
      11
       9
       5
      12
      16
       8
      14
      15
       7
       6
      14
       9
       9
       8
      11
       4
      11
      11
       9
       8
       6
      12
       1
      11
      11
       7
      14
      12
       6
       8
       9
       2
       8
      10
      14
      12
       8
      11
       8
      15
       5
      12
      10
      13
       8
      12
      11
       8
       7
      14
       5
      10
      10
       5
      10
       7
       6
      13
       8
       5
       3
       1
       8
       9
      12
       7
       5
       6
       9
      10
      10
       9
      10
       6
      12
       8
       5
       8
       9
       6
       5
       7
       8
       9
       5
       4
       9
       4
       7
       7
       2
      14
      15
       4
      11
      12
      13
       8
      12
       9
       7
       6
       8
       8
       6
      14
      13
      10
       7
      14
       5
      10
      14
       5
       9
       7
       7
      13
       9
       3
       5
      12
       7
       8
       9
      15
       9
       8
       8
       7
       3
       5
       7
      12
       7
       7
      10
      12
      14
       4
       6
       9
      10
       6
      11
      13
       8
       8
       7
       7
       6
      10
       9
      12
      12
       9
       6
       7
      11
       5
       3
       7
       9
      10
       5
       4
       8
       5
      11
       7
       5
      12
      10
       9
      10
       7
       8
      10
       7
       7
       6
       5
       5
       7
       7
       8
       9
      12
       9
       4
       8
       5
      11
       6
       8
       9
      10
      12
       9
       9
       4
       7
       8
       6
       3
      13
       8
      11
      16
      11
      13
       7
      10
      12
       6
      11
       8
       7
       9
      13
      10
       6
       9
      11
       6
      11
       5
       4
      13
      10
       5
       7
      10
      11
       8
       8
       5
       5
       3
       5
       6
       5
       4
       9
      11
       5
      10
       5
      11
       8
      14
       8
       8
      10
       7
       6
       8
       3
       9
       6
       6
       8
      11
      12
      10
      14
       8
       6
       9
       7
       5
       9
       4
       4
       8
      13
       6
       3
       4
       4
      10
       6
       8
       7
       7
      11
      15
      10
       6
       8
       4
      10
      12
       8
       3
       9
       6
       6
       8
       6
       9
      12
       8
       9
      11
      12
       6
       9
      18
       4
       9
       6
       5
       7
       9
       9
      11
       5
       7
       6
       5
      16
       6
      10
      12
       8
      18
       6
      10
       9
      10
       5
       5
       5
      11
       7
       8
       7
       5
       9
      10
      10
       6
      11
       5
       9
       3
       7
      13
       3
       4
       8
      14
       9
       9
      10
       7
       5
      11
      10
       8
       4
       9
      10
       3
      12
       6
      14
       5
       8
       8
       9
      11
       5
      10
       4
       3
       7
      11
      12
       5
      10
       5
      14
      14
      11
       6
       8
       5
       9
      10
      10
       3
       7
       7
       7
       5
       7
       6
       8
       8
       6
       6
       8
      14
       8
      11
       8
       2
       7
      10
       7
       8
       7
      10
      12
       5
       9
      15
       8
       7
       9
       5
      10
       9
       9
      15
      11
       3
      12
      10
       4
       5
       5
       9
       9
       8
       9
       6
       7
       7
       6
       4
       5
       9
      12
       5
      13
       9
       5
       8
       6
       9
      10
      10
      10
       6
       3
       9
      12
       8
       5
      10
       3
      14
      10
      13
       7
      13
       8
      14
      11
      13
      11
      15
      16
       7
      11
       8
       9
      10
      16
      15
      12
      15
      14
      10
      19
       7
      25
      20
      20
      31
      32
      35
      40
      45
      66
      76
      91
     115
     151
     170
     194
     261
     319
     364
     408
     422
     480
     531
     590
     644
     620
     677
     643
     607
     604
     533
     444
     426
     359
     277
     197
     163
     105
      61
      42
      31
      20
      16
       7
      11
       9
       2
       5
       5
       4
       5
       6
       4
       8
       5
       5
       1
       8
       3
       5
       1
       4
       4
       2
       5
       3
       3
       7
       7
       3
       4
       8
       1
       4
       3
       2
       5
       6
       2
       4
      10
       1
       3
       4
       1
       2
       3
       7
       4
       5
       6
       4
       5
       7
       4
       4
       7
       6
       3
       3
       7
       2
       6
       1
       4
       4
       5
       7
       2
       4
       2
       2
       2
       5
       1
       7
       1
       7
       8
       4
       4
       2
       1
       3
       3
       6
       2
       5
       1
       8
       4
       2
       1
       3
       3
       5
       2
       1
       4
       4
       6
       5
       5
       2
       5
       2
       3
       6
       5
       5
       4
       3
       2
       7
       8
       6
       3
       2
       5
       3
       5
       6
       6
       0
       2
       6
       3
       4
       5
       0
       5
       6
       5
       1
       3
       4
       1
       4
       1
       3
       6
       3
       2
       6
       6
       4
       7
       7
       4
       2
       5
       3
       4
       4
       2
       8
       4
       4
       5
       2
       3
       1
       3
       5
       4
       5
       5
       2
       5
       3
       2
       6
       7
       5
       5
       5
       7
       6
       5
       6
       3
       2
       1
       4
       3
       5
       4
       3
       4
       7
       4
       3
       5
       8
       3
       4
       5
       3
       3
       4
       9
       7
       6
       1
       8
       3
       2
       4
       8
       5
       2
       3
       1
       7
       5
       9
       1
       1
       2
       5
       3
       4
       3
       4
       4
       4
       3
       8
       4
       5
       6
       6
       4
       4
       6
       3
       1
       3
       6
       3
       3
       6
       8
       1
       3
       1
       4
       1
       2
       8
       5
       4
       4
       3
       6
       1
       6
       6
       0
       4
       6
       5
       2
       4
       3
       4
       4
       3
       1
       6
       6
       5
       6
       2
       4
       6
       4
       1
       4
       5
       4
       4
       7
       3
       2
       2
       6
       3
       2
       1
       1
       4
       5
       1
       8
       6
       5
       3
       2
       1
       5
       0
       4
       3
       2
       1
       1
       1
       3
       3
       4
       5
       3
       2
       1
       5
       4
       4
       4
       4
       1
       1
       5
       6
       1
       1
       9
       5
       4
       4
       3
       2
       2
       2
       0
       5
       3
       5
       5
       7
       3
       5
       6
       4
       6
       4
       5
       4
       3
       2
       4
       4
       1
       3
       3
       3
       7
       6
       6
       5
       5
       5
       5
       0
       6
       3
      10
       3
       4
       5
       1
       4
       2
       5
       2
       3
       4
       3
       1
       2
       7
       3
       1
       2
       1
       1
       6
       2
       8
       8
       3
       3
       3
       5
       1
       5
       1
       2
       4
       4
       1
       3
       2
       7
       2
       3
       4
       4
       0
       4
       4
       3
       3
       1
       4
       3
       2
       6
       2
       2
       2
       7
       5
       3
       1
       4
       3
       2
       3
       4
       6
       2
       2
       6
       4
       3
       1
       2
       4
       5
       3
       3
       2
       1
       3
       3
       5
       4
       4
       7
       1
       3
       4
       3
       4
       4
       3
       2
       0
       6
       4
       3
       2
       4
       3
       3
       2
       1
       4
       6
       5
       2
       2
       6
       6
       2
       6
       3
       3
       4
       1
       2
       1
       6
       3
       4
       4
       2
       3
       4
       2
       1
       2
       2
       1
       4
       2
       3
       0
       3
       1
       2
       3
       2
       5
       3
       4
       5
       4
       5
       3
       2
       2
       2
       0
       5
       3
       3
       5
       4
       1
       2
       1
       3
       3
       3
       2
       3
       4
       1
       2
       5
       4
       6
       3
       0
       1
       5
       1
       0
       5
       3
       0
       3
       1
       1
       2
       2
       3
       5
       1
       2
       2
       1
       2
       1
       1
       1
       1
       1
       1
       3
       1
       0
       3
       1
       2
       3
       8
       3
       3
       5
       2
       1
       3
       2
       3
       3
       1
       3
       3
       2
       3
       3
       1
       3
       3
       4
       7
       3
       0
       3
       1
       2
       3
       2
       0
       5
       2
       4
       1
       2
       5
       3
       3
       6
       0
       6
       1
       1
       3
       5
       2
       6
       6
       2
       3
       1
       3
       2
       1
       3
       5
       3
       3
       6
       4
       2
       1
       3
       4
       3
       2
       2
       3
       4
       4
       7
       4
       4
       0
       0
       6
       6
       1
       6
       6
       1
       1
       3
       6
       5
       4
       3
       0
       2
       3
       3
       3
       3
       2
       4
       5
       4
       3
       2
       2
       3
       1
       2
       2
       2
       2
       3
       5
       4
       3
       1
       3
       2
       8
       1
       4
       4
       3
       6
       3
       3
       2
       6
       4
       2
       5
       4
       7
       2
       5
       2
       3
       1
       3
       5
       5
       1
       2
       1
       3
       2
       8
       3
       1
       3
       1
       6
       2
       1
       9
       7
       2
       2
       3
       2
       4
       2
       5
       4
       2
       0
       3
       1
       1
       0
       3
       4
       3
       1
       7
       1
       4
       2
       1
       3
       4
       1
       4
       1
       5
       7
       3
      10
       1
       2
       6
       3
       4
       1
       4
       1
       5
       3
       3
       4
       2
       2
       4
       3
       1
       1
       2
       0
       3
       6
       2
       3
       1
       1
       3
       3
       4
       3
       1
       2
       1
       4
       0
       3
       1
       4
       4
       6
       5
       2
       1
       4
       3
       2
       1
       1
       3
       2
       5
       3
       3
       3
       2
       3
       4
       5
       5
       5
       4
       3
       3
       3
       4
       5
       3
       2
       3
       4
       3
       3
       1
       1
       2
       2
       1
       3
       3
       1
       4
       1
       3
       2
       1
       6
       2
       2
       2
       7
       2
       4
       5
       5
       6
       6
       5
       3
       3
       4
       2
       3
       4
       2
       0
       0
       3
       2
       3
       3
       2
       7
       3
       3
       1
       3
       3
       3
       3
       3
       3
       4
       3
       2
       2
       4
       4
       5
       3
       2
       2
       4
       1
       0
       2
       3
       3
       2
       1
       5
       2
       4
       2
       5
       5
       5
       4
       3
       0
       4
       4
       2
       1
       1
       2
       0
       1
       2
       2
       3
       2
       1
       2
      10
       0
       4
       3
       1
       2
       3
       4
       2
       4
       2
       7
       6
       2
       2
       2
       1
       5
       3
       3
       2
       3
       2
       3
       2
       2
       4
       3
       1
       1
       3
       0
       5
       4
       1
       4
       1
       2
       3
       4
       2
       4
       4
       5
       6
       3
       2
       5
       2
       4
       0
       2
       7
       3
       2
       2
       5
       3
       6
       1
       1
       3
       8
       5
       8
       1
       3
       0
       5
       6
       3
       2
       2
       5
       3
       2
       5
       2
       4
       1
       3
       3
       0
       1
       1
       3
       4
       3
       0
       4
       1
       3
       4
       1
       3
       4
       3
       4
       3
       2
       4
       5
       1
       4
       3
       3
       0
       5
       2
       2
       7
       6
       3
       4
       2
       2
       6
       5
       3
       2
       3
       6
       2
       4
       4
       6
       3
       6
       2
       3
       1
       2
       4
       2
       4
       1
       4
       4
       5
       3
       3
       5
       6
       7
       1
      10
       6
       9
       6
       6
       7
      10
       8
      11
      16
      20
      20
      12
      29
      24
      22
      25
      30
      49
      39
      60
      59
      61
      56
      72
      59
      60
      61
      69
      57
      48
      39
      32
      34
      25
      22
      11
       5
       6
       5
       6
       5
       3
       3
       3
       4
       6
       4
       4
       3
       3
       1
       1
       0
       0
       1
       4
       0
       3
       0
       1
       3
       1
       2
       3
       4
       2
       3
       3
       2
       3
       3
       4
       4
       4
       2
       3
       1
       1
       3
       2
       3
       4
       1
       4
       3
       3
       4
       0
       1
       5
       6
       2
       1
       7
       3
       4
       3
       4
       2
       3
       4
       6
       1
       2
       3
       3
       1
       5
       1
       4
       2
       7
       4
       3
       0
       3
       1
       5
       1
       6
       4
       5
       2
       4
       4
       2
       3
       4
       2
       3
       4
       6
       4
       2
       3
       3
       3
       4
       5
       5
       2
       1
       0
       3
       1
       3
       4
       2
       3
       3
       4
       3
       3
       2
       2
       2
       0
       2
       1
       4
       4
       4
       1
       4
       4
       4
       2
       1
       2
       0
       4
       1
       2
       4
       4
       0
       3
       1
       2
       3
       5
       3
       1
       3
       0
       7
       3
       4
       2
       2
       2
       1
       2
       2
       2
       4
       3
       3
       3
       2
       4
       4
       1
       3
       3
       4
       1
       2
       1
       4
       2
       2
       1
       1
       3
       3
       1
       2
       3
       0
       0
       3
       1
       2
       2
       4
       0
       0
       1
       1
       3
       1
       2
       0
       1
       2
       0
       1
       2
       5
       3
       3
       5
       0
       1
       2
       3
       6
       1
       5
       3
       2
       0
       4
       3
       3
       2
       2
       2
       4
       3
       2
       2
       0
       5
       5
       4
       3
       0
       0
       0
       6
       2
       4
       3
       0
       3
       3
       4
       4
       3
       0
       0
       1
       0
       2
       2
       2
       2
       2
       3
       2
       0
       3
       1
       0
       4
       3
       1
       4
       0
       2
       1
       3
       2
       1
       3
       4
       1
       2
       2
       1
       1
       1
       3
       1
       4
       6
       3
       3
       0
       1
       1
       1
       1
       1
       1
       1
       3
       1
       1
       3
       2
       2
       2
       4
       1
       1
       2
       2
       4
       1
       3
       1
       1
       2
       5
       2
       3
       9
       2
       1
       1
       4
       6
       2
       5
       0
       4
       2
       0
       0
       0
       0
       0
       0
       0
       0
       0
       0
       0
       0
       0
       0
       0
       0
       0
       0
       0
       0
       0
       0
       0
       0
       0
       0
       0
       0
       0
       0
       0
       0
       0
       0
       0
       0
       0
       0
       0
       0
       0
       0
       0
       0
       0
       0
       0
       0
       0
       0
       0
       0
       0
       0
       0
       0
       0
       0
       0
       0
       0
       0
       0
       0
       0
       0
       0
       0
       0
       0
       0
       0
       0
       0
       0
       0
       0
       0
       0
       0
       0
       0
       0
       0
       0
       0
       0
       0
       0
       0
       0
       0
       0
       0
       0
       0
       0
       0
       0
       0
       0
       0
       0
       0
       0
       0
       0
       0
       0
       0
       0
       0
       0
       0
       0
       0
       0
       0
       0
       0
       0
       0
       0
       0
       0
       0
       0
       0
$ROI:
1
4146 4168
$PRESETS:
Live Time
600
0
$ENER_FIT:
-1.504534 0.196418
$MCA_CAL:
3
-1.504534E+000 1.964177E-001 -1.544040E-007 keV
$SHAPE_CAL:
3
0.000000E+000 0.000000E+000 0.000000E+000
