$SPEC_ID:
HFNG Beamline
$SPEC_REM:
DET# 2
DETDESC# EasyMCA
AP# Maestro Version 7.01
$DATE_MEA:
06/22/2018 13:36:32
$MEAS_TIM:
600 603
$DATA:
0 8191
       0
       0
       0
       0
       0
       0
       0
       0
       0
       0
       0
       0
       0
       0
       0
       0
       1
       0
       0
       0
       0
       1
       0
       1
       0
       0
       0
       0
       0
       0
       0
       0
       0
       0
       0
       0
       0
       0
       0
       0
       0
       0
       0
       0
       0
       0
       0
       0
      90
     218
     206
     165
     203
     193
     200
     201
     219
     176
     210
     235
     198
     198
     217
     209
     189
     177
     181
     187
     208
     203
     205
     182
     178
     188
     209
     170
     187
     165
     175
     197
     183
     160
     173
     175
     171
     185
     164
     157
     177
     147
     156
     163
     161
     158
     168
     159
     166
     180
     167
     155
     151
     176
     158
     154
     143
     141
     167
     140
     156
     151
     140
     154
     168
     146
     152
     141
     156
     147
     140
     141
     146
     147
     143
     136
     151
     156
     138
     149
     149
     136
     150
     149
     141
     149
     140
     123
     148
     152
     144
     140
     128
     136
     126
     125
     147
     142
     149
     127
     140
     141
     141
     142
     137
     137
     124
     118
     124
     116
     126
     134
     134
     136
     146
     120
     126
     127
     133
     124
     117
     123
     118
     131
     124
     119
     123
     132
     135
     121
     136
     128
     130
     116
     112
     137
     125
     116
     137
      99
     135
     136
     115
     144
     137
     116
     137
     111
     117
     112
     125
     132
     140
     113
     136
     101
     134
     115
     123
     112
     127
     106
     125
     121
      94
     106
     114
     141
     112
     108
     116
     123
     123
     123
     104
     108
     129
     107
     129
     109
     120
      98
     104
     107
     117
     100
     113
     118
     112
      93
     117
     125
     120
     128
     120
     111
     112
     127
     113
     115
     104
     119
     108
     107
     148
     126
     128
     119
     117
     122
     100
     111
      99
     112
     103
     131
     116
     118
      95
      91
     124
     104
     121
     101
     107
      96
     127
      98
     109
     116
      94
     114
     106
     133
     102
     142
     110
      91
     120
     102
     114
     103
      98
     110
     100
     105
      98
     107
     109
     106
      91
      97
      99
     106
     110
     122
     117
      92
     117
     118
     111
     127
     110
     105
     101
     120
     115
      95
      99
     108
     113
     126
     108
     110
      97
     101
      75
     107
     109
      98
     105
      95
     104
     123
     122
     108
      91
     109
      92
     109
     113
     103
     105
     112
     106
     113
     126
      99
     109
     111
     107
     122
     104
     113
      94
     111
     113
     103
     129
     111
     106
     112
     117
     107
     114
      97
     100
     117
     102
     105
     110
     118
     134
     149
     219
     223
     220
     207
     165
     129
     109
     112
     136
     136
     172
     255
     319
     337
     304
     222
     147
     113
     117
     123
     110
      92
      94
     101
     102
     125
     108
      84
      83
      98
     126
     109
      77
      97
      90
      99
     103
      89
     108
     105
     100
     100
     128
     107
      91
     104
      97
      93
     108
     100
     101
     110
      96
      97
     122
      87
      98
     101
     116
     112
     134
     182
     196
     189
     212
     174
     154
     130
     111
     102
      73
     109
     108
     105
     130
     138
     148
     125
     128
     108
     117
     105
      99
      99
      84
      86
      89
     116
      88
      99
      95
      98
      80
     107
     105
     115
      76
      96
      83
      74
      95
     103
      99
      87
      88
      88
     106
      85
     114
      90
      81
      91
      90
     105
      98
     102
      98
     102
      92
      89
      69
     106
     106
     108
      88
      95
      75
     101
      96
     106
     113
     111
      89
      99
     107
     110
      86
      99
     119
      90
     112
      84
     112
     103
     107
      92
     105
      94
     101
      89
     105
      87
     103
      97
     113
      96
     117
     100
      99
      95
     104
      72
      79
      93
     110
      99
     127
      90
     106
      97
     109
      88
     111
     104
     110
     118
      96
     103
      88
      97
     108
      96
      87
      99
     120
     107
      97
     105
      93
      92
      83
     100
     103
      81
      96
     108
      80
      97
      90
     105
     103
      92
     125
      99
     102
     103
      81
      86
      90
      93
     113
      81
      99
     105
      98
     112
     114
      89
      90
      94
     110
     112
     101
      85
      92
     109
      87
     124
      97
      93
      92
     106
      91
      92
     119
      81
      86
     100
     105
      96
     106
      87
     102
      97
      86
      97
     112
      88
     113
     111
     119
     113
     101
      94
      97
      92
     121
     125
      90
      93
      81
     102
     107
     107
     104
     111
      98
      95
      98
      94
     106
      97
      89
     106
     107
      90
     114
     114
      93
     113
     101
      99
     105
      91
     102
     100
      95
     101
      98
      96
     121
     112
     105
     120
      86
     108
     111
     119
     111
     105
     112
      94
     120
     107
     108
     104
      96
     103
     120
     104
     105
     109
     102
      96
     123
      96
     102
     112
     107
      97
      98
      93
     124
      96
      98
     120
      98
     111
      95
     118
     115
     134
     115
     127
     167
     211
     332
     438
     509
     442
     351
     199
     145
     119
     140
     116
      95
     112
     109
     100
     107
     116
     112
     114
     111
     103
     106
      97
     108
      95
     103
      95
      91
     121
     104
     116
     134
     105
     110
     125
      99
     114
     115
     118
     153
     118
      94
     143
     125
     139
     111
     119
     124
     100
     123
     145
     131
     108
     128
     115
     139
     125
     132
     138
     104
     138
     138
     112
     129
     126
     124
     133
     102
     130
     119
     140
     115
     121
     120
     118
     141
     122
     115
     121
     114
     147
     130
     137
     146
     130
     115
     119
     134
     145
     122
     114
     132
     130
     130
     130
     115
     121
     110
     106
     142
     119
     120
     143
     117
     134
     145
     139
     130
     116
     141
     112
     138
     122
     112
     125
     117
     128
     142
     128
     133
     117
     116
     124
     118
     154
     144
     135
     133
     132
     114
     123
     118
     140
     111
     118
     124
     115
     122
     136
     118
     120
     127
     147
     136
     134
     127
     148
     113
     111
     115
     123
     128
     148
     119
     110
     106
     130
     144
     128
     125
     133
     133
     141
     146
     133
     115
     132
     138
     107
     130
     116
     122
     120
     105
     123
     143
     130
     134
     119
     129
     108
     105
     127
     128
     134
     120
     134
     135
     132
     117
     115
     138
     120
     121
     104
     136
     143
     120
     132
     137
     128
     128
     159
     125
     127
     129
     119
     117
     142
     131
     138
     122
     134
     143
     134
     135
     124
     133
     129
     108
     121
     117
     108
     114
     133
     140
     132
     111
     129
     107
     111
     104
     126
     127
     137
     118
     114
     105
     131
     129
     116
     131
     108
     126
     127
     120
     145
     132
     122
     114
     116
     129
     122
      94
     115
     119
     112
     117
     122
     122
     116
     112
     113
     125
     121
     112
     133
      94
     118
     118
     107
     123
     116
      97
     111
     112
     120
     123
     110
     103
     101
      99
     123
     120
     121
      94
     106
     100
     100
      95
     109
      95
      84
      90
     109
     108
     103
     111
      89
     101
      95
     106
      99
      90
      98
     105
     113
     107
      96
     110
     110
      90
      90
     101
      95
      98
     104
     103
      87
     111
     106
     114
      85
      89
      80
      88
     103
     103
      99
      84
      88
      94
      90
      95
      95
      86
      93
     116
      96
     103
      92
      93
      85
     101
      78
     100
     104
     110
      83
      90
      96
      84
      85
      90
      99
     107
      79
      88
     113
     101
      89
      96
     102
     100
     108
      80
      94
      92
      99
     105
      81
     103
      69
      88
      96
     102
      94
     103
     100
     105
      81
     106
     101
      84
     102
     109
      90
     104
      91
     112
      87
     101
      95
     115
     125
      77
      83
     111
      93
      88
     103
      86
      85
      88
      79
      99
      91
      95
      93
     103
     104
     115
      90
      99
      96
      98
      76
      90
      78
      93
      87
     109
      92
      81
     109
     113
      90
     116
      84
      98
     111
      98
      83
     100
      91
      83
     103
     105
      87
      98
      96
      98
      93
      91
     100
     119
      86
      79
     108
      95
      91
     101
     103
      79
      91
     112
     106
      79
      75
      71
      94
      81
      92
      83
     103
      69
      95
      77
      79
     103
      78
      93
      96
      84
     100
      88
      93
      90
      96
      85
      84
      93
      92
     101
      88
      91
      93
      77
     100
      94
      93
      98
     113
      79
      91
      91
     106
      96
      83
      76
      75
      98
      74
      88
      73
      88
      84
     100
      92
     100
      76
      85
      92
      87
      89
      75
      72
      85
     103
      82
      96
      75
      92
      74
      83
      88
      77
      97
      84
      79
      85
      93
      97
      76
      84
      87
      71
      86
      80
      72
      80
      77
      72
      77
      83
      83
      77
      84
      56
      88
      73
      83
      60
      65
      78
      99
      75
      71
      77
      77
      76
      87
      72
      83
      81
      86
      79
      80
      67
      81
      92
      70
      72
      68
      74
      74
      74
      70
      84
      80
      67
      85
      74
      79
      80
      75
      80
      76
      86
      77
      88
      87
      78
      77
      90
      69
      80
      67
      81
      82
      73
      79
      78
      67
      61
      69
      89
      78
      81
      75
      73
      75
      74
      66
      65
      70
      65
      67
      65
      42
      76
      60
      72
      78
      73
      78
      70
      68
      68
      70
      60
      69
      73
      63
      72
      75
      69
      65
      64
      74
      84
      65
      94
      90
      75
      93
      62
      64
      78
      78
      55
      70
      72
      64
      68
      74
      52
      57
      59
      66
      64
      58
      63
      65
      74
      76
      57
      62
      82
      76
      55
      59
      67
      67
      67
      53
      75
      70
      66
      69
      53
      65
      65
      66
      68
      73
      73
      73
      58
      82
      60
      67
      73
      63
      57
      58
      56
      68
      59
      59
      60
      53
      62
      66
      56
      46
      57
      61
      58
      52
      61
      63
      60
      51
      51
      55
      59
      51
      58
      52
      60
      79
      63
      73
      67
      66
      63
      65
      40
      63
      67
      57
      55
      60
      58
      61
      70
      57
      57
      52
      64
      64
      55
      59
      55
      54
      61
      59
      62
      50
      54
      56
      52
      58
      58
      56
      48
      57
      70
      67
      61
      61
      61
      57
      50
      47
      72
      58
      66
      73
      65
      57
      55
      53
      64
      39
      70
      63
      56
      55
      63
      57
      60
      53
      47
      70
      54
      57
      64
      60
      62
      60
      64
      56
      53
      49
      56
      70
      49
      57
      59
      49
      64
      49
      55
      63
      59
      50
      43
      43
      47
      53
      41
      62
      50
      46
      64
      38
      65
      49
      56
      65
      57
      44
      62
      68
      67
      37
      47
      45
      48
      58
      52
      59
      54
      47
      57
      47
      52
      53
      60
      45
      53
      51
      51
      53
      36
      62
      43
      44
      68
      52
      60
      69
      44
      52
      49
      52
      41
      42
      52
      49
      50
      47
      51
      45
      57
      38
      47
      47
      50
      52
      44
      36
      40
      44
      31
      48
      53
      45
      45
      51
      58
      44
      46
      49
      53
      64
      54
      38
      48
      48
      59
      57
      43
      62
      37
      40
      51
      39
      49
      52
      41
      57
      52
      53
      56
      31
      42
      49
      35
      58
      50
      48
      39
      52
      35
      53
      39
      54
      55
      41
      56
      44
      53
      49
      38
      47
      38
      49
      44
      50
      58
      43
      45
      55
      49
      37
      47
      49
      46
      44
      35
      41
      46
      50
      55
      39
      46
      46
      45
      53
      51
      39
      41
      48
      51
      50
      40
      46
      52
      33
      41
      52
      46
      56
      35
      54
      51
      41
      45
      46
      59
      43
      61
      44
      46
      50
      53
      47
      54
      53
      38
      49
      45
      42
      64
      62
      46
      50
      56
      45
      47
      44
      58
      49
      53
      59
      58
      47
      51
      52
      58
      55
      59
      57
      83
      86
      90
     113
     135
     271
     349
     674
    1165
    1819
    2441
    3045
    3135
    2886
    2360
    1515
     935
     477
     209
      66
      50
      28
      38
      30
      32
      29
      39
      33
      39
      34
      27
      31
      41
      38
      31
      37
      35
      31
      40
      26
      32
      40
      36
      40
      34
      27
      39
      29
      39
      32
      29
      38
      25
      43
      26
      28
      34
      23
      27
      32
      34
      35
      43
      31
      31
      32
      33
      29
      32
      39
      45
      34
      40
      15
      26
      30
      29
      29
      27
      30
      25
      38
      27
      32
      38
      43
      35
      28
      32
      48
      29
      37
      35
      26
      31
      30
      30
      23
      28
      28
      29
      40
      33
      33
      37
      36
      47
      46
      55
      62
      53
      55
      45
      49
      45
      41
      40
      28
      28
      34
      32
      34
      40
      29
      28
      28
      29
      34
      24
      27
      34
      38
      29
      37
      31
      31
      24
      18
      21
      31
      39
      42
      30
      27
      24
      36
      34
      29
      31
      29
      31
      37
      29
      19
      21
      28
      17
      24
      34
      28
      28
      30
      35
      28
      32
      25
      22
      31
      33
      28
      39
      26
      38
      26
      28
      31
      32
      25
      27
      40
      20
      32
      35
      23
      23
      32
      28
      35
      16
      26
      34
      36
      31
      33
      25
      35
      28
      35
      37
      38
      24
      42
      32
      32
      30
      28
      23
      31
      28
      31
      36
      27
      30
      32
      23
      31
      36
      29
      33
      37
      21
      38
      18
      32
      28
      30
      25
      25
      32
      24
      29
      25
      23
      39
      32
      31
      33
      23
      36
      24
      21
      24
      35
      27
      39
      27
      31
      28
      31
      40
      38
      27
      27
      27
      31
      28
      28
      27
      25
      29
      24
      30
      32
      25
      31
      27
      36
      29
      28
      32
      34
      21
      32
      23
      25
      23
      31
      32
      24
      32
      25
      28
      18
      36
      34
      27
      31
      24
      41
      55
      60
      83
      87
     154
     157
     183
     216
     199
     197
     125
     102
      56
      32
      31
      31
      26
      37
      25
      37
      23
      38
      30
      31
      22
      39
      29
      16
      24
      28
      24
      31
      15
      26
      28
      37
      36
      31
      24
      30
      23
      26
      30
      29
      18
      26
      32
      20
      23
      27
      26
      32
      28
      25
      28
      31
      24
      32
      42
      32
      32
      27
      22
      28
      31
      26
      27
      26
      25
      34
      22
      32
      27
      17
      24
      31
      26
      36
      31
      31
      32
      23
      24
      23
      41
      25
      27
      28
      28
      32
      26
      30
      31
      31
      32
      33
      33
      26
      31
      29
      33
      35
      34
      32
      38
      23
      32
      27
      24
      26
      35
      30
      19
      30
      24
      25
      32
      27
      35
      37
      37
      29
      30
      32
      54
      48
      41
      50
      74
     110
     144
     238
     418
     614
     768
     896
     947
     913
     839
     658
     425
     230
     143
      69
      36
      30
      22
      26
      22
      26
      37
      27
      19
      35
      30
      31
      15
      22
      26
      31
      29
      18
      22
      23
      25
      20
      18
      25
      31
      29
      27
      27
      33
      24
      26
      22
      30
      28
      26
      18
      13
      31
      21
      29
      19
      21
      20
      26
      27
      23
      24
      18
      11
      27
      21
      27
      27
      24
      14
      12
      19
      22
      23
      13
      34
      22
      24
      29
      18
      22
      18
      25
      20
      21
      20
      24
      24
      20
      26
      18
      20
      25
      28
      23
      27
      22
      21
      32
      28
      27
      24
      21
      21
      15
      18
      19
      26
      24
      25
      21
      23
      19
      23
      24
      24
      17
      19
      32
      21
      27
      20
      25
      17
      25
      26
      19
      27
      19
      23
      24
      23
      19
      23
      31
      24
      25
      29
      19
      31
      15
      27
      25
      33
      30
      28
      13
      23
      28
      34
      25
      24
      20
      21
      26
      20
      26
      25
      18
      27
      21
      24
      26
      26
      25
      17
      26
      24
      17
      23
      18
      23
      30
      16
      21
      22
      20
      23
      20
      17
      23
      29
      34
      18
      25
      26
      21
      24
      28
      18
      18
      25
      15
      25
      13
      26
      20
      32
      25
      21
      28
      18
      17
      16
      10
      25
      23
      26
      26
      18
      28
      24
      23
      17
      23
      18
      23
      29
      20
      24
      23
      19
      24
      25
      22
      24
      17
      17
      31
      24
      24
      19
      28
      18
      23
      16
      20
      26
      26
      27
      35
      28
      44
      45
      59
      46
      36
      40
      25
      32
      26
      21
      28
      21
      26
      29
      29
      23
      21
      22
      12
      30
      16
      19
      22
      21
      29
      24
      28
      17
      27
      22
      30
      18
      19
      25
      20
      23
      19
      22
      18
      24
      15
      25
      15
      17
      22
      19
      18
      19
      20
      19
      22
      14
      17
      17
      19
      22
      20
      30
      16
      26
      13
      13
      23
      23
      24
      20
      19
      15
      16
      22
      21
      15
      22
      26
      16
      18
      17
      17
      20
      29
      23
      17
      21
      14
      27
      25
      17
      32
      20
      34
      23
      18
      31
      23
      14
      18
      31
      19
      22
      26
      25
      27
      21
      18
      19
      15
      16
      20
      28
      19
      22
      24
      25
      22
      19
      15
      22
      22
      28
      30
      22
      25
      17
      24
      34
      21
      23
      15
      28
      21
      20
      17
      24
      33
      15
      15
      24
      20
      40
      19
      20
      24
      18
      25
      23
      26
      22
      26
      21
      24
      23
      21
      22
      16
      24
      23
      20
      20
      17
      20
      20
      23
      16
      22
      23
      23
      18
      21
      20
      21
      23
      24
      18
      24
      21
      19
      28
      24
      37
      22
      17
      22
      31
      25
      19
      24
      20
      24
      22
      19
      22
      16
      20
      25
      15
      23
      11
      19
      28
      24
      20
      19
      19
      23
      24
      19
      21
      21
      21
      19
      25
      27
      19
      13
      21
      18
      19
      19
      22
      21
      18
      15
      24
      22
      23
      21
      24
      17
      23
      20
      32
      20
      18
      22
      23
      27
      21
      23
      28
      25
      30
      18
      26
      34
      38
      40
      31
      32
      32
      28
      34
      37
      26
      31
      35
      18
      18
      34
      15
      32
      22
      31
      19
      34
      23
      15
      19
      30
      21
      17
      21
      17
      23
      26
      24
      21
      21
      25
      21
      19
      19
      20
      25
      16
      21
      26
      21
      18
      20
      23
      27
      20
      26
      25
      24
      22
      30
      26
      23
      32
      20
      20
      25
      15
      17
      17
      20
      22
      19
      18
      20
      17
      11
      20
      20
      17
      25
      19
      23
      26
      16
      14
      22
      16
      19
      20
      21
      13
      31
      13
      22
      22
      23
      23
      18
      22
      25
      18
      18
      21
      16
      18
      18
      25
      19
      18
      15
      23
      23
      24
      25
      20
      16
      17
      20
      22
      22
      20
      32
      23
      23
      16
      20
      28
      28
      21
      16
      21
      20
      19
      18
      23
      22
      22
      22
      23
      31
      16
      16
      37
      21
      13
      10
      22
      14
      25
      17
      22
      33
      21
      20
      17
      21
      30
      25
      15
      16
      18
      24
      20
      29
      28
      20
      21
      23
      28
      14
      21
      25
      16
      22
      17
      26
      16
      20
      17
      22
      25
      26
      27
      31
      19
      20
      19
      24
      16
      22
      17
      22
      19
      24
      26
      28
      24
      29
      23
      27
      20
      15
      20
      20
      27
      18
      19
      21
      19
      20
      21
      18
      22
      22
      24
      21
      29
      27
      21
      20
      24
      16
      25
      22
      22
      17
      24
      24
      23
      28
      13
      23
      22
      21
      28
      15
      27
      21
      30
      26
      18
      32
      20
      24
      22
      23
      18
      16
      15
      24
      18
      19
      20
      15
      21
      27
      16
      13
      25
      29
      17
      20
      19
      17
      22
      16
      25
      18
      21
      19
      24
      24
      21
      19
      21
      20
      16
      29
      18
      18
      16
      19
      13
      16
      19
      24
      23
      20
      13
      20
      24
      20
      24
      21
      21
      25
      20
      23
      31
      28
      21
      21
      11
      21
      18
      24
      25
      27
      24
      24
      23
      23
      30
      29
      17
      14
      21
      13
      22
      20
      11
      25
      27
      23
      14
      17
      17
      16
      19
      15
      27
      22
      23
      20
      27
      29
      18
      20
      23
      19
      24
      21
      23
      16
      21
      15
      13
      22
      28
      20
      28
      22
      21
      27
      21
      18
      18
      29
      24
      20
      26
      19
      26
      18
      23
      21
      23
      20
      19
      18
      25
      19
      27
      23
      12
      19
      18
      21
      15
      26
      18
      26
      25
      18
      19
      18
      32
      17
      23
      13
      14
      27
      18
      21
      19
      19
      18
      26
      20
      21
      21
      24
      19
      15
      22
      24
      21
      25
      21
      23
      32
      27
      24
      19
      23
      22
      26
      20
      23
      27
      16
      15
      16
      23
      25
      14
      30
      30
      22
      23
      19
      20
      30
      24
      23
      21
      20
      24
      18
      22
      20
      19
      28
      22
      17
      27
      18
      17
      28
      20
      24
      30
      22
      16
      23
      19
      20
      20
      24
      18
      23
      24
      38
      25
      27
      29
      21
      18
      28
      19
      25
      21
      17
      23
      23
      17
      20
      16
      18
      22
      16
      20
      27
      13
      22
      33
      21
      18
      30
      25
      20
      24
      18
      19
      16
      21
      13
      21
      19
      15
      16
      25
      19
      28
      22
      14
      21
      26
      21
      24
      19
      31
      17
      23
      23
      22
      17
      29
      20
      21
      30
      16
      25
      27
      24
      26
      22
      22
      20
      29
      19
      21
      27
      25
      23
      24
      17
      23
      23
      30
      23
      24
      20
      17
      24
      27
      22
      18
      17
      25
      20
      20
      15
      19
      24
      15
      22
      19
      26
      25
      20
      25
      22
      20
      21
      15
      15
      22
      22
      28
      21
      31
      23
      26
      32
      18
      37
      22
      14
      14
      20
      23
      20
      33
      21
      29
      20
      26
      25
      21
      19
      23
      16
      18
      26
      20
      21
      11
      16
      23
      26
      18
      23
      24
      18
      20
      20
      20
      23
      23
      22
      22
      17
      22
      16
      20
      19
      15
      29
      22
      21
      22
      26
      28
      26
      23
      20
      18
      16
      24
      29
      23
      23
      22
      22
      23
      20
      18
      17
      20
      27
      28
      14
      15
      22
      21
      16
      17
      15
      26
      26
      23
      22
      15
      23
      15
      19
      26
      21
      24
      26
      22
      11
      14
      13
      21
      14
      16
      19
      25
      27
      19
      17
      19
      22
      15
      13
      25
      20
      24
      19
      17
      18
      22
      23
      20
      20
      22
      18
      11
      15
      13
      16
      26
      18
      17
      32
      17
      21
      15
      20
      24
      13
      22
      19
      21
      25
      16
      15
      16
      14
      22
      17
      29
      23
      26
      15
      18
      18
      22
       9
      24
      23
      19
      21
      12
      11
      30
      23
      19
      24
      20
      24
      15
      20
      19
      16
      13
      17
      27
      15
      17
      23
      12
      28
      15
      21
      21
      18
      18
      16
      14
      21
      22
      12
      20
      21
      22
      16
      22
      15
      21
      27
      18
      24
      18
      18
      18
      16
      21
      20
      20
      19
      17
      12
      24
      18
      18
      16
      21
      20
      15
      12
      12
      20
      18
      13
      17
      15
      17
      22
      28
      27
      21
      22
      17
      25
      15
      17
      18
      24
      19
      15
      16
      11
      13
      20
      23
      22
      16
      18
      19
      28
      16
      21
      18
      12
      18
      14
      21
      18
      16
      16
      14
      20
      20
      23
      14
      17
      23
      11
      33
      16
      21
      24
      23
      27
      16
      14
      18
      12
      19
      14
      15
      13
      13
      20
      15
      23
      23
      27
      18
      24
      19
      21
      21
      25
      24
      18
      19
      18
      25
      18
      24
      12
      16
      27
      16
      22
      20
      20
      25
      20
      20
      15
      16
      13
      15
      18
      16
      14
      17
      15
      21
      20
      18
      21
      12
      15
      18
      23
      15
      15
      19
      23
      16
      17
      10
      19
      25
      21
      12
      11
      23
      20
      22
      23
      24
      17
      21
      19
      20
      15
      19
      21
      17
      16
      28
      24
      24
      21
      28
      16
      24
      21
      22
      10
      15
      15
      17
      13
      17
      18
      20
      22
      19
      22
      22
      14
      22
      14
      13
      16
      16
      19
      19
      22
      16
      20
      21
      16
      21
      15
      19
      17
      17
      18
      16
      14
      21
      16
      17
      20
      14
      21
      23
      14
      22
      13
      16
      21
      35
      18
      16
      15
      18
      22
      17
      22
      20
      19
      22
      21
      15
      18
      18
      18
      14
      24
      17
      18
      24
      13
      18
      23
      18
      23
      14
      24
      15
      27
      16
      19
      22
      15
      22
      20
      22
      21
      22
      19
      24
      21
      22
      18
      25
      14
      21
      14
      27
      21
      20
      22
      21
      23
      20
      17
      22
      21
      18
      25
      23
      14
      20
      13
      17
      24
      19
      17
      22
      18
      16
      13
      19
      24
      16
      20
      20
      26
      19
      29
      25
      25
      14
      21
      22
      22
      19
      19
      20
      20
      15
      16
      24
      24
      19
      16
      28
      17
      22
      22
      16
      19
      25
      26
      20
      29
       9
      22
       8
      18
      12
      23
      25
      19
      18
      19
      25
      27
      16
      14
      18
      12
      25
      21
      22
      18
      17
      13
       8
      15
      14
      22
      25
      21
      30
      24
      19
      22
      13
      18
      12
      22
      27
      17
      24
      21
      23
      12
      13
      22
       9
      23
      12
      21
      21
      12
      12
      17
      22
      11
      21
      22
      19
      24
      19
      20
      15
      18
      12
      16
      18
      19
      23
      19
      20
      12
      14
      11
      18
      19
      20
      22
      24
      15
      22
      13
      14
      14
      27
      19
      18
      19
      21
      16
      24
      22
      16
      18
      22
      21
      19
      18
      21
      25
      19
      10
      14
      23
      23
      24
      28
      22
      16
      13
      17
      21
      19
      15
      20
      21
      14
      15
      12
      21
      17
      23
      13
      25
      21
      23
      17
      14
      17
      14
      14
      15
      16
      21
      23
      21
      13
      34
      10
       8
      16
      11
      15
      19
      17
      21
      14
      26
      15
      22
      18
      23
      12
      19
      24
      23
      15
      13
      21
      21
      23
      16
      11
      23
      13
      16
      15
      14
      20
       9
      14
      16
      21
      21
       8
      19
      17
      22
       9
      20
      13
      28
      12
      22
      23
      12
      28
      23
      18
      20
      16
      17
      15
      12
      22
      17
      21
      26
      12
      21
      25
      26
      18
      24
      18
      24
      25
      21
      20
      22
      27
      15
      22
      18
      24
      22
      21
      15
      18
      25
      19
      28
      13
      23
      16
      23
      16
      16
      21
      12
      20
      13
       7
      19
      13
      13
      11
      19
      19
      19
      19
      28
      26
      21
      19
      23
      16
      13
      23
      22
      19
      24
      19
      20
      17
      21
      16
      11
      24
      19
      22
      16
      18
      18
      26
      20
      17
      19
      25
      28
      23
      24
      19
      22
      25
      23
      16
      21
      12
      25
      17
      24
      28
      20
      24
      28
      14
      17
      19
      16
      17
      17
      24
      17
      15
      15
      26
      25
      26
      18
      12
      17
      21
      21
      19
      22
      18
      19
      20
      25
      24
      21
      29
      26
      20
      14
      25
      29
      31
      15
      19
      23
      18
      16
      27
      21
      18
      23
      18
      21
      19
      23
      23
      25
      14
      24
      18
      30
      20
      18
      21
      18
      20
      14
      30
      21
      20
      10
      21
      25
      19
      24
      21
      13
      26
      22
      18
      21
      11
      26
      19
      16
      22
      20
      25
      13
      11
      15
      22
      21
      23
      16
      25
      12
      24
      18
      23
      17
      25
      27
      21
      21
      21
      17
      15
      22
      17
      20
      23
      27
      24
      22
      20
      16
      19
      23
      18
      13
      23
      16
      20
      11
      14
      25
      12
      20
      24
      15
      15
      19
      23
      29
      15
      21
      16
      20
      20
      19
      19
      21
      13
      20
      26
      16
      20
      26
      23
      26
      23
      25
      14
      18
      24
      19
      16
      23
      26
      21
      20
      13
      23
      21
      30
      29
      26
      20
      20
      21
      20
      23
      27
      25
      21
      20
      20
      19
      25
      25
      23
      18
      16
      18
      14
      14
      27
      26
      16
      16
      25
      26
      15
      20
      15
      21
      33
      29
      20
      23
      22
      23
      22
      24
      32
      23
      21
      16
      22
      26
      24
      27
      16
      17
      22
      14
      25
      19
      25
      25
      29
      21
      17
      31
      27
      39
      59
      44
      78
     100
      98
     109
     154
     146
     144
     154
     123
     141
     137
     100
      84
      67
      48
      37
      15
      26
      18
      22
      26
      16
      18
      20
      19
      26
      19
      24
      27
      22
      17
      16
      27
      31
      16
      15
      14
      18
      22
      25
      18
      26
      24
      24
      21
      26
      15
      19
      18
      15
      22
      36
      25
      24
      23
      15
      18
      22
      21
      22
      22
      24
      25
      19
      21
      26
      32
      25
      34
      22
      18
      27
      17
      22
      20
      25
      20
      13
      21
      27
      21
      24
      29
      18
      22
      25
      25
      22
      22
      25
      17
      39
      29
      28
      22
      17
      31
      23
      23
      12
      21
      37
      25
      17
      28
      13
      13
      17
      17
      25
      20
      17
      25
      29
      19
      26
      37
      25
      20
      30
      23
      28
      19
      23
      23
      24
      18
      22
      17
      28
      29
      19
      20
      29
      20
      32
      21
      24
      16
      19
      22
      25
      21
      22
      23
      22
      26
      35
      20
      27
      31
      24
      22
      18
      25
      20
      20
      32
      21
      21
      10
      13
      28
      26
      31
      22
      20
      28
      19
      27
      27
      29
      18
      23
      27
      23
      21
      20
      24
      26
      28
      19
      31
      22
      34
      22
      30
      15
      30
      21
      24
      27
      26
      21
      16
      12
      27
      27
      12
      19
      27
      20
      25
      26
      36
      22
      27
      30
      21
      22
      19
      25
      25
      17
      18
      27
      19
      19
      26
      19
      25
      13
      24
      19
      22
      18
      27
      21
      28
      29
      24
      19
      31
      16
      26
      21
      27
      30
      27
      24
      23
      19
      24
      29
      23
      28
      26
      23
      33
      18
      25
      21
      18
      29
      23
      18
      21
      32
      27
      34
      23
      22
      26
      36
      11
      29
      26
      25
      31
      29
      29
      21
      22
      28
      25
      22
      18
      27
      24
      16
      29
      23
      35
      28
      26
      28
      26
      26
      33
      19
      30
      20
      32
      27
      25
      27
      24
      24
      30
      39
      21
      22
      31
      31
      24
      23
      26
      22
      27
      21
      38
      28
      29
      17
      34
      32
      22
      24
      41
      18
      26
      31
      21
      28
      24
      25
      29
      33
      26
      23
      13
      30
      21
      31
      21
      22
      27
      24
      28
      31
      21
      22
      32
      25
      31
      23
      29
      20
      23
      35
      27
      25
      25
      28
      23
      29
      15
      10
      21
      22
      31
      25
      32
      24
      17
      17
      23
      31
      15
      23
      19
      26
      20
      18
      32
      27
      19
      23
      27
      22
      28
      16
      19
      24
      24
      26
      24
      19
      23
      19
      19
      20
      19
      16
      22
      16
      20
      18
      21
      27
      16
      23
      24
      24
      23
      20
      21
      20
      22
      16
      21
      22
      19
      22
      26
      14
      16
      17
      16
      18
      26
      24
      19
      21
      24
      12
      24
      20
      23
      15
      20
       9
      29
      20
      13
      26
      17
      16
      20
      26
      21
      21
      18
      23
      22
      18
      19
      15
      18
      19
      20
      21
      26
      20
      20
      21
      12
      30
      21
      14
      20
      13
      22
      18
      20
      26
      22
      15
      14
      26
      22
      20
      13
      19
      26
      18
      21
      30
      11
      20
      20
      20
      20
      24
      14
      23
      17
      19
      12
      16
      16
      20
      17
      20
      19
      19
      19
      17
      20
      21
      18
      23
      13
      18
      17
      22
      27
      22
      21
      14
      13
      24
      15
      16
      18
      18
      14
      24
      16
      16
      19
      26
      24
      19
      22
      16
      14
      14
      16
      13
      20
      21
      11
      18
      27
      11
      16
      16
      14
      19
      18
      14
      19
       8
      20
      18
      17
      22
      23
      17
      14
      14
      22
      17
      23
      18
      23
      13
      14
      19
      15
      16
      18
      16
      17
      22
      17
      18
      14
      24
      18
      18
      13
      16
      17
      17
      17
      20
      15
      11
      16
      21
      17
      19
      16
      17
      13
      22
      19
      17
      15
      21
      20
      18
      22
      17
      20
      19
      15
      22
      20
      18
      13
      24
      20
      18
      14
      26
      12
      17
      11
      20
      20
      25
      22
      19
      25
      21
      23
      18
      17
      15
      17
      18
      24
      16
      23
      17
      20
      15
      21
      25
      25
      19
      18
      18
      20
      15
      22
      11
      18
      14
      18
      19
      21
      13
      15
      21
      17
      21
      24
      19
      16
      13
      19
      15
      14
      20
      12
      12
      20
      24
      19
      18
      18
      14
      22
      18
      14
      17
      18
      22
      16
      12
      14
      11
      18
      14
      16
       9
      13
      14
      19
      12
      18
      13
      14
      13
      18
      23
       8
      27
      15
      13
      19
      16
      24
      19
      16
      17
      17
      15
      22
      15
      17
      19
      20
      20
      24
      13
      13
      18
      15
      14
       7
      18
      18
      17
      18
      19
      21
      29
      24
       9
      26
      19
      19
      12
      14
      17
      10
      19
      17
      24
      12
      14
      15
      17
      14
      21
      21
      16
      21
      27
      14
      15
      14
      13
      18
      16
      22
      18
      17
      14
      16
      13
      21
      22
      27
      16
      12
      14
      15
      21
      17
      12
      20
      13
      19
      19
      16
      22
      18
      10
      20
      13
      20
      21
      17
      23
      20
      19
      13
      17
      18
      19
      19
      10
      18
      22
      18
      19
      23
      21
      17
      24
      17
      24
      20
      22
      18
      18
      15
      12
       9
      23
      18
      19
      14
      22
      14
      12
      14
      15
      25
      20
      17
      21
      14
      12
      16
      12
      16
      21
      20
      16
      16
      20
      22
      20
      11
      12
      21
      13
      19
      19
      13
      20
      21
      17
      18
      18
      17
      13
      15
      20
      23
      16
      19
      21
      17
      21
      19
      20
      14
      11
      17
      20
      13
      16
      14
      10
      19
      12
      15
      12
      14
      20
      15
      18
      14
      13
      13
       9
      14
      15
      15
      19
      18
      16
      19
      15
      21
      15
      21
      22
      18
      19
      15
      13
      22
      18
      10
      23
      19
      20
      13
      18
      18
      10
      20
      18
      22
      21
      17
      24
      25
      18
      27
      20
      22
      23
      17
      19
      18
      15
      13
      22
      28
      18
      18
      16
      13
      23
      16
      21
      18
      15
      17
      15
      13
      16
      15
      14
      13
      19
      18
      20
      14
      24
      18
      18
      20
      19
      15
      11
      31
      15
      17
      17
      12
      23
      13
      19
      12
      18
      10
      15
      19
      13
      17
       9
      12
      19
      20
      18
      14
      11
      11
      23
       8
      14
      14
      24
      21
      14
      16
      20
      15
      17
      20
      13
      19
      20
      20
      16
      22
      18
       9
      25
      22
      23
      11
      23
      18
      19
      15
      22
      20
      17
      14
      13
      17
      24
      17
      20
      17
      22
       7
      14
      12
      19
      16
      16
      13
      16
      20
      22
      18
      16
      17
      14
      11
      18
      22
      26
      13
      18
      24
      13
      19
      23
      22
      14
      22
      17
      15
      24
      17
      17
      25
      19
      23
      19
      27
      16
      19
      21
      25
      16
      15
      23
      17
      19
      13
       9
      17
      20
      20
      16
      10
      16
      21
      15
      19
      23
      20
      16
      19
      18
      10
      13
      21
      13
      18
      13
      25
      15
      27
      19
      13
      12
      23
      18
      22
      18
      18
      16
      12
      18
      20
      20
      20
      16
      22
      16
      21
      21
      18
      17
      18
      17
      20
      17
      22
      23
      25
      17
      24
      16
      22
      20
      13
      29
      18
      21
      19
      17
      15
      20
      18
      19
      12
      19
      15
      30
      24
      18
      23
      10
      19
      16
      14
      16
      25
      17
      20
      21
      14
      26
      16
      22
      14
      13
      10
      23
      15
      22
      23
      25
      16
      17
      17
      11
      25
      14
      20
      23
      22
      14
      11
      14
      21
      21
      13
      23
      17
      20
      22
      14
      21
      24
      20
      19
      15
      17
      24
      19
      16
      14
      23
      20
      23
      21
      13
      25
      20
      17
      23
      19
      24
      23
      14
      16
      16
      13
      19
      31
      14
      18
      22
      23
      20
      22
      15
      18
      30
      23
      26
      22
      35
      15
      23
      23
      19
      24
      22
      15
      24
      22
      14
      25
      22
      17
      19
      19
      19
      22
      14
      16
      20
      19
      22
      16
      17
      22
      21
      27
      23
      16
      18
      30
      24
      18
      25
      20
      14
      23
      17
      32
      18
      21
      27
      24
      25
      15
      26
      25
      22
      18
      13
      22
      13
      22
      26
      21
      19
      26
      18
      27
      25
      23
      24
      29
      20
      24
      26
      28
      20
      22
      19
      32
      17
      21
      16
      25
      22
      20
      29
      25
      20
      24
      26
      25
      23
      23
      18
      20
      25
      23
      24
      20
      26
      15
      23
      27
      18
      21
      23
      29
      19
      15
      19
      16
      26
      32
      23
      22
       8
      14
      26
      21
      24
      20
      14
      33
      18
      29
      22
      23
      19
      23
      26
      16
      18
      19
      16
      15
      21
      18
      24
      15
      19
      27
      24
      12
      16
      16
      16
      15
      23
      14
      15
      20
      19
      14
      19
      18
      18
      16
      12
      22
      14
      20
       7
      12
      19
      20
      13
      15
      13
      11
      13
      10
      15
      13
       9
      19
      14
      17
      28
      12
      15
      11
      14
      14
       9
      14
      19
      15
      22
      18
      14
      27
      21
      17
      22
      21
      31
      18
      26
      19
      23
      13
      18
      10
      26
      24
      14
      17
      19
      15
      13
      22
      17
      16
      40
      35
      32
      42
      48
      76
      80
     110
     119
     157
     175
     222
     247
     272
     366
     341
     408
     392
     397
     382
     412
     324
     341
     274
     201
     174
     133
     101
      61
      33
      31
      18
      15
      10
       8
       7
      10
       7
      11
      11
      12
      11
      11
       7
      13
      13
      14
      13
      15
       9
      11
      15
       7
       4
       5
      13
      13
       9
       8
      16
      17
       5
      15
       9
      10
      15
      10
       9
      11
       8
       5
      11
      15
      11
       6
       7
       9
      10
      11
      13
      12
      11
      15
      12
       7
       7
      13
      11
       5
       9
       9
      11
      10
      11
       9
      18
      13
      16
      18
      16
       9
       7
       7
       6
      13
      11
      10
      11
       9
       8
      13
      14
      12
      12
       9
       7
      17
      10
      11
       7
       9
       6
       8
       9
      14
       7
       9
       9
       6
       7
      18
      13
      11
      10
      11
      12
      12
      10
       7
      16
      11
       4
       7
      12
      13
       7
       9
      14
      16
      11
       5
      13
       8
      11
      13
      13
      11
       6
       7
      10
      11
      15
       5
      14
      10
      10
      16
      10
      13
      10
       8
      15
       7
       9
      12
       9
      11
       8
       9
       8
       9
       7
      12
      13
      10
      11
      14
      12
       6
       6
      10
       7
       7
      13
       4
       4
      13
       8
       9
       8
       7
      13
      10
       8
       3
      16
       8
       9
      11
       8
       5
      17
       8
       9
       9
      12
       8
       8
       6
       8
      13
       7
       7
       7
       7
      10
      16
       4
      11
       6
       9
      10
       9
       9
       4
       8
       4
       7
       8
       9
       7
      13
      11
      14
      10
       4
      12
      14
      12
      12
      10
       8
       5
       3
      10
      14
       4
      10
       7
      11
      13
       9
       9
      10
      11
      11
       3
      10
       7
       6
      11
       4
      10
       5
       5
       9
       7
       3
      13
       9
       8
       8
       7
       8
      11
      10
      10
       9
       9
       5
       6
      11
       6
      10
       6
      11
       8
       8
       9
       8
      13
      13
      17
      11
       8
       6
      10
       9
       7
       7
       6
       9
       8
      12
       7
       5
       9
       5
       8
       5
       8
      12
       6
       5
      11
       7
       9
       6
       6
      11
       4
       6
       9
      10
       9
       7
       9
       9
       7
       7
       6
      14
       6
       6
       7
       7
       6
       5
       5
       5
       6
      15
      10
       8
       3
       2
       3
       5
       8
       2
       7
       7
       5
       5
      10
       7
       8
       2
      15
       6
       5
       8
       3
      12
       5
       3
       6
       7
       7
      11
       9
       4
       8
       8
       6
       9
       4
       7
       6
       7
       5
      10
       6
       8
       6
       6
       3
       1
       8
       7
       5
       9
       8
       6
       3
       5
       4
       1
      11
       3
       2
       9
       9
       3
       3
       6
       4
       5
       4
       8
       6
       4
       6
       8
       4
       5
       4
       6
       4
       6
       7
       3
       8
       6
       6
       9
       3
       6
       5
       6
       6
       2
       5
       6
       7
       8
       2
       5
      10
       5
       8
       3
       4
       7
       7
       4
       6
       5
       7
       6
       9
       8
       4
       7
       4
       4
       3
       4
       5
       7
       5
       3
       7
       6
       2
       3
       3
       3
       7
       5
       4
       5
       7
       7
       7
       6
       6
       9
       2
       4
       2
       8
       7
       5
       5
       9
       7
       0
       4
       2
       4
       4
       6
       2
       6
       6
       7
       7
       8
       8
       3
       6
       2
       4
       4
       6
       7
       5
       3
       7
       4
       6
       4
       3
       6
       4
       9
       3
       4
       5
       3
       4
       7
       7
       6
       4
       8
       2
       9
       7
       5
       5
       4
       7
       8
       8
       4
       3
       5
       5
      11
       7
       4
       4
       6
       7
       3
       6
       5
       7
       9
       4
       1
       5
       2
       7
      10
       5
       7
       6
       7
       4
       4
       4
       5
       3
       1
       4
       4
       7
       5
       3
       8
       6
       9
       4
       5
       9
       3
       3
       5
       3
       9
       5
       6
       3
       6
       4
       2
       3
      12
       7
       3
       3
       3
      10
       4
       5
       6
       6
       3
       2
       4
       6
       5
       3
       1
       3
       3
       3
       3
       5
       7
       4
       5
       5
       7
       4
       1
       2
       6
       3
       6
       1
       7
       9
       2
       6
       5
       6
       5
       4
       8
       7
       6
       7
       5
       1
       5
       2
       1
       2
       2
       4
       1
       5
       4
       5
       6
       4
       5
       3
       1
       3
       3
      11
       7
       3
       7
       6
       4
       2
       5
       1
       7
       4
       2
       3
       2
       3
       4
       3
       4
       6
       3
       3
       2
       4
       6
       5
       5
       3
       7
       4
       5
       5
       5
       6
       3
       5
       5
       7
       6
       7
       8
       4
       7
       3
       4
       4
       2
       4
      11
       1
       5
       3
      10
       1
      11
       3
       5
       3
      10
       5
      10
       2
       4
       5
       4
      11
       8
       3
       9
       8
       2
       5
       5
       3
       2
       4
       4
       6
       5
       3
       3
       9
       4
       3
       2
       4
       6
      10
       4
       5
       2
       4
       6
       5
       3
       6
       4
       6
       3
       8
       3
       4
       4
       2
       7
       0
       5
       5
       5
       7
       4
       5
       4
       7
       9
       8
       4
       4
       5
       8
       6
       6
       5
       8
       4
       5
      10
       2
       3
       3
       5
       6
       3
       3
       4
       2
       4
       2
       4
       8
       4
       5
       7
       6
       7
       7
       8
       7
       5
       2
       4
       6
       4
       4
       3
       6
       4
       3
       2
       5
       4
       6
       3
       6
       6
       5
       6
       5
       4
       7
       4
       5
       5
       2
       5
       5
       6
       3
       6
       7
       3
       6
       3
       4
       3
       4
       3
       3
       2
       5
       2
       6
       7
       8
       3
       5
       6
       5
       6
       6
       5
       3
       8
       4
       7
       4
       2
       8
       4
       4
       3
       4
       3
       3
       4
       7
       4
      10
       8
       9
       5
       4
       8
       8
       7
       5
       6
       9
       7
       2
       5
       6
       6
       1
       4
       4
      10
       6
       5
       3
       5
       4
       5
       4
       7
       2
       7
       3
       4
       4
       7
       5
       7
       6
       9
       5
       3
       4
       7
       3
       8
       3
       6
       4
       3
       1
       4
       4
       3
       5
       7
       5
       6
       3
       2
       5
       7
       1
       8
       5
       4
       6
       7
       5
       4
       3
       4
       6
       6
       9
       2
       3
       2
       5
       6
       8
       6
       5
       3
       6
       4
       4
       8
       5
       5
       2
      10
       6
       5
       5
       6
       4
       4
       6
       4
       6
       6
       4
      11
       4
       8
       5
       4
       6
       7
       7
       4
      11
       5
       6
       7
       9
       8
       7
      12
      16
      13
      16
      13
      24
      22
      38
      33
      45
      47
      63
      82
     105
     111
     147
     165
     182
     215
     260
     284
     334
     352
     397
     415
     411
     418
     390
     371
     363
     339
     309
     241
     208
     148
     113
      65
      45
      32
      21
      13
       6
       5
       5
       6
       1
       2
       2
       3
       0
       3
       3
       4
       2
       0
       2
       1
       1
       2
       2
       2
       5
       3
       1
       3
       2
       1
       2
       4
       5
       1
       6
       1
       2
       3
       4
       0
       3
       2
       3
       1
       3
       2
       1
       0
       3
       3
       1
       1
       3
       3
       3
       4
       4
       2
       2
       3
       2
       4
       2
       4
       4
       3
       2
       5
       1
       1
       2
       2
       3
       4
       3
       2
       2
       3
       2
       2
       2
       1
       1
       2
       5
       2
       3
       2
       3
       1
       4
       0
       4
       1
       1
       5
       5
       4
       3
       7
       2
       2
       4
       3
       3
       2
       1
       3
       0
       0
       2
       0
       1
       2
       2
       0
       1
       3
       1
       0
       3
       1
       2
       3
       2
       5
       1
       0
       4
       3
       2
       2
       2
       2
       3
       2
       1
       1
       3
       3
       2
       3
       3
       4
       2
       6
       3
       7
       5
       2
       1
       3
       1
       2
       3
       2
       5
       1
       4
       3
       2
       2
       2
       2
       1
       0
       1
       4
       1
       4
       3
       4
       0
       4
       2
       2
       1
       0
       0
       1
       4
       4
       3
       2
       2
       4
       2
       2
       1
       0
       0
       4
       2
       1
       5
       3
       5
       5
       4
       2
       3
       3
       3
       3
       2
       0
       1
       4
       2
       1
       0
       2
       1
       2
       2
       3
       2
       0
       2
       2
       0
       6
       1
       1
       1
       4
       1
       0
       1
       3
       4
       0
       1
       0
       3
       0
       2
       1
       2
       0
       3
       2
       4
       3
       5
       3
       3
       2
       2
       1
       0
       5
       4
       2
       3
       1
       2
       2
       3
       0
       2
       2
       1
       5
       0
       7
       3
       2
       3
       4
       4
       5
       1
       5
       3
       2
       1
       1
       2
       8
       3
       2
       5
       3
       5
       2
       4
       3
       1
       2
       4
       1
       2
       2
       2
       2
       2
       1
       1
       1
       0
       2
       4
       2
       0
       2
       2
       1
       3
       0
       1
       1
       2
       0
       2
       0
       5
       2
       0
       3
       1
       4
       1
       1
       1
       3
       1
       3
       5
       5
       3
       3
       3
       3
       3
       5
       4
       0
       1
       0
       3
       1
       4
       3
       0
       2
       0
       0
       0
       1
       0
       0
       6
       2
       1
       1
       0
       3
       3
       3
       0
       3
       1
       3
       3
       1
       0
       1
       1
       2
       4
       1
       1
       5
       4
       1
       2
       0
       1
       0
       1
       1
       0
       2
       2
       2
       2
       2
       2
       2
       0
       2
       3
       2
       2
       0
       0
       1
       2
       0
       5
       1
       3
       1
       3
       1
       1
       3
       1
       1
       2
       1
       1
       3
       0
       4
       2
       3
       2
       1
       1
       2
       2
       3
       2
       1
       1
       1
       1
       0
       2
       3
       4
       0
       3
       3
       2
       3
       2
       0
       1
       1
       4
       2
       4
       4
       1
       4
       1
       2
       2
       2
       4
       1
       4
       1
       4
       0
       4
       2
       4
       1
       2
       2
       3
       1
       3
       0
       2
       3
       1
       2
       3
       1
       1
       1
       4
       0
       2
       4
       3
       1
       3
       0
       2
       0
       1
       2
       1
       1
       4
       2
       1
       2
       2
       2
       4
       0
       2
       1
       1
       0
       2
       2
       2
       1
       0
       1
       2
       4
       2
       3
       1
       0
       5
       3
       4
       1
       1
       1
       0
       2
       1
       3
       2
       2
       1
       1
       3
       3
       0
       4
       1
       2
       3
       2
       2
       2
       0
       3
       2
       6
       0
       2
       2
       2
       2
       1
       3
       2
       2
       6
       1
       1
       0
       3
       0
       3
       0
       0
       3
       2
       0
       1
       2
       2
       0
       0
       1
       3
       3
       0
       5
       0
       1
       2
       1
       0
       1
       4
       0
       2
       2
       1
       1
       0
       8
       2
       0
       0
       1
       1
       4
       3
       4
       1
       1
       0
       2
       1
       1
       3
       1
       1
       0
       0
       2
       1
       2
       2
       2
       3
       4
       2
       3
       2
       2
       4
       3
       0
       1
       0
       3
       0
       0
       1
       2
       2
       3
       3
       4
       1
       2
       2
       1
       0
       2
       1
       2
       2
       3
       4
       2
       1
       3
       3
       4
       1
       3
       3
       4
       2
       2
       2
       2
       3
       1
       1
       4
       1
       2
       0
       1
       2
       3
       2
       1
       4
       1
       1
       0
       3
       2
       3
       0
       2
       1
       2
       1
       1
       3
       1
       1
       3
       0
       1
       1
       0
       3
       1
       2
       1
       1
       2
       4
       3
       2
       4
       2
       3
       1
       1
       1
       1
       1
       2
       2
       4
       2
       2
       3
       0
       2
       1
       6
       3
       2
       4
       2
       2
       3
       2
       2
       1
       3
       4
       2
       5
       2
       0
       2
       2
       3
       3
       1
       2
       3
       0
       4
       1
       3
       2
       3
       2
       2
       3
       4
       1
       2
       3
       3
       1
       5
       2
       1
       0
       1
       1
       2
       4
       2
       2
       4
       2
       1
       1
       1
       1
       2
       0
       3
       3
       2
       0
       2
       3
       1
       1
       3
       2
       2
       1
       3
       3
       1
       2
       1
       3
       1
       3
       1
       1
       4
       2
       3
       2
       1
       1
       2
       3
       2
       2
       5
       2
       2
       1
       0
       1
       5
       1
       0
       6
       1
       3
       1
       3
       3
       1
       3
       3
       0
       0
       2
       2
       0
       2
       2
       1
       1
       0
       2
       3
       0
       0
       0
       2
       2
       1
       4
       4
       2
       0
       5
       2
       3
       2
       1
       0
       1
       2
       2
       3
       2
       2
       2
       2
       3
       1
       2
       1
       0
       3
       1
       6
       3
       1
       0
       0
       2
       0
       1
       3
       2
       3
       2
       2
       3
       3
       0
       2
       4
       3
       0
       1
       2
       0
       4
       1
       4
       1
       2
       0
       2
       3
       3
       1
       2
       1
       2
       1
       2
       0
       2
       4
       1
       2
       4
       1
       1
       5
       5
       1
       1
       2
       1
       4
       3
       3
       1
       2
       1
       0
       3
       3
       3
       3
       2
       3
       2
       3
       1
       0
       0
       3
       1
       5
       0
       4
       0
       1
       0
       2
       1
       1
       2
       2
       3
       0
       2
       3
       2
       1
       1
       3
       1
       2
       3
       2
       3
       0
       1
       2
       0
       2
       2
       3
       0
       2
       2
       1
       1
       2
       3
       2
       1
       1
       2
       2
       1
       2
       7
       1
       2
       0
       0
       1
       1
       2
       2
       3
       3
       3
       0
       1
       1
       3
       3
       2
       0
       2
       0
       0
       2
       0
       2
       1
       0
       4
       2
       2
       2
       2
       1
       2
       3
       7
       1
       2
       3
       2
       3
       1
       2
       1
       1
       0
       1
       2
       3
       2
       2
       2
       2
       0
       0
       1
       2
       2
       2
       1
       0
       1
       3
       2
       3
       1
       1
       0
       1
       1
       3
       1
       2
       3
       1
       2
       2
       3
       3
       2
       2
       1
       2
       2
       2
       1
       3
       3
       0
       7
       7
      13
       7
       9
      21
      22
      19
      21
      28
      26
      29
      28
      33
      32
      42
      49
      44
      40
      32
      36
      42
      45
      20
      16
      22
      11
      13
       4
       4
       5
       3
       3
       5
       0
       3
       2
       2
       2
       1
       0
       0
       1
       1
       0
       0
       4
       2
       2
       1
       0
       2
       2
       0
       3
       0
       6
       0
       0
       0
       0
       0
       0
       2
       1
       1
       2
       1
       0
       5
       4
       2
       2
       2
       1
       1
       3
       0
       0
       1
       1
       0
       3
       1
       0
       1
       2
       0
       2
       1
       3
       1
       1
       5
       2
       3
       0
       2
       1
       3
       1
       3
       1
       2
       1
       0
       2
       3
       2
       0
       2
       5
       2
       1
       1
       3
       0
       0
       1
       2
       4
       0
       2
       2
       0
       2
       2
       1
       3
       1
       3
       2
       2
       2
       1
       2
       1
       2
       2
       2
       3
       2
       1
       3
       1
       1
       1
       0
       0
       1
       1
       1
       6
       0
       2
       5
       0
       1
       2
       2
       1
       2
       1
       1
       5
       1
       0
       0
       0
       1
       0
       2
       4
       1
       3
       1
       2
       1
       2
       1
       0
       3
       0
       2
       2
       1
       0
       1
       1
       1
       1
       1
       1
       1
       2
       0
       0
       3
       0
       0
       0
       3
       1
       0
       1
       1
       2
       1
       2
       1
       0
       1
       1
       2
       1
       0
       0
       2
       2
       0
       0
       0
       2
       0
       1
       3
       1
       1
       1
       2
       1
       0
       1
       0
       1
       1
       1
       2
       1
       2
       0
       5
       3
       1
       1
       2
       0
       2
       1
       1
       2
       1
       0
       2
       0
       1
       0
       1
       1
       0
       1
       4
       1
       2
       1
       1
       0
       1
       0
       4
       5
       1
       0
       0
       2
       1
       1
       1
       0
       1
       3
       0
       1
       3
       2
       2
       0
       1
       1
       1
       1
       0
       2
       2
       1
       2
       3
       0
       0
       0
       3
       2
       0
       0
       3
       1
       0
       1
       2
       1
       1
       1
       3
       2
       0
       3
       3
       0
       1
       2
       1
       2
       0
       3
       0
       2
       1
       3
       4
       2
       2
       0
       1
       2
       2
       1
       0
       2
       1
       1
       3
       0
       1
       3
       0
       0
       1
       2
       2
       0
       1
       3
       2
       0
       0
       0
       0
       0
       0
       0
       0
       0
       0
       0
       0
       0
       0
       0
       0
       0
       0
       0
       0
       0
       0
       0
       0
       0
       0
       0
       0
       0
       0
       0
       0
       0
       0
       0
       0
       0
       0
       0
       0
       0
       0
       0
       0
       0
       0
       0
       0
       0
       0
       0
       0
       0
       0
       0
       0
       0
       0
       0
       0
       0
       0
       0
       0
       0
       0
       0
       0
       0
       0
       0
       0
       0
       0
       0
       0
       0
       0
       0
       0
       0
       0
       0
       0
       0
       0
       0
       0
       0
       0
       0
       0
       0
       0
       0
       0
       0
       0
       0
       0
       0
       0
       0
       0
       0
       0
       0
       0
       0
       0
       0
       0
       0
       0
       0
       0
       0
       0
       0
       0
       0
       0
       0
       0
       0
       0
       0
       0
$ROI:
1
4146 4168
$PRESETS:
Live Time
600
0
$ENER_FIT:
-1.504534 0.196418
$MCA_CAL:
3
-1.504534E+000 1.964177E-001 -1.544040E-007 keV
$SHAPE_CAL:
3
0.000000E+000 0.000000E+000 0.000000E+000
