$SPEC_ID:
HFNG Beamline
$SPEC_REM:
DET# 2
DETDESC# EasyMCA
AP# Maestro Version 7.01
$DATE_MEA:
06/22/2018 14:06:43
$MEAS_TIM:
600 602
$DATA:
0 8191
       0
       0
       0
       0
       0
       0
       0
       0
       0
       0
       0
       0
       0
       0
       0
       1
       0
       0
       0
       0
       0
       0
       0
       0
       0
       0
       1
       0
       0
       0
       0
       0
       0
       0
       0
       0
       0
       0
       0
       0
       0
       0
       0
       0
       0
       0
       0
       0
      85
     154
     139
     125
     158
     126
     156
     156
     130
     158
     157
     155
     164
     148
     166
     150
     138
     132
     120
     160
     146
     143
     149
     128
     151
     129
     130
     117
     140
     142
     138
     134
     153
     134
     129
     133
     113
     127
     130
     105
     138
     113
     132
     132
     125
     128
     132
     116
     110
     134
     116
     118
     131
     131
     117
     133
     118
     125
     121
     122
     126
     121
     125
     126
     114
     146
     118
     144
     110
     117
      97
     126
     112
     119
     125
     133
     117
     121
      91
     111
     110
     129
     131
     113
     143
     113
     114
     107
     127
     107
     123
     124
     118
     105
     104
     108
     113
     104
     114
     107
      96
     106
      99
      91
     119
      83
      98
     104
     102
      93
      86
     101
      93
     100
     110
     109
     104
      97
      89
      91
     108
      95
     100
      76
      73
      80
      81
     112
     122
     100
     108
      85
     111
      76
      92
      98
      84
      90
     102
     101
     104
     102
      77
      88
     103
     103
     101
     109
      93
      98
     103
      94
      79
      91
      88
     102
      82
      84
      85
      87
     110
     107
     102
      74
     108
      93
      75
      88
     105
     114
      77
      86
      86
      80
      96
      78
      97
     106
      82
      83
     102
      82
      98
      84
      80
      86
      66
     104
     106
      95
     107
      87
      91
      67
      89
     102
      77
      91
     101
     104
      71
      89
      80
      66
      93
      94
      84
      80
     106
      81
      82
     102
      72
      77
      82
      92
      92
      93
      82
     102
     103
     112
      93
      80
      83
      87
      98
      77
      86
      68
      89
      84
      98
      88
      69
     116
      94
      76
      93
      82
      81
     102
      72
      73
      79
     102
      79
      87
      85
      81
      81
      93
      76
      92
      96
      75
     101
      92
      69
      83
      79
      84
      79
      83
      86
      95
      92
      76
      84
      83
      69
      81
      86
      86
      94
      91
      76
      77
      79
      91
      78
      80
     100
      93
      88
      94
      84
      97
      81
     100
      90
      83
      93
      77
      83
      73
      94
      75
     110
     106
      88
      88
      85
      78
      76
      72
      88
      68
      74
      87
      84
      66
      85
      87
      83
      89
      91
      86
      88
      85
      94
      75
     110
     125
     130
     178
     208
     193
     122
     104
      96
      93
      92
     120
     135
     207
     265
     266
     242
     185
     127
      77
      91
      79
      66
      91
      94
      81
      84
      80
      76
      73
      88
      83
      86
      78
      78
      93
      76
     102
      78
      78
      69
      81
      73
      83
      76
      78
      76
      73
      73
      82
      82
      87
      78
      87
      77
      59
      71
      78
      71
      85
      83
     101
     126
     138
     149
     176
     150
     158
     111
      90
      82
      69
      86
      88
      69
      83
      95
     100
     103
     109
      88
      84
      90
      73
      82
      78
      83
      66
      66
      86
      94
      87
      83
      73
      70
      94
      88
      75
      75
      63
      92
      81
      77
      75
      67
      79
      63
      82
      72
      72
      71
      76
      72
      66
      75
      66
      62
      91
      78
      87
      63
      79
      79
      88
      63
      69
      64
      71
      67
      62
      60
      69
      74
      78
      70
      75
      83
      61
      73
      76
      69
      77
      72
      74
      76
      70
      84
      59
      82
      75
      77
      59
      70
      71
      84
      81
      97
      87
      77
      70
      85
      76
      87
      82
      67
      83
      76
      65
      76
      90
      70
      75
      74
      80
     122
      79
      65
      83
      79
      77
      75
      66
      73
      74
      59
      69
      81
      92
      59
      68
      69
      89
      73
      89
      80
      71
      67
      81
      87
      83
      67
      79
      80
      62
      87
      82
      81
      62
      76
      68
      82
      78
      86
      96
      89
      85
      74
      97
      75
      80
      62
      82
      60
      59
      73
      64
      69
      63
      78
      84
      75
      84
      91
      79
      79
      70
      83
      89
      94
      81
      73
      70
      70
      87
      91
      78
      86
      73
      78
      84
     105
      93
      80
      82
      66
      61
      87
      77
      81
      77
      88
      67
      74
      76
      90
      85
      89
      65
      89
      84
      86
      89
      81
      81
      71
      80
      76
      97
      94
      77
      89
      82
      68
      63
      71
     101
      88
      76
      75
      80
      83
      88
      71
      73
      68
      87
      76
      90
     106
      81
      89
      81
      81
      91
      99
      86
      64
      66
      66
      77
      98
      80
      73
      99
      71
      88
      85
      75
      84
     102
      80
      88
      76
      73
      87
      94
      86
      98
      63
      82
      88
     104
      86
      85
      85
     109
     112
     141
     232
     336
     344
     269
     228
     183
     104
      88
      78
      79
      71
      92
      79
      88
      88
      74
      96
      94
      82
      67
      79
     100
      89
      73
      79
      71
      85
      91
      83
      60
      77
      96
     100
      84
      96
      89
      88
     111
      78
      92
     126
      81
      85
      95
     108
     101
     107
     108
      86
      85
     107
      91
      99
      88
     102
      85
     106
     107
     108
     105
      94
     101
     106
     104
      93
      97
     102
     106
      93
      86
     112
     115
      87
      93
      91
     105
     114
      99
      99
      84
     105
     120
     100
      92
      86
      95
      94
      98
     112
     105
      89
      98
      98
     115
      96
      97
      89
     116
     114
      92
     121
     110
     102
      97
      98
      89
      99
      83
      95
     102
     104
      92
      95
     107
      84
     106
     102
     111
      99
      91
     114
      98
     101
     123
     103
      98
     125
     117
     103
     102
     103
     118
     111
     105
     100
     103
      98
     110
      92
     102
      98
     116
     111
      97
     111
      87
      82
     102
      93
     114
      87
      96
      94
      95
     110
      86
      96
      96
     110
     107
     122
     121
     106
     107
     111
      91
      93
     105
     115
      89
     106
      89
     104
      87
     107
     110
      96
     101
     109
     105
     105
     115
     102
      99
      93
      79
     121
      98
      97
      92
      85
     104
     107
      84
      98
     104
      98
      99
     118
      89
     120
     102
     103
      78
     120
      89
      95
     112
     103
      95
      90
     103
      88
      90
     105
      96
      90
     112
      97
     102
      97
      96
     101
     103
     102
      99
      98
      78
      96
     103
      76
     115
     111
      92
     109
      99
      78
     119
      90
      93
      92
     102
     105
      96
     101
      98
     110
      95
     125
     107
     103
      80
      86
      99
      84
      97
     108
      94
     100
      95
      96
      77
      85
      89
      97
      82
     118
     100
     104
      75
      77
      81
      77
      65
      83
      86
      97
      89
      97
      92
      91
      98
     100
      85
      77
      85
      90
      94
      75
      93
      95
      77
      73
      87
      90
      84
      90
      84
      74
      78
      96
      82
      79
      88
      71
      79
      87
      94
      84
      72
      72
      81
      83
      82
      65
      85
      72
      77
      90
      76
      82
      70
      72
      65
      57
      65
      67
      66
      75
      76
      89
      87
      63
      58
      76
      60
      78
      70
      75
      72
      74
      76
      86
      61
      71
      79
      76
      71
      97
      82
      65
      87
      87
      83
      75
      60
      72
      71
      94
      67
      80
      74
      70
      75
      69
      78
      59
      75
      61
      89
      70
      65
      73
      74
      61
      67
      54
      73
      68
      71
      54
      69
      65
      80
      75
      69
      67
      64
      82
      70
      68
      63
      83
      78
      68
      68
      76
      70
      76
      72
      79
      82
      65
      78
      59
      72
      71
      74
      61
      81
      76
      77
      82
      70
      86
      78
      72
      75
      66
      77
      71
      89
      64
      67
      68
      66
      73
      75
      70
      74
      62
      60
      75
      59
      74
      65
      79
      73
      70
      71
      77
      72
      57
      67
      58
      58
      68
      76
      76
      72
      70
      70
      75
      67
      59
      70
      71
      61
      77
      72
      71
      70
      55
      72
      72
      64
      78
      58
      62
      70
      68
      54
      65
      76
      75
      70
      51
      58
      70
      72
      67
      71
      70
      77
      62
      55
      69
      61
      72
      56
      65
      54
      78
      53
      67
      60
      47
      57
      76
      63
      59
      61
      59
      73
      74
      74
      62
      70
      57
      66
      56
      68
      72
      67
      66
      64
      66
      84
      83
      68
      60
      87
      59
      59
      65
      55
      72
      56
      68
      67
      65
      68
      49
      57
      58
      53
      50
      63
      52
      62
      58
      61
      52
      73
      76
      55
      70
      48
      53
      67
      67
      63
      57
      64
      62
      52
      73
      40
      68
      59
      49
      57
      63
      61
      66
      61
      57
      55
      63
      57
      54
      60
      63
      58
      52
      56
      52
      59
      51
      56
      52
      60
      64
      63
      54
      58
      45
      53
      67
      54
      68
      67
      42
      46
      59
      64
      58
      53
      61
      61
      55
      48
      57
      57
      65
      70
      54
      57
      54
      54
      60
      49
      68
      51
      52
      39
      47
      53
      54
      68
      44
      51
      60
      52
      45
      53
      39
      51
      47
      53
      53
      43
      47
      43
      49
      36
      48
      55
      55
      60
      61
      53
      51
      44
      60
      62
      46
      53
      47
      49
      58
      47
      58
      38
      41
      47
      47
      48
      34
      46
      43
      52
      51
      40
      39
      50
      59
      38
      49
      42
      46
      48
      32
      47
      41
      50
      50
      42
      46
      46
      42
      48
      35
      47
      40
      43
      50
      37
      47
      43
      40
      45
      41
      64
      56
      29
      42
      54
      52
      43
      40
      46
      45
      40
      34
      34
      47
      43
      44
      33
      40
      41
      42
      54
      47
      49
      40
      51
      43
      50
      45
      47
      44
      56
      34
      52
      52
      45
      33
      35
      46
      39
      43
      37
      42
      53
      43
      40
      37
      35
      31
      47
      48
      41
      46
      43
      47
      41
      41
      39
      50
      43
      56
      45
      37
      45
      31
      43
      45
      40
      39
      32
      38
      50
      39
      37
      41
      35
      40
      43
      33
      49
      45
      38
      41
      47
      35
      53
      41
      36
      38
      48
      39
      47
      31
      41
      47
      44
      45
      39
      30
      44
      40
      48
      40
      27
      44
      37
      36
      47
      40
      38
      41
      43
      39
      42
      37
      31
      40
      39
      45
      29
      31
      38
      34
      39
      40
      46
      44
      30
      48
      34
      34
      41
      35
      43
      41
      31
      37
      41
      37
      35
      47
      29
      46
      44
      36
      37
      44
      29
      33
      36
      33
      34
      41
      42
      39
      44
      28
      49
      51
      46
      42
      41
      41
      32
      37
      43
      39
      51
      35
      35
      30
      42
      42
      30
      50
      30
      43
      38
      49
      37
      44
      37
      47
      33
      39
      25
      34
      36
      30
      46
      32
      44
      32
      37
      34
      28
      35
      42
      41
      24
      37
      37
      43
      30
      38
      26
      32
      33
      33
      34
      33
      31
      30
      40
      40
      29
      31
      44
      33
      29
      33
      30
      32
      44
      36
      36
      46
      29
      36
      31
      48
      24
      36
      44
      41
      25
      43
      37
      32
      43
      39
      34
      33
      40
      34
      39
      37
      41
      29
      38
      31
      30
      25
      35
      33
      39
      43
      34
      35
      46
      37
      32
      45
      37
      35
      35
      31
      36
      30
      35
      38
      33
      51
      53
      26
      47
      29
      40
      33
      33
      33
      35
      29
      28
      40
      30
      46
      31
      38
      32
      42
      21
      33
      25
      36
      21
      42
      29
      32
      30
      45
      32
      39
      36
      38
      35
      32
      39
      34
      46
      49
      47
      33
      58
      54
      72
      82
     136
     203
     325
     658
    1067
    1675
    2315
    2716
    2918
    2796
    2160
    1466
     839
     419
     159
      68
      45
      21
      19
      27
      21
      28
      17
      19
      24
      26
      13
      22
      23
      16
      28
      24
      15
      23
      31
      17
      17
      21
      23
      13
      30
      27
      23
      17
      20
      24
      30
      30
      22
      24
      24
      26
      18
      27
      22
      18
      31
      24
      25
      24
      22
      30
      21
      24
      18
      22
      24
      24
      23
      26
      15
      21
      30
      14
      20
      17
      21
      24
      21
      29
      23
      22
      23
      24
      18
      17
      24
      18
      23
      26
      23
      20
      17
      18
      23
      25
      16
      28
      18
      23
      22
      33
      23
      37
      43
      41
      35
      40
      34
      43
      34
      24
      29
      21
      22
      13
      24
      16
      18
      28
      24
      21
      22
      20
      22
      19
      15
      20
      12
      17
      25
      17
      24
      21
      19
      13
      17
      21
      16
      16
      23
      14
      17
      27
      20
      21
      21
      20
      23
      20
      21
      37
      26
      23
      21
      21
      17
      17
      23
      23
      20
      21
      15
      25
      17
      14
      15
      18
      25
      20
      26
      20
      22
      19
      22
      19
      18
      12
      21
      22
      33
      19
      12
      18
      19
      20
      21
      15
      21
      21
      18
      18
      24
      19
      19
      24
      30
      18
      14
      20
      16
      19
      34
      26
      20
       8
      21
      13
      22
      27
      23
      15
      19
      14
      20
      12
      25
      17
      13
      10
      31
      22
      18
      24
      17
      15
      24
      18
      25
      24
      21
      16
      19
      15
      17
      16
      17
      23
      18
      11
      22
      16
      29
      23
      17
      18
      19
      29
      20
      20
      28
      20
      14
      17
      22
      12
      18
      24
      20
      29
      17
      20
      23
      25
      23
      13
      16
      34
      14
      21
      20
      20
      17
      32
      18
      21
      22
      16
      23
      20
      15
      23
      23
      25
      23
      30
      46
      52
      62
     117
     143
     151
     165
     151
     137
      95
      65
      38
      31
      27
      16
      23
      14
      22
      13
      13
      20
      22
      13
      24
      16
      17
      26
      16
      14
      20
      22
      14
      22
      21
      22
      18
      11
      22
      19
      13
      16
      21
      14
      18
      16
      13
      15
      18
      17
      23
      13
      22
      13
      20
      16
      17
      18
      16
      22
      15
      16
      25
      15
      28
      22
      14
      23
      17
      16
      15
      20
      21
      24
      21
      11
      12
      17
      22
      26
      18
      17
      18
      23
      26
      24
      16
      10
      17
      16
      26
      15
      21
      19
      17
      14
      16
      22
      16
      18
      19
      21
      12
      23
      23
      19
      21
      21
      22
      16
      25
      17
      20
      19
      19
      21
      22
      23
      23
      16
      14
       9
      15
      25
      20
      28
      21
      50
      57
      79
     114
     187
     256
     394
     538
     628
     638
     656
     549
     413
     327
     183
     112
      50
      27
      22
      14
      16
      17
      16
      22
      22
      15
      25
      12
      26
      14
      26
      17
      14
      20
      17
      12
      14
      16
      20
      20
      19
      17
      22
      16
      13
      21
      18
      11
      19
      11
      15
      15
      16
      16
      18
      15
      15
       4
      14
      11
      13
      20
      25
       9
      16
      17
      13
      18
      15
      18
      28
      20
      23
      11
      18
      13
      13
      24
      14
      15
      21
      12
      16
      20
      16
      19
      13
      15
      10
      17
      16
      24
      14
      12
      17
      16
      20
      16
      12
      25
      15
      12
      13
      16
      14
      18
      16
      12
      22
       9
      14
      22
      13
       8
      13
      15
      15
      11
      16
      22
      18
      14
      13
      16
      20
      10
      20
      16
      18
      19
      18
      15
      10
      12
      11
      15
      17
      14
      21
       9
       9
      14
      14
      14
      13
      16
      18
      16
      17
      27
      23
      16
      19
      14
      12
       7
      11
      10
      14
      15
      15
      17
       8
      15
      15
      14
      15
      13
      10
      19
      17
      17
      19
      13
      21
      11
      15
      15
      14
      17
      15
      16
      12
      11
      17
      12
      21
       8
      15
      12
      16
      16
      18
      20
      10
      17
      15
      18
      16
       6
      19
      21
      12
      18
      24
       9
      19
      14
      21
      12
      23
      10
      10
      12
      15
       9
      19
      13
      21
      15
      16
      13
      12
      15
      19
      10
      12
      20
      14
      26
      16
      20
      15
      15
      19
      20
      13
      17
      23
      23
      12
      18
      26
      21
      17
      17
      28
      27
      39
      31
      24
      24
      20
      22
      26
      17
       6
       6
      10
      23
      17
      11
      19
      16
      14
      21
      22
      11
      15
      17
      10
      16
      17
      17
      19
      11
      17
      13
      13
      15
      12
      15
      13
      14
       6
      13
      17
      14
      21
      19
      15
       9
      15
      19
      10
      13
      18
      18
      16
      14
      10
       9
      18
      10
       9
      19
      14
      11
      18
      17
      16
      12
      23
      11
      14
      21
      14
      12
      13
       8
      16
      22
      15
      19
      15
      17
      19
      14
      12
      10
      14
      13
      10
      20
      20
       4
      12
      12
      23
      16
      13
      12
      15
      15
      17
      17
      16
       6
      21
      23
      12
      14
      19
      16
      14
      12
       9
      13
      12
      10
      15
      17
      19
      10
      12
      20
      11
      15
      12
      10
      19
      14
      12
      22
       9
      15
      13
      12
      14
      11
      12
      10
       7
       8
      15
      16
      10
      20
      18
      15
      12
      13
      20
      21
      11
      16
      14
      15
      12
      22
       9
      20
      16
      18
       7
      20
      15
       9
      17
      17
       9
      18
      12
      11
      19
      17
       7
      18
      14
      15
      17
      18
      20
      17
       8
      18
      24
       9
      14
      14
      16
      12
      13
       9
      16
      18
      12
      16
      18
      16
       6
      21
      11
      16
      11
      13
      17
      10
      13
      12
      15
      24
      20
      14
      16
      16
      11
      17
       7
      14
      16
      13
      15
       9
      15
      10
      19
      22
      15
       8
      21
      11
      14
      17
      17
      15
      18
       7
      12
      11
      18
      21
      20
      24
      17
      25
      22
      20
      26
      27
      17
      25
      27
      31
      37
      19
      19
      18
      23
      17
      17
      23
      12
      16
      14
      14
      11
      23
      17
      17
      14
      13
      21
       9
      21
      17
      15
      14
      13
      16
       9
      15
      19
      21
      19
      15
      13
      15
      21
      16
      12
      15
      17
      13
       5
      12
      11
      16
      19
      19
      16
      18
      11
      12
      14
      14
      16
      14
      18
      10
      16
      20
      23
      10
      10
       9
      13
      16
      16
      10
      13
      12
      24
      11
      13
      14
      16
      15
      17
      12
      15
      11
       9
      12
      13
      20
      19
      16
      17
      15
       6
      14
      20
      16
      17
      14
      19
      19
      14
      15
      13
      14
       6
      11
      17
      14
      10
      16
      12
      18
      19
      18
      13
      20
      20
      10
      18
      11
      12
      14
      17
      20
      12
      16
      13
      19
      14
      11
      13
      14
      15
       8
      11
      13
      12
      14
      14
      20
      16
      15
      10
      23
      14
      18
      16
       9
      11
      16
       6
       9
      14
      13
      17
      14
      19
      17
      18
      14
      24
      15
       9
      17
      14
      15
      22
      11
       8
      14
       7
      19
      13
      11
      15
      12
       8
      20
      17
       9
      15
      18
      13
      21
      11
      11
      11
      20
      17
      13
      14
      20
       7
      13
      15
      16
       7
      13
      11
      12
      18
      11
      17
      13
      13
      19
      17
      10
      20
      19
      18
      13
      17
      14
      10
      14
      15
      11
      17
      19
      14
       7
       9
      11
       9
      17
      12
      13
      14
      12
      16
      12
      10
      11
      13
      14
      14
      11
      16
       9
      12
      17
      10
      14
      26
      12
      17
      12
      19
      14
       7
      11
      14
      19
      14
      16
      16
      19
       9
      16
      12
      17
       9
      15
      15
      13
      12
      19
      14
      17
       8
      11
      18
      15
      19
      11
      15
      15
      15
      19
      14
      14
      12
      15
      15
      13
      11
      17
      13
      11
      15
      21
      15
      14
       6
      13
      17
      13
      11
      10
      15
      13
      14
       7
       8
      10
      12
      16
       8
      11
      13
       6
      12
      13
      13
      15
      19
      12
      13
      26
      13
      18
      14
      18
      14
      17
      16
      11
      10
      21
      15
      16
      12
      16
      11
      16
      15
      14
      14
      16
       9
      21
      15
      10
      18
      11
      14
      13
      15
      13
      12
      14
      14
      16
      13
       9
      14
      20
      10
      13
      18
      13
      18
      14
      20
      23
       9
      16
      10
      14
      13
       7
      17
      16
      15
      13
      15
      15
       6
      15
      20
      19
      13
      12
      10
      18
       9
      13
      17
      16
       8
      18
      17
       9
      21
      19
      14
      20
      20
      19
      20
      15
      14
      15
      14
      12
      14
      17
       7
      12
      14
      16
      14
      30
      10
      17
      11
      23
      19
      10
      12
      11
      16
      15
       7
      23
      10
      10
      20
      11
      14
      14
      15
      10
      12
      10
      16
       9
      14
      15
      13
      13
      22
      15
      15
      13
      12
      16
      13
      24
       5
      16
      11
      13
      14
      13
      13
      13
      11
      11
      13
      16
      16
      16
      14
      14
      22
      13
      15
      16
      22
      19
      12
      16
      14
      16
      12
      19
      10
      17
      13
      17
      10
      16
      15
      12
      14
      12
      13
      13
      15
      13
      18
      12
      17
      16
      20
      15
      12
      14
      14
       9
      21
      15
      11
      14
      21
      12
      14
      20
      14
      17
      14
      14
      13
       6
      16
      17
      14
      15
      18
      20
      16
      15
      14
      18
      20
      13
      14
      20
      15
       9
       6
      12
      14
      11
      19
      19
      13
      14
      14
      12
      14
      15
      26
      15
      13
      16
      19
      15
      13
      15
      15
      11
      11
      17
       9
      17
      16
      18
      19
      19
       7
      14
      13
       9
      15
       9
      16
      12
      18
      15
      14
      18
      16
      17
      18
      14
       8
      17
      16
      12
       7
      18
      14
      12
      18
      10
       8
      12
      15
      13
      17
      11
      16
       9
      11
      16
      11
      18
      14
      11
      12
       9
      13
      18
      14
      13
      15
       9
      10
       9
      12
      10
      12
      13
      12
      14
      14
       8
      13
       9
      13
      12
      11
      16
      20
      10
      14
      11
      12
      17
      15
      10
      19
      12
      13
      14
      10
      12
      14
       8
      14
      11
      14
       9
       3
      14
       9
      10
       5
      10
      16
      13
      13
      14
      13
      13
      10
      12
       8
      13
      14
      15
      11
      10
      19
      12
      10
       9
      13
      16
       9
      12
      12
      19
       9
      14
      18
      13
       9
      10
      11
       5
      16
      12
      11
      15
      10
       7
       9
      16
       8
      12
      11
      18
      16
      13
      15
      10
      10
      22
      12
      17
      11
      16
      18
      14
      17
       7
      11
      17
      11
      12
      11
      14
      13
      13
      11
      10
      16
      13
      11
      14
      12
      15
      17
      11
      16
      23
      15
      17
      14
      15
       8
       9
      22
      21
      13
      15
      13
      17
      16
      16
       8
      15
      13
      10
      22
      15
       9
       9
       7
      15
       8
      11
      12
      12
      11
      12
      17
      11
      21
      14
      10
       7
      15
      13
      14
      12
      14
      10
      16
       8
      14
      12
      11
      18
      13
      15
      15
      13
      12
       6
      14
      14
      15
      13
      12
      17
      12
      13
      11
      11
       9
      19
       8
      12
      24
      14
      16
       6
      10
       8
      17
      13
       8
       7
      13
      13
      15
      14
      16
      15
      16
      10
      13
      13
      17
      13
      16
      16
      10
      17
      22
      18
      11
       9
      13
       7
      15
      10
      16
      19
      18
      13
      12
      19
      16
      12
      17
       9
      11
      14
      13
      13
      12
      17
      16
      13
      14
       9
      18
      22
       8
      11
      13
      17
      15
      17
      10
      17
      12
       6
      13
      19
      14
      13
       9
      13
       6
      16
      14
      15
      17
       9
      21
      10
      15
      15
       9
      12
      10
      18
      11
      14
       6
      15
      12
       7
      14
      12
      12
      14
      13
      10
      14
      10
      11
      10
      14
      13
       9
      15
      11
      11
      15
      15
      14
       8
      20
       4
      15
      12
      19
      13
      11
      15
      10
      12
      17
      16
      14
       4
      14
      12
      11
      11
       9
      15
      14
      13
      12
      12
      15
      17
      15
      12
      12
      16
      11
      13
       9
      11
      13
      15
      14
      16
      10
      12
      17
      12
      10
      10
       6
      11
      12
      15
       9
      11
      14
      19
      11
      10
      14
      14
      13
       9
      10
      13
      24
      10
      18
      17
      14
      17
      15
      18
      13
      12
      17
       6
      10
      12
      10
      11
      14
       9
      16
      12
      15
       9
      14
      14
      16
      11
      19
      11
      12
      18
      16
      15
      15
      23
       9
       8
       5
      17
      16
      16
       8
       8
      14
      13
      15
      13
       9
      12
      14
       7
      13
      12
       9
      10
       8
      12
      12
      18
      18
      13
      13
      15
      16
      21
      11
      19
       7
      16
      18
      17
      10
      16
      14
      13
      19
      20
      16
      10
      13
       9
      12
       9
       8
      11
      10
      15
      17
      11
       7
      15
       9
      12
      12
      13
       7
      14
       9
      16
      13
      16
      12
      12
       8
       8
      12
      10
      15
       9
      13
      10
       8
       7
      10
       8
      12
      11
      15
       8
      14
      14
      14
      15
      17
      10
      14
      15
       8
      13
      11
      13
      12
      14
       7
      18
      11
      14
       7
      14
       9
      17
       9
       7
      11
      15
      13
      10
      16
      10
      10
      16
      13
      10
      12
      18
      17
       9
      10
      10
       9
      16
      13
      12
      13
      15
      13
      13
       8
      20
      17
      12
      13
      15
      11
      13
      24
      12
      13
       7
      16
       9
      18
      12
      10
      15
      10
      17
       8
       4
      18
      21
       6
      15
      12
      11
       7
      17
      13
      12
      12
      21
      12
      15
      23
      12
      16
      14
      11
       8
      12
      11
       8
      14
      17
      18
      18
      14
      12
      11
      11
      12
      12
      18
      16
       5
      15
      12
      18
      12
      12
      16
      13
      17
       6
      13
      11
      14
      10
      18
      14
      14
       5
      10
       8
      12
      18
      14
       9
      14
      14
       4
      13
      14
      12
       8
      12
      17
      12
       8
      14
      15
      10
      14
      11
      12
      15
       7
      18
       7
      17
      18
      14
      13
      22
      18
      13
      14
      16
      12
      11
      17
       8
      14
      17
      15
      12
      16
      13
      14
      20
      17
      11
      10
      14
      13
      12
      11
      10
      17
      11
      16
      15
      11
      17
       9
      10
       8
      15
      15
      14
       7
      11
      12
      12
      18
       5
      12
      15
      15
      15
       7
      11
      15
      17
       7
      10
      15
      16
      11
      14
      15
      18
       9
      15
      20
      21
      14
      17
       7
      12
       9
      15
      13
      13
      12
       7
      12
      15
      19
      13
      11
      10
      23
      13
       9
      12
      13
      11
      11
      10
      11
       8
      12
      18
      12
      14
      12
      19
      17
      14
      15
      15
      10
      11
      15
      16
      15
       4
       9
       9
      11
      14
      15
      19
       8
      19
      10
      17
      11
      11
      14
       8
      13
      13
      12
      16
      17
      15
      13
      11
      13
       8
      15
      18
      14
      16
      10
      15
      23
      21
      13
      25
      11
      20
      12
      12
      15
      17
      12
      18
      20
      14
      15
      10
      13
      19
       7
      17
       7
      15
      13
      15
      13
      14
      13
       9
      11
      17
      18
       9
       7
       7
      14
      14
      10
      19
      11
      15
      13
      15
       9
      17
      20
      17
      12
       7
      13
       9
      15
      11
      16
       7
      14
      10
      13
      15
       6
      16
      14
      12
      24
      15
       9
      17
      13
      19
      11
      20
      21
      11
      11
      17
      11
      12
      17
      13
      23
      13
      15
      11
      10
      13
      18
      13
      13
      12
      18
      15
      15
       9
      21
      19
      14
      19
      12
      16
      15
      15
      11
      15
       7
      12
      16
      11
      12
       9
      19
      13
      17
      15
       9
       7
      15
      10
      20
      14
      19
      18
       9
       9
      13
      18
      16
      17
      19
      16
      11
      11
      12
       8
      12
      18
      16
      12
      11
      15
      15
      12
      13
      21
      15
      11
      16
      18
      16
      12
      14
      16
      12
      13
      10
      10
       9
      13
      16
      12
      17
      17
      13
      17
       8
      11
      16
      14
      13
      18
      17
      12
      19
      13
      11
      14
      18
      15
      14
      12
      22
      18
      16
      15
      20
      16
      12
      17
      16
      10
      17
      14
      21
      17
      14
      18
      35
      32
      48
      46
      67
      82
      63
      75
      99
      98
     128
     119
      98
      74
      53
      51
      38
      38
      21
      24
      12
      24
      18
      10
      10
      18
      15
      20
      12
      19
      17
      15
      17
      21
      10
      15
      13
      14
      16
      15
      12
      10
      13
      17
       8
      19
      21
      19
      14
      14
       7
      18
      15
      14
      14
      13
      16
      10
      21
      21
      16
      18
      10
      18
      15
      17
      18
       7
      17
      19
      13
      14
      12
       6
       5
      13
      16
      20
      14
       9
      23
      13
      11
      15
      15
      20
      20
      16
      18
      18
      12
      21
      14
      15
      17
      13
      17
      17
      14
      11
      21
      28
      10
      13
       9
      12
      11
      22
      20
      13
      13
      16
      12
      12
      18
      25
      21
      17
      18
      15
      16
      19
      17
      18
      23
      14
      10
      10
      23
      26
      13
      18
      14
      16
      20
      11
      13
      21
      14
      15
      16
      19
      24
      13
      19
      11
      20
      15
      16
      12
      13
      13
      16
      12
      15
       9
      13
      24
      22
      22
      12
      20
      22
      20
      18
      13
      14
      15
      18
      11
      30
      17
      20
      21
      22
      22
      14
      15
      15
      13
      14
      13
       8
      14
      22
      18
      17
      17
      11
      21
      13
      18
      21
      13
      16
      11
      17
      11
      18
      15
      15
      10
      18
      15
      19
      19
      14
      17
      14
      15
      15
      21
      21
      20
      18
      18
      19
      13
       8
      24
      17
      17
      14
      20
      15
      24
      16
      16
      15
      20
      20
      15
      13
      16
      14
      11
      16
      12
      11
      16
      23
      18
      14
      15
      17
      17
      16
      14
      15
      14
      15
      13
      21
      15
      27
      13
      16
      19
      15
      18
      13
      19
      25
      22
      11
      20
      21
      26
      17
      21
      15
      31
      20
      22
      18
      10
      16
      18
      24
      14
      11
      25
      19
      19
      19
      14
      15
      17
      15
      19
      21
      27
      16
      21
      20
      17
      17
      24
      25
      20
      10
      15
      16
      13
      16
      14
      18
      27
      11
      22
      23
      25
      17
      19
      23
      20
      19
      25
      29
      22
      15
      21
      22
      14
      18
      19
      16
       9
       8
      19
      14
      22
      17
      20
      20
      18
       9
      11
      22
      17
      18
      12
      19
      22
      12
      16
      23
      15
      18
      19
      15
      14
      21
      19
      16
      13
      16
      16
      15
      22
      25
      10
      21
      19
       9
      15
      13
      11
       8
      10
      16
      21
      15
      29
      14
      17
      22
      20
      12
      23
      22
      13
      19
      15
      19
      12
      14
      15
      10
      16
      10
      16
      16
      17
      13
       8
       6
      13
      14
      19
      14
      15
       9
      10
      17
      13
      15
       9
      17
       9
      10
       8
      16
      18
      16
      18
      14
      15
      22
      14
      16
      11
      16
      13
      13
      10
      16
      16
      14
      16
      17
      10
      16
      16
      14
      15
      12
      12
      15
      15
      11
      10
       7
      11
      16
      13
      11
      15
      14
      12
      11
       8
      16
       7
      16
      14
      20
      19
      11
      11
      10
      12
      18
       7
      12
      14
       7
      12
       8
      13
      12
      13
      14
       6
      11
      15
      10
      13
      16
      15
      12
      12
      10
       9
       8
      11
      15
       8
      10
      12
      10
      15
      14
      10
      10
      13
       6
       9
      11
       9
      13
      13
      12
      12
      17
      15
      14
      12
       9
       5
      11
       8
      14
       9
      16
      17
      16
      12
      18
      10
       7
      16
      14
      12
      10
      14
      11
       8
      14
      18
       9
      12
      11
      16
      10
      16
      20
      13
      14
      17
       6
      10
      16
       8
       7
       9
       8
      13
      14
      10
      10
      14
      12
      13
      13
       4
       8
      14
      12
       9
      14
      12
      16
       9
      15
      10
       9
      10
      11
      11
      12
       7
      20
       9
      11
       7
      20
      11
       8
      10
      12
      24
      10
      15
      13
      12
       9
      14
       6
      19
      15
      10
      23
       8
       7
       4
       9
      14
      12
      18
      14
      18
       8
      11
      14
      14
       6
       9
      16
      17
      10
      14
      12
      11
      12
      15
       9
      12
      13
      18
       9
      12
      14
       9
      14
      20
       9
      12
      11
      12
       9
       9
      15
      13
      16
      11
      14
      13
      10
      15
       7
      14
      16
      15
      14
       8
      13
      10
      10
       9
      10
       7
      14
      13
      12
      14
      14
      16
      11
      14
      13
      18
      13
      18
       8
      10
       8
      15
       8
      14
      12
      14
      11
      18
      11
      14
      17
      12
      12
      13
       8
      17
      11
      10
      18
      17
      12
      12
      13
       8
      14
      11
      14
      15
      10
       9
       9
      16
      12
      10
       9
       8
      11
      10
      11
      12
      12
      14
      16
      10
      15
      16
      12
      11
       9
       9
      15
      13
      11
      13
      18
      12
      12
       9
       9
      15
      10
      14
      13
      13
      12
      11
      18
      12
      16
       9
       8
       5
      14
      17
      11
      11
      16
      12
       6
       7
       9
      14
      13
       7
      10
      11
      11
      14
      17
      13
       8
      13
      16
      14
       8
      14
      13
      11
       9
       9
      18
      15
      15
      10
      11
      15
       9
       8
      16
      18
       7
      12
      11
      12
      12
      15
      19
      10
      11
      12
      12
      18
      16
      14
      12
      10
      12
      13
      13
      11
      10
      12
      18
      18
      14
      14
      10
      13
      14
      11
       9
      10
      20
      10
      11
      10
      12
      11
      13
       7
      15
      16
      12
      10
      13
      12
       6
      12
      11
      13
      11
       9
       9
       5
      14
      16
      12
      12
      13
      11
       6
      10
      12
      11
      15
      14
       9
      15
      11
      15
      11
      14
      13
      11
      15
       8
      11
      17
      19
       9
      12
      11
       7
      14
      10
       9
      11
      17
      12
      10
      14
       7
      10
      11
      20
      18
      14
      14
      10
      11
       7
       8
       5
      12
      12
      12
      13
      11
      14
       9
       7
      12
       4
      11
      18
      11
      12
       2
      14
      14
      10
       5
      10
      10
       9
      14
      12
       9
      13
       7
       9
      16
      10
      13
       8
      10
      11
       7
       9
       6
      16
      11
       7
      19
      10
      16
      19
       9
      11
       9
      13
      17
      12
      15
      11
      22
      13
      12
      11
       6
      15
      13
      11
       9
      12
      10
       4
      13
      12
       8
      12
      18
       9
       9
      16
       8
       9
      12
      10
      11
      12
      19
      17
      13
      11
      11
      15
      14
      13
      13
       8
      10
      16
       8
       7
      14
      17
      13
       8
      12
       9
      12
       9
      17
      14
      10
      17
      14
       6
       3
      14
       8
       5
      20
      14
      11
      13
       9
       9
       7
      12
      10
       9
      16
      10
      14
      13
      14
      12
       9
      17
      16
      14
      12
       8
      19
      15
      11
      13
      12
       8
      13
       8
      15
      10
      12
      14
      13
      17
      13
      10
      12
      13
      14
       9
      14
      12
       8
       5
       9
      15
       5
      11
       8
       8
      12
      18
      15
      16
      17
      18
      12
      15
      10
      12
      14
       8
      15
      11
       4
       7
      13
      14
       9
      14
      13
       8
      15
      13
      15
      16
      13
      16
       9
      16
       9
      17
       9
       9
      14
      10
      10
      10
       9
       7
      13
      13
       9
      13
      17
      12
      15
      10
      14
      16
      13
      14
      12
      15
      17
      14
      10
      12
      14
      13
      19
      17
      14
      14
      11
      15
      15
      15
      19
      10
      21
      12
       6
      13
       8
      11
      17
      14
       6
      15
      21
       8
      11
      17
      12
      16
      11
      10
       7
      16
       6
      14
      11
      11
      20
      16
      16
       7
      11
      17
      13
      15
      15
      12
       6
      18
      17
      22
       6
      17
      15
      15
      13
      10
      15
      15
      14
      15
      16
       6
       9
      10
      11
      10
      13
      19
       5
      14
       4
      15
      10
      20
      12
      17
      12
      13
      13
      10
      17
       7
      11
      14
      12
      16
      17
      11
      11
      10
      12
      18
      14
      17
      13
      14
      19
       7
      27
      19
      13
      18
      15
      17
      14
      19
      15
      11
      11
      14
      13
      12
      14
      12
      11
      12
      16
      12
      16
      12
      22
      17
      18
      12
      16
      12
      16
      11
      14
      18
      15
      24
      11
      14
       5
      14
      19
      23
      12
      15
      12
      10
      19
      12
      11
      10
      16
      20
      13
      16
      19
      14
       7
      12
      17
      13
      10
      17
      13
      25
       6
      12
      14
      10
      17
      13
      15
      16
      10
      17
      17
      13
       6
      17
      11
      21
      14
      19
      17
      18
      16
      16
      17
      12
      16
      14
      12
      10
      10
      16
      10
      19
      10
      15
      15
      12
      14
      20
      12
      17
      16
      24
       6
      15
      11
      21
      14
       9
      14
      16
      13
      10
      14
      19
      14
      15
      15
      13
      23
      14
       8
      15
      19
      14
      15
      14
      20
      14
      12
       8
       9
      19
      10
      12
      14
      17
       9
      12
      17
      13
      11
      12
      11
      11
      19
       8
      16
       8
      13
      15
      14
      13
      13
      13
      15
      11
      13
      13
      10
      16
      10
      13
      11
       9
      14
      16
      13
      11
      10
      14
       9
      14
      12
       8
      13
      15
       6
      10
      10
       7
      10
      13
       6
      13
       9
      18
      13
       3
       7
      12
       9
      11
       4
       6
      10
      12
      12
      14
      11
      14
      18
      15
      20
       5
      19
      11
      14
      18
       5
      19
       9
       9
      12
      16
      11
      17
      12
      15
      14
      16
      15
      16
      18
      27
      38
      44
      60
      54
      68
      90
     143
     145
     149
     219
     207
     241
     232
     242
     269
     234
     265
     245
     214
     202
     151
     104
      92
      60
      40
      16
      22
      16
      15
       9
      13
       8
       9
       8
       9
       4
      12
      12
       8
       4
       8
       7
      10
       4
      11
       9
       6
       9
       8
       8
       4
      12
       0
       6
       5
       8
       7
      11
       6
      12
       8
       7
       5
       7
       9
      10
       4
       5
       9
       7
       2
      11
       5
       2
       9
       6
      11
       3
      11
       4
       6
      10
       8
       7
       9
       4
       7
      10
       6
       7
       3
       5
       7
       8
       1
      10
       6
       8
      11
       8
       7
       7
       8
       6
       6
       8
      11
       5
       8
      11
       9
       7
      13
       4
       5
       3
      10
       6
      10
       8
       5
       2
       7
      14
       5
      10
       3
      13
       5
       8
       5
       3
       4
       4
       7
       8
       8
      12
       7
       6
       8
       7
      11
       7
       7
       4
      10
       7
       6
       5
       8
       4
       6
       8
      10
       7
       4
       8
       5
       1
       6
       1
       5
       6
       6
      13
       8
       5
      11
      10
       3
       5
       9
       7
       6
      11
       4
       8
       5
       9
       8
      12
       4
       6
       5
       6
       4
       9
       4
       5
       7
       7
       6
       6
       7
       4
       4
       8
       9
       5
       8
       6
       7
       7
       7
       7
       6
       4
       4
       5
       3
       7
       3
       6
       1
       3
       2
       7
       8
       5
       4
       4
       5
       6
       3
       2
       7
      14
       5
       9
       3
       5
       9
       9
       4
       5
      10
      12
       4
       8
       9
       7
       8
       1
       3
       4
       4
       6
       8
       5
       2
       4
      11
       4
       2
       2
       4
       5
       6
       7
       9
       7
      11
       8
       4
       5
       6
       2
       1
       2
       4
       3
       7
       3
       5
       5
       6
       2
       6
       6
       2
       8
       9
       5
       4
       4
       6
       6
       7
       8
       5
       7
       4
      10
       5
       7
       4
       9
       1
       4
       5
       5
       4
       3
       4
       5
       4
       6
       3
       3
       6
       5
       6
       7
       8
       7
      10
      10
       5
       7
       5
       8
       3
       3
       4
       4
       3
       5
       7
       4
       6
       7
       6
       3
       9
       5
       5
       2
       6
       4
       4
       3
       4
       6
       2
       2
       4
       6
       7
       3
       4
       5
       6
      11
       2
       8
       4
       5
       7
       7
       3
       3
       3
       6
       5
       5
       2
       4
       4
       5
       4
       7
       1
       5
       2
       6
       3
       2
       9
       6
       4
       7
       3
       5
       5
       5
       8
       6
       4
       4
       2
       1
      10
       2
       5
       8
       3
       4
       5
       4
       3
       2
       5
       4
       3
       5
       8
       2
       7
       3
       3
       2
       5
       5
       5
       6
       7
       4
       3
       5
       2
       2
       4
       0
       4
       5
       5
       5
       5
       2
       4
       4
       3
       7
       2
       4
       8
       4
       4
       4
       2
       4
       4
       1
       3
       3
       4
       7
       5
       4
       2
       2
       2
       5
       4
       5
       7
       2
       3
       5
       2
       4
       6
       5
       0
       7
       5
       3
       5
       2
       1
       3
       3
       1
       3
       4
       2
       7
       1
       6
       2
       5
       4
       6
       2
       2
       5
       5
       0
       3
       7
       5
       3
       4
       7
       2
       3
       5
       4
       4
       3
       2
       3
       1
       3
       7
       1
       7
       3
       1
       6
       5
       3
       5
       6
       1
       0
       1
       2
       2
       2
       3
       4
       2
       5
       0
       6
       3
       6
       3
       2
       5
       6
       3
       5
       4
       4
       4
       3
       4
       4
       1
       5
       5
       5
       6
       4
       6
       2
       2
       4
       3
       6
       3
       0
       2
       6
       2
       4
       9
       4
       3
       4
       4
       3
       4
       2
       3
       2
       7
       1
       3
       3
       3
       1
       4
       5
       2
      11
       4
       3
       4
       4
      10
       3
       2
       4
       2
       7
       1
       3
       3
       3
       6
       2
       2
       5
       3
       3
       2
       5
       2
       4
       5
       1
       5
       5
       2
       2
       4
       5
       1
       4
       0
       3
       3
       4
       9
       1
       2
       2
       5
       3
       4
       3
       7
       1
       3
       4
       0
       4
       2
       3
       6
       4
       3
       6
       3
       7
       2
       4
       2
       5
       2
       4
       2
       3
       5
       1
       3
       7
       1
       1
       3
       3
       3
       3
       7
       2
       0
       4
       1
       3
       3
       6
       3
       4
       7
       3
       2
       5
       1
       4
       2
       7
       4
       1
       6
       1
       2
       0
       1
       2
       4
       3
       3
       2
       6
       2
       4
       7
       4
       2
       6
       1
       4
       2
       6
       2
       4
       2
       4
       3
       5
       2
       8
       1
       2
       4
       1
       3
       7
       6
       4
       7
       3
       4
       3
       4
       3
       4
       6
       3
       4
       2
       4
       4
       4
       0
       7
       2
       0
       2
       3
       5
       7
       6
       3
       5
       5
       3
       3
       2
       5
       5
       3
       3
       2
       4
       3
       0
       2
       3
       1
       2
       7
       3
       6
       5
       2
       2
       3
       4
       3
       2
       2
       5
       1
       1
       4
       1
       3
       8
       4
       3
       2
       3
       4
       1
       5
       2
       2
       2
       5
       3
       5
       0
       2
       2
       4
       0
       2
       2
       2
       7
       1
       2
       2
       7
       3
       4
       6
       3
       4
       3
       2
       4
       3
       4
       1
       1
       5
       6
       2
       2
       2
       4
       6
       3
       2
       2
       1
       0
       4
       3
       8
       4
       3
       2
       2
       3
       2
       3
       3
       4
       1
       6
       5
       4
       4
       2
       2
       4
       5
       4
       4
       8
       0
       4
       3
       4
       2
       1
       0
       5
       5
       4
       5
       5
       2
       2
       2
       5
       4
       1
       3
       3
       3
       0
       3
       4
       2
       2
       1
       0
       3
       1
       2
       2
       5
       5
       2
       2
       3
       4
       1
       0
       3
       6
       1
       1
       2
       3
       6
       2
       4
       4
       5
       1
       2
       4
       6
       6
       5
       4
       0
       3
       4
       3
       4
       5
       1
       3
       3
       2
       1
       1
       3
       1
       6
       3
       7
       0
       2
       4
       3
       8
       3
       2
       3
       2
       2
       3
       3
       2
       4
       3
       2
       4
       6
       1
       3
       5
       2
       5
       5
       6
       4
       5
       2
       6
       5
       5
       6
       2
       2
       2
       5
       1
       4
       7
       2
       5
       4
       1
       6
       2
       2
       5
       1
       4
       5
       4
       3
       3
       5
       2
       1
       4
       1
       4
       5
       7
       4
       3
       4
       3
       4
       4
       5
       7
      10
       6
       7
       8
      13
       6
      10
      13
      11
      15
      15
      38
      28
      30
      57
      51
      72
      72
      86
     106
     118
     140
     179
     197
     200
     251
     275
     274
     264
     279
     286
     292
     219
     219
     197
     164
     146
     120
      69
      61
      41
      28
      18
      14
       6
       5
       2
       2
       4
       0
       0
       2
       2
       3
       1
       2
       1
       4
       1
       3
       0
       2
       1
       2
       1
       1
       3
       1
       2
       2
       5
       0
       0
       3
       2
       3
       0
       3
       1
       0
       1
       2
       1
       1
       5
       2
       2
       3
       2
       2
       2
       2
       9
       1
       1
       0
       1
       1
       4
       2
       2
       2
       4
       2
       2
       5
       1
       1
       5
       3
       0
       2
       1
       0
       2
       2
       2
       0
       3
       4
       1
       5
       1
       2
       1
       1
       2
       0
       5
       3
       2
       2
       0
       2
       3
       3
       1
       3
       2
       2
       2
       1
       2
       2
       0
       0
       3
       4
       0
       3
       0
       1
       0
       0
       4
       2
       3
       2
       2
       0
       1
       3
       1
       1
       1
       1
       1
       0
       3
       2
       1
       0
       4
       0
       0
       1
       1
       1
       2
       2
       2
       1
       2
       2
       2
       0
       2
       4
       0
       1
       1
       0
       2
       3
       3
       2
       2
       1
       3
       0
       0
       3
       1
       2
       1
       0
       3
       0
       1
       2
       1
       1
       2
       0
       1
       2
       1
       1
       2
       2
       0
       2
       2
       1
       4
       3
       4
       0
       2
       1
       0
       2
       1
       3
       0
       1
       0
       4
       0
       2
       3
       2
       1
       1
       1
       3
       4
       3
       2
       2
       3
       3
       1
       4
       4
       0
       2
       0
       0
       2
       1
       3
       1
       2
       2
       3
       1
       5
       3
       5
       1
       2
       4
       0
       0
       2
       2
       3
       2
       1
       1
       0
       1
       1
       3
       1
       4
       2
       0
       3
       2
       6
       0
       4
       1
       2
       1
       3
       1
       2
       2
       4
       0
       0
       0
       3
       1
       0
       1
       0
       2
       2
       3
       2
       0
       1
       2
       1
       3
       3
       0
       0
       2
       2
       1
       4
       1
       1
       1
       2
       4
       1
       1
       1
       2
       2
       3
       1
       2
       6
       3
       1
       3
       0
       0
       1
       1
       1
       4
       0
       2
       3
       1
       4
       2
       4
       2
       1
       0
       0
       0
       3
       2
       2
       1
       2
       0
       2
       0
       2
       3
       2
       0
       1
       3
       2
       3
       1
       1
       0
       1
       2
       0
       1
       1
       2
       0
       0
       1
       0
       4
       0
       3
       1
       0
       1
       1
       4
       2
       1
       1
       0
       2
       2
       1
       2
       4
       0
       3
       1
       0
       1
       0
       4
       0
       1
       0
       0
       4
       2
       2
       1
       1
       1
       0
       1
       1
       1
       3
       0
       4
       1
       2
       4
       1
       1
       2
       3
       2
       1
       1
       2
       1
       2
       0
       1
       0
       1
       3
       1
       0
       2
       1
       1
       1
       3
       2
       2
       1
       2
       1
       3
       1
       1
       1
       4
       0
       2
       3
       3
       2
       0
       0
       0
       0
       3
       2
       1
       1
       4
       0
       0
       1
       1
       2
       2
       0
       4
       2
       2
       4
       0
       1
       3
       1
       2
       2
       2
       2
       2
       0
       1
       1
       1
       2
       2
       1
       1
       1
       2
       2
       0
       1
       2
       0
       2
       1
       2
       0
       0
       1
       1
       0
       1
       1
       3
       1
       1
       2
       1
       1
       0
       1
       1
       0
       2
       1
       3
       0
       1
       3
       2
       0
       1
       1
       3
       3
       1
       0
       0
       0
       3
       1
       1
       0
       1
       1
       1
       5
       1
       1
       3
       1
       1
       2
       2
       0
       0
       0
       3
       3
       0
       4
       2
       0
       0
       0
       1
       0
       1
       2
       1
       0
       2
       2
       1
       3
       1
       1
       0
       1
       0
       0
       0
       0
       2
       0
       1
       0
       2
       0
       1
       2
       1
       1
       1
       0
       2
       1
       1
       0
       2
       2
       2
       2
       0
       1
       1
       1
       3
       1
       3
       1
       2
       0
       1
       1
       0
       1
       1
       1
       2
       0
       1
       2
       0
       0
       1
       1
       3
       0
       0
       1
       4
       2
       0
       2
       2
       1
       1
       0
       1
       0
       0
       2
       0
       2
       2
       0
       1
       3
       2
       1
       2
       1
       3
       0
       1
       0
       1
       3
       0
       0
       1
       1
       3
       1
       0
       1
       2
       2
       2
       1
       3
       0
       2
       2
       2
       0
       0
       3
       1
       1
       1
       1
       0
       2
       1
       3
       2
       0
       2
       2
       0
       1
       1
       1
       3
       2
       1
       1
       0
       0
       1
       0
       1
       1
       1
       2
       3
       0
       1
       0
       0
       2
       0
       4
       0
       3
       1
       1
       0
       1
       1
       1
       1
       1
       0
       3
       1
       2
       0
       0
       2
       1
       4
       1
       0
       0
       1
       3
       2
       2
       3
       0
       0
       1
       7
       1
       0
       1
       2
       1
       2
       2
       0
       3
       0
       1
       0
       3
       1
       1
       0
       2
       2
       1
       0
       1
       0
       0
       1
       1
       3
       1
       1
       0
       1
       2
       5
       0
       2
       0
       0
       2
       1
       1
       3
       1
       1
       3
       0
       0
       1
       0
       2
       0
       0
       0
       2
       3
       3
       1
       0
       0
       0
       0
       2
       1
       3
       1
       1
       1
       2
       2
       4
       1
       2
       0
       1
       0
       0
       1
       2
       1
       0
       0
       0
       2
       2
       1
       2
       1
       1
       3
       0
       1
       1
       0
       1
       2
       3
       4
       0
       0
       0
       1
       2
       0
       2
       0
       0
       0
       0
       2
       0
       2
       1
       0
       1
       2
       0
       0
       1
       4
       2
       1
       1
       2
       1
       2
       3
       0
       2
       2
       1
       4
       0
       2
       2
       2
       1
       1
       4
       1
       1
       1
       1
       1
       1
       1
       2
       3
       0
       1
       2
       2
       0
       0
       0
       1
       2
       3
       0
       0
       1
       0
       1
       0
       1
       1
       2
       0
       1
       2
       0
       4
       1
       2
       1
       3
       2
       3
       3
       2
       1
       2
       0
       0
       0
       0
       0
       1
       0
       1
       2
       1
       0
       0
       0
       0
       2
       3
       2
       0
       0
       1
       1
       1
       1
       2
       0
       2
       2
       0
       1
       4
       2
       1
       1
       2
       2
       1
       1
       0
       1
       2
       0
       1
       1
       2
       1
       1
       0
       2
       1
       1
       2
       1
       2
       0
       1
       0
       0
       2
       1
       1
       0
       0
       1
       3
       0
       1
       2
       1
       1
       3
       1
       0
       2
       0
       1
       2
       2
       3
       2
       0
       3
       3
       0
       1
       1
       2
       1
       1
       1
       0
       2
       2
       1
       1
       3
       0
       2
       3
       1
       2
       0
       1
       1
       0
       0
       0
       1
       0
       1
       3
       1
       0
       1
       2
       1
       0
       1
       1
       0
       1
       0
       0
       1
       0
       3
       1
       2
       2
       3
       3
       0
       3
       1
       1
       0
       3
       2
       1
       0
       2
       2
       0
       0
       1
       1
       1
       4
       0
       2
       2
       4
       1
       0
       1
       1
       0
       0
       6
       1
       2
       2
       2
       2
       1
       0
       1
       6
       4
       4
       6
       1
       2
       4
       7
       6
       9
       4
      15
      12
      16
      14
      12
      16
      19
      18
      30
      23
      26
      25
      21
      25
      28
      25
      21
      27
      17
      12
      15
      10
      12
       5
       1
       1
       3
       1
       3
       2
       1
       1
       2
       2
       3
       1
       3
       0
       1
       0
       0
       2
       1
       2
       1
       0
       0
       2
       3
       1
       1
       0
       4
       1
       5
       0
       1
       1
       2
       0
       0
       0
       1
       1
       0
       1
       0
       2
       2
       2
       0
       0
       0
       1
       2
       0
       3
       1
       1
       2
       1
       1
       3
       0
       1
       3
       0
       2
       1
       2
       0
       1
       0
       1
       4
       3
       0
       2
       0
       2
       1
       3
       0
       2
       0
       0
       1
       0
       0
       2
       0
       2
       0
       3
       0
       4
       5
       1
       0
       1
       0
       0
       0
       1
       1
       0
       0
       0
       2
       1
       2
       0
       2
       4
       2
       0
       1
       3
       1
       2
       1
       2
       2
       1
       2
       0
       1
       1
       2
       0
       2
       2
       0
       1
       1
       0
       1
       1
       1
       1
       2
       0
       0
       0
       0
       1
       2
       4
       2
       1
       2
       0
       0
       1
       5
       1
       1
       0
       0
       0
       0
       0
       0
       1
       1
       0
       0
       2
       2
       0
       1
       2
       2
       2
       2
       1
       1
       2
       1
       1
       2
       2
       0
       0
       0
       2
       2
       0
       0
       1
       0
       2
       3
       0
       1
       0
       2
       2
       0
       0
       1
       3
       2
       0
       3
       1
       0
       2
       3
       2
       1
       0
       1
       1
       0
       0
       1
       1
       1
       2
       2
       2
       1
       2
       2
       2
       1
       1
       0
       1
       1
       0
       0
       1
       3
       2
       1
       1
       1
       0
       0
       0
       3
       3
       2
       1
       1
       0
       2
       2
       2
       2
       3
       0
       1
       0
       0
       1
       4
       2
       1
       1
       3
       0
       2
       1
       0
       3
       2
       1
       0
       2
       2
       2
       1
       0
       0
       2
       0
       1
       1
       0
       0
       0
       1
       2
       2
       1
       1
       1
       0
       0
       0
       0
       0
       1
       1
       1
       4
       1
       0
       1
       1
       1
       0
       2
       1
       1
       3
       0
       3
       1
       0
       0
       0
       1
       2
       0
       2
       0
       1
       1
       0
       3
       2
       0
       0
       1
       0
       0
       0
       0
       0
       0
       0
       0
       0
       0
       0
       0
       0
       0
       0
       0
       0
       0
       0
       0
       0
       0
       0
       0
       0
       0
       0
       0
       0
       0
       0
       0
       0
       0
       0
       0
       0
       0
       0
       0
       0
       0
       0
       0
       0
       0
       0
       0
       0
       0
       0
       0
       0
       0
       0
       0
       0
       0
       0
       0
       0
       0
       0
       0
       0
       0
       0
       0
       0
       0
       0
       0
       0
       0
       0
       0
       0
       0
       0
       0
       0
       0
       0
       0
       0
       0
       0
       0
       0
       0
       0
       0
       0
       0
       0
       0
       0
       0
       0
       0
       0
       0
       0
       0
       0
       0
       0
       0
       0
       0
       0
       0
       0
       0
       0
       0
       0
       0
       0
       0
       0
       0
       0
       0
       0
       0
       0
       0
$ROI:
1
4146 4168
$PRESETS:
Live Time
600
0
$ENER_FIT:
-1.504534 0.196418
$MCA_CAL:
3
-1.504534E+000 1.964177E-001 -1.544040E-007 keV
$SHAPE_CAL:
3
0.000000E+000 0.000000E+000 0.000000E+000
