$SPEC_ID:
HFNG Beamline
$SPEC_REM:
DET# 2
DETDESC# EasyMCA
AP# Maestro Version 7.01
$DATE_MEA:
06/22/2018 15:06:57
$MEAS_TIM:
600 601
$DATA:
0 8191
       0
       0
       0
       0
       0
       0
       0
       0
       0
       0
       0
       0
       0
       0
       0
       0
       0
       0
       0
       0
       0
       1
       1
       0
       0
       0
       0
       0
       0
       0
       0
       0
       0
       0
       0
       0
       0
       0
       0
       0
       0
       0
       0
       0
       0
       0
       0
       0
      54
      97
      88
      84
      73
     100
     108
      91
      92
     118
      92
     109
      92
     100
      99
      96
      94
      96
      99
      83
      92
      91
      92
      97
     100
      87
      78
      83
      86
      93
     104
      83
      86
      92
     105
      70
      77
      92
      71
      84
      91
      74
      68
      80
      89
     108
      83
      54
      82
      86
      78
      70
      72
      88
      94
      78
      84
      80
      93
      89
      83
      77
      61
      79
      76
      76
      86
      86
      78
      78
      82
      76
      63
      76
      81
      62
      74
      71
      73
      77
      67
      80
      66
      79
      73
      75
      63
      68
      87
      75
      73
      80
      64
      51
      60
      68
      74
      67
      52
      57
      69
      66
      73
      68
      49
      63
      66
      69
      70
      51
      72
      72
      60
      64
      75
      50
      74
      68
      62
      58
      54
      62
      57
      76
      67
      64
      61
      75
      60
      58
      70
      65
      62
      68
      60
      58
      78
      83
      61
      50
      54
      60
      76
      69
      59
      75
      64
      58
      53
      73
      74
      71
      52
      54
      61
      50
      58
      65
      56
      63
      51
      62
      52
      57
      58
      53
      68
      56
      69
      70
      56
      66
      66
      49
      60
      66
      48
      55
      63
      59
      60
      63
      65
      65
      49
      50
      62
      70
      47
      52
      47
      48
      69
      53
      74
      51
      59
      57
      59
      65
      61
      55
      62
      62
      51
      78
      56
      68
      57
      59
      58
      42
      46
      43
      70
      55
      67
      55
      60
      60
      42
      48
      59
      45
      59
      51
      50
      56
      61
      66
      46
      53
      49
      59
      50
      50
      59
      54
      53
      69
      37
      59
      51
      57
      51
      59
      62
      48
      58
      50
      60
      73
      52
      60
      49
      52
      56
      36
      54
      60
      55
      54
      45
      49
      63
      51
      52
      55
      63
      61
      53
      51
      64
      64
      52
      66
      63
      46
      48
      60
      60
      69
      60
      56
      48
      38
      53
      55
      65
      59
      48
      60
      57
      47
      63
      48
      52
      53
      46
      65
      54
      47
      46
      48
      71
      57
      60
      52
      50
      46
      54
      46
      69
      62
      68
      66
      56
      40
      60
      58
      50
      59
      62
      82
      94
     108
     135
     108
      80
      73
      60
      55
      52
      62
      94
     146
     175
     202
     126
     119
      88
      51
      43
      54
      52
      49
      44
      51
      52
      49
      54
      45
      53
      55
      49
      51
      46
      52
      55
      52
      48
      54
      44
      48
      52
      49
      42
      56
      43
      52
      59
      63
      64
      56
      49
      56
      44
      44
      58
      46
      46
      60
      66
      68
      71
     102
     106
     109
     104
      78
      80
      76
      59
      45
      52
      59
      56
      54
      59
      52
      66
      66
      63
      59
      50
      39
      49
      53
      54
      54
      50
      50
      56
      51
      52
      51
      65
      54
      69
      45
      42
      47
      53
      46
      52
      55
      37
      47
      49
      48
      45
      45
      44
      40
      59
      51
      54
      50
      39
      47
      52
      50
      49
      49
      66
      42
      47
      48
      57
      49
      47
      39
      57
      53
      42
      40
      50
      53
      41
      55
      50
      45
      41
      49
      46
      38
      47
      58
      47
      45
      46
      43
      39
      38
      50
      53
      59
      50
      56
      47
      49
      43
      48
      47
      54
      49
      40
      58
      48
      44
      47
      47
      56
      59
      59
      62
      50
      40
      51
      47
      40
      48
      45
      56
      61
      55
      45
      50
      48
      48
      54
      52
      52
      43
      47
      48
      57
      54
      55
      54
      38
      47
      68
      35
      45
      52
      47
      43
      51
      45
      47
      59
      49
      43
      49
      32
      58
      51
      51
      55
      42
      48
      45
      48
      51
      39
      55
      48
      64
      53
      43
      41
      50
      49
      66
      45
      51
      57
      59
      58
      56
      59
      52
      45
      53
      34
      56
      53
      47
      48
      49
      54
      58
      52
      49
      50
      45
      41
      49
      46
      46
      56
      49
      49
      53
      43
      53
      43
      46
      37
      47
      41
      50
      50
      36
      43
      54
      43
      68
      58
      44
      56
      52
      62
      54
      41
      48
      48
      54
      46
      49
      48
      64
      47
      56
      48
      46
      52
      39
      70
      72
      55
      50
      53
      61
      55
      59
      44
      51
      49
      67
      53
      42
      61
      46
      42
      50
      53
      49
      52
      48
      53
      51
      61
      64
      56
      53
      58
      59
      58
      61
      57
      53
      65
      53
      45
      58
      54
      83
      94
     132
     186
     178
     185
     110
      83
      73
      61
      46
      49
      54
      72
      44
      45
      54
      60
      57
      57
      61
      53
      54
      59
      58
      83
      57
      51
      64
      48
      45
      69
      66
      65
      63
      56
      59
      70
      69
      57
      64
      57
      59
      67
      63
      64
      84
      58
      58
      73
      71
      79
      77
      62
      65
      76
      61
      66
      75
      61
      67
      71
      77
      75
      69
      74
      78
      78
      74
      60
      55
      62
      69
      60
      69
      80
      64
      69
      55
      67
      61
      80
      75
      56
      63
      66
      45
      59
      72
      71
      65
      61
      69
      66
      70
      78
      74
      73
      60
      72
      80
      81
      63
      72
      76
      54
      72
      58
      78
      90
      56
      77
      61
      64
      60
      63
      75
      73
      77
      69
      73
      86
      60
      79
      80
      71
      62
      72
      58
      75
      73
      60
      75
      77
      82
      50
      62
      80
      65
      69
      57
      63
      72
      66
      63
      58
      68
      67
      74
      60
      62
      80
      80
      73
      60
      70
      64
      71
      63
      62
      61
      70
      71
      73
      75
      74
      65
      61
      83
      64
      57
      63
      59
      68
      84
      68
      63
      65
      68
      67
      77
      66
      76
      62
      73
      59
      63
      64
      55
      67
      75
      77
      82
      63
      79
      74
      63
      67
      71
      65
      78
      56
      68
      65
      77
      70
      66
      82
      72
      58
      78
      71
      66
      66
      57
      76
      77
      65
      73
      73
      60
      70
      76
      71
      72
      73
      62
      58
      65
      60
      69
      81
      74
      64
      55
      70
      67
      68
      63
      58
      71
      66
      71
      74
      84
      66
      70
      71
      82
      74
      71
      64
      81
      75
      61
      69
      49
      75
      71
      74
      81
      64
      68
      50
      60
      56
      72
      83
      63
      55
      67
      74
      64
      66
      55
      62
      56
      52
      56
      59
      59
      53
      35
      64
      67
      49
      49
      51
      57
      54
      45
      70
      57
      49
      56
      50
      54
      53
      58
      40
      52
      46
      48
      57
      56
      40
      58
      60
      32
      51
      42
      54
      47
      55
      35
      53
      42
      44
      56
      52
      57
      49
      44
      53
      47
      59
      37
      40
      53
      52
      52
      42
      37
      51
      51
      40
      46
      52
      46
      40
      54
      42
      40
      48
      46
      56
      51
      41
      46
      52
      44
      42
      45
      54
      48
      51
      52
      57
      52
      42
      43
      54
      46
      43
      46
      47
      50
      42
      47
      48
      44
      32
      39
      49
      51
      40
      38
      51
      40
      36
      49
      57
      50
      45
      34
      41
      46
      41
      50
      50
      42
      46
      43
      36
      41
      49
      32
      44
      36
      48
      39
      39
      36
      48
      52
      42
      47
      43
      52
      41
      53
      52
      40
      31
      34
      56
      38
      50
      40
      41
      45
      49
      38
      39
      43
      52
      46
      44
      49
      43
      42
      30
      39
      35
      49
      28
      40
      32
      33
      35
      44
      40
      49
      42
      58
      52
      30
      47
      37
      55
      35
      38
      41
      34
      35
      26
      32
      43
      46
      38
      36
      44
      49
      39
      36
      46
      36
      39
      38
      34
      42
      31
      39
      44
      40
      48
      35
      32
      36
      37
      37
      43
      40
      39
      37
      29
      36
      34
      48
      38
      35
      33
      43
      29
      47
      34
      39
      31
      30
      45
      31
      35
      43
      36
      36
      46
      50
      46
      36
      30
      38
      36
      38
      44
      29
      31
      33
      37
      31
      34
      48
      33
      33
      35
      34
      26
      38
      32
      39
      31
      38
      40
      31
      32
      32
      30
      31
      39
      35
      36
      27
      47
      38
      31
      36
      34
      36
      32
      33
      30
      23
      40
      30
      32
      35
      28
      33
      38
      32
      31
      33
      34
      40
      33
      41
      28
      39
      27
      38
      39
      29
      31
      33
      21
      27
      37
      37
      32
      45
      21
      25
      39
      36
      43
      32
      34
      43
      29
      32
      32
      40
      40
      34
      29
      33
      28
      31
      33
      29
      27
      33
      30
      30
      27
      30
      48
      37
      27
      30
      31
      26
      44
      45
      33
      25
      32
      24
      26
      22
      30
      33
      30
      37
      32
      21
      31
      38
      25
      20
      39
      30
      26
      22
      31
      30
      30
      31
      25
      27
      26
      26
      17
      22
      27
      32
      29
      30
      32
      35
      29
      32
      32
      29
      16
      23
      28
      31
      25
      25
      41
      24
      22
      27
      13
      28
      27
      31
      27
      28
      29
      20
      25
      29
      30
      28
      33
      22
      26
      18
      23
      31
      26
      32
      23
      33
      28
      25
      28
      34
      24
      25
      30
      24
      30
      18
      14
      27
      28
      24
      20
      24
      18
      28
      23
      17
      26
      18
      24
      30
      38
      27
      19
      22
      18
      27
      30
      25
      25
      19
      23
      36
      28
      34
      28
      33
      33
      23
      34
      32
      33
      23
      23
      39
      35
      26
      32
      26
      28
      16
      25
      28
      19
      20
      31
      27
      24
      27
      17
      26
      22
      24
      18
      15
      22
      24
      19
      21
      23
      15
      26
      31
      21
      23
      19
      21
      15
      18
      17
      23
      24
      28
      32
      26
      24
      25
      25
      17
      20
      16
      21
      19
      17
      24
      27
      19
      17
      30
      24
      16
      16
      17
      21
      23
      18
      21
      19
      19
      23
      25
      24
      28
      18
      25
      23
      26
      22
      26
      17
      29
      26
      20
      19
      20
      28
      21
      17
      15
      19
      26
      24
      22
      27
      27
      25
      22
      17
      28
      27
      15
      30
      25
      26
      33
      29
      14
      25
      25
      22
      19
      23
      32
      21
      23
      17
      21
      14
      13
      17
      27
      22
      20
      17
      28
      31
      27
      23
      19
      22
      20
      20
      23
      22
      22
      21
      16
      21
      19
      19
      23
      21
      14
      19
      26
      20
      27
      23
      34
      23
      18
      22
      29
      29
      21
      29
      19
      21
      20
      18
      14
      21
      22
      23
      22
      21
      15
      32
      17
      25
       8
      17
      17
      15
      18
      29
      14
      20
      21
      19
      21
      20
      18
      20
      26
      17
      32
      26
      20
      15
      15
      16
      24
      27
      14
      28
      24
      18
      26
      10
      21
      24
      19
      19
      23
      23
      22
      22
      16
      20
      28
      17
      20
      14
      20
      22
      13
      28
      21
      20
      14
      25
      15
      15
      18
      24
      12
      21
      24
      24
      15
      19
      15
      16
      19
      21
      21
      16
      16
      11
      18
      20
      17
      17
      19
      23
      17
      19
      15
      17
      23
      24
      22
      19
      13
      25
      26
      17
      23
      15
      19
      25
      23
      24
      22
      22
      29
      22
      30
      25
      17
      26
      19
      20
      28
      37
      27
      20
      31
      34
      36
      46
      51
     107
     150
     303
     553
     882
    1413
    1951
    2325
    2543
    2217
    1806
    1236
     668
     348
     137
      40
      29
      14
      11
      10
      13
      12
      16
       3
      14
       8
      14
       7
      12
      13
      15
      11
      14
      12
       4
      11
      11
       5
      17
       7
      12
       6
      15
       8
      13
      16
      13
       6
       5
      12
       9
      19
      10
       5
      11
      11
      13
       8
       9
       7
      10
       8
      14
      14
      10
       9
       5
       8
      10
       8
      10
      10
      13
      14
      12
       5
      12
       9
       8
       8
       7
      14
      13
      12
      12
      14
       9
       7
      11
      14
       9
      14
      10
      13
       5
      10
      12
       5
       8
      13
      10
      18
      14
      19
      15
      14
      25
      21
      20
      12
      13
       9
      12
       4
      11
      14
       7
      12
      11
      10
       8
       4
       7
      10
      12
       5
       9
      12
      10
       4
       7
       6
      10
      13
      10
      12
      10
      11
      13
      11
       9
       7
      14
       4
      10
       7
      13
       1
      12
       8
      15
       8
       5
      14
      14
       4
      10
      10
      16
      10
       5
       8
       9
       5
      11
       9
       9
      11
       8
      10
      10
      10
       8
       5
      11
      13
       8
       7
      13
      14
      12
      10
      12
      16
      11
       9
       5
      10
       8
      10
      10
      11
       8
      13
       5
       7
       5
       9
      11
       9
       8
      11
       4
       7
      10
       7
       8
       8
       5
       6
       9
      11
      11
       8
      10
       5
      12
       9
      12
       7
      11
       7
      10
       8
      11
      15
       6
       9
       7
       6
       7
      12
      10
      11
      13
      14
      10
       9
      10
       7
       9
       4
       8
      13
      13
      12
      12
      11
       9
      10
       9
       8
       9
       4
       3
       7
      10
       9
       9
       9
       8
      14
       7
      11
       5
       8
      10
      10
       8
       9
      13
      10
       8
       5
       7
      15
       5
       6
      10
      10
       8
      11
      12
      10
      10
      14
      24
      30
      62
      79
      93
      92
      99
     119
      62
      62
      43
      27
      22
      12
       9
       8
      12
      13
      10
       9
       7
       5
       8
       4
       8
       4
       6
       7
      10
       5
       5
      12
       8
      10
       6
       9
      17
      10
      11
       8
       5
      12
      12
      10
       8
      10
       9
       5
      10
      12
       7
       3
       6
      10
      14
      11
       9
       7
       9
      12
       5
      10
       9
      10
       9
       8
       9
       4
       8
      11
       5
       6
       6
       6
       5
       3
       8
      10
       5
      10
       8
       8
      12
       4
       7
      12
       7
       7
       4
       5
      11
       3
       9
       5
      10
       6
       6
      13
       7
       7
      10
      15
      12
      11
      12
      10
       9
      14
       9
      11
      12
      15
       8
      13
       8
      11
      16
       6
      13
      12
       8
       8
       8
      13
      19
      19
      15
      20
      39
      59
      82
     125
     192
     245
     290
     305
     306
     256
     222
     130
      92
      48
      23
      16
       3
      10
      17
       7
       8
      11
       6
       2
       4
      10
       6
       4
       8
       6
       7
      12
       7
      11
      14
       8
       9
       5
       6
       5
       7
       9
       9
       4
      12
      11
       4
       5
       5
       3
      12
       3
       4
       7
       8
       8
       5
      10
       6
       6
       3
       7
      11
       8
       7
      10
       5
       9
       6
       7
       6
       6
       5
       6
       8
       7
      10
       6
       8
       7
      11
       6
       4
       8
       9
       6
       3
       8
       6
       9
       5
      10
       6
       7
       8
       8
       5
       3
       2
       6
       8
       9
       4
       6
      10
       4
      10
      13
       4
       7
       7
       9
       6
       3
       7
       8
       9
       9
      12
       3
       9
       6
       6
       6
       8
      11
      10
       4
       5
       5
       9
       5
       6
      10
       8
       9
       9
       4
      10
       6
      12
       9
      12
       5
       5
       5
       5
       5
       6
       1
       6
       5
       7
       8
       4
       7
       8
       5
       6
       3
       9
       6
       5
       8
       8
       7
       9
       9
       7
       7
       3
       7
       5
       5
       8
       8
       2
       8
       6
      10
       9
       3
      10
       9
       9
      13
       5
      10
       6
       8
       8
       7
      12
       6
       9
       6
       6
      12
       6
      12
       6
       7
       4
      13
       7
       4
       7
       7
       8
       9
       8
       6
       7
      11
       4
       6
       6
       6
       9
       7
       7
      10
      10
      10
       5
       9
       5
       5
      11
       5
       6
       6
       3
       5
       8
       6
      10
       5
      10
      20
      14
      24
      12
      11
      11
      17
       7
      11
      13
       7
      12
       4
       9
       9
       3
       9
      11
      10
       6
       6
       6
      11
      10
       7
       4
       7
       9
      10
       5
      10
      11
      10
       7
       7
       7
       2
       6
       8
       8
       6
       9
       7
       7
       7
       9
      11
       8
       7
       4
       4
      11
       6
      12
       5
       8
       9
       5
       8
       6
       8
       6
      10
       9
       8
      10
       3
       4
       4
       5
      14
       5
       9
       5
       7
      10
      11
       8
       8
       9
       6
       8
      10
       5
       5
       9
       4
       6
       5
       7
       7
       3
      10
       8
       9
       5
       7
       9
       3
       9
       7
       6
       8
       4
       3
       7
      11
       7
       7
      11
       5
       7
      13
       5
      13
      13
       9
       6
       8
       2
       4
      10
       8
      10
       9
       8
       4
       4
       1
       5
       6
       6
      10
       5
       6
       5
       5
       6
      11
       7
       9
       5
       9
       5
       4
       9
       6
       3
       8
       5
       6
       9
       4
       6
       5
       8
       7
       8
       6
      11
       7
       6
       4
       5
       7
       7
       8
       4
      11
       5
       8
       7
       7
       7
       5
       4
      10
       3
       7
      10
       5
      11
       2
       7
      10
       7
       5
       2
       3
       6
       6
       8
       3
       4
       8
       5
       9
       4
       8
       8
       5
       3
       5
       6
       7
       6
      13
       4
       4
      10
      12
      10
       7
       7
       6
       8
      11
       6
      13
       7
       3
      10
       8
       6
      10
       5
       5
       2
       7
       4
       9
       1
       3
       8
       7
       8
       5
       8
      10
       5
       8
       6
       8
       9
      12
      12
      18
      14
      13
       7
      15
      15
      18
       6
      13
      15
       8
       9
       5
      10
       9
       8
       7
       4
       4
      13
      13
       6
       9
      12
       8
       9
       3
       3
       9
       7
       6
       6
       5
       5
       7
       2
       6
       8
      10
       3
       8
       6
       4
       4
       4
       9
       8
       7
       8
       7
       4
       5
       5
       4
       6
       5
       5
       2
       3
       6
       9
      10
       6
       3
       7
       8
      10
      10
      14
      10
       6
       4
       9
       9
       7
       6
       6
       7
       4
      12
       8
       8
       3
       8
       7
       5
       6
       7
      13
       5
       5
      12
       8
       5
       5
      11
       9
       8
       5
       9
       1
       6
       6
       6
       7
       6
      13
       8
       9
       5
       8
       5
       8
       6
       3
       9
       8
       5
       5
       9
      11
       5
       7
       5
      13
       5
       7
       4
       7
      11
       7
       7
       6
       7
       4
      10
       8
       9
       9
       7
       4
      13
       3
       8
       2
       8
      10
       4
       7
       5
       8
       9
       7
       4
       4
       4
       8
      10
       6
       9
       4
       3
       3
       5
      10
       7
       7
       6
       8
      11
       6
       7
      11
       4
       7
      10
       5
       6
       8
       9
       4
       6
       8
       7
       5
       6
       5
       6
       7
      11
       6
       2
       9
       8
       3
       9
       8
       2
       6
       6
       6
       7
       4
       8
       5
       6
       7
       6
       7
       5
       6
       7
       8
       4
      11
       6
       7
       5
       9
       3
       9
      11
       5
       4
      11
       5
       7
       9
       6
       2
       3
       8
       6
       6
       8
       4
       7
       6
      12
       1
      10
       8
       3
       5
       3
       9
      12
       8
       9
       3
       6
       8
       1
       8
       7
       4
       5
       8
       9
      10
       3
       6
       3
      11
       9
      11
      12
       5
       8
      10
       3
       8
      11
       4
       7
      10
       4
      10
       5
       8
       7
       3
       5
       3
       6
       7
       3
       6
       3
       3
      10
      12
       8
       7
       8
       4
      10
       8
       6
       9
       8
       8
       5
       9
       7
       7
       4
       7
       8
       3
       8
      10
       4
       5
       8
       8
       5
       8
       9
       4
      11
       6
       2
       2
      10
       7
      12
       7
       6
       7
       8
       8
       9
       4
       8
      11
       8
       8
      11
       8
       6
       8
       4
       4
       9
       6
      11
       9
       5
       7
      10
       9
       6
       8
       8
       9
       3
       9
       4
       5
       6
       4
       4
      15
       9
       8
       2
      11
       8
       3
       4
       7
      10
       9
       8
       7
      11
       8
       5
       9
       8
       7
      11
       9
       4
      10
       8
       4
      12
       3
       9
       8
       5
       3
       4
      15
       4
       6
       7
       4
       6
       8
       7
       4
      11
       4
       5
       8
       5
       8
       6
       4
      12
       6
       4
      11
       4
       5
       1
       6
       6
       9
       4
       9
      10
       9
       3
       3
       7
       9
       4
       6
      10
       7
      10
       9
       5
       4
       8
       6
       5
       7
       6
       6
      12
       5
      10
       7
       5
       9
       6
      11
       7
      10
       4
       9
       8
       7
      10
      12
       5
       9
       6
       8
       5
       7
       8
       4
       6
       7
       5
       7
       4
       8
       6
       6
       7
       9
       8
       7
       5
       8
      11
       6
       3
       5
       8
       7
       5
       7
      12
       8
       6
       9
      12
       5
       7
       6
       9
       7
       8
       6
       4
       4
       5
      11
       6
       7
       4
       8
       7
      10
       6
       8
       5
       0
       3
       2
       7
       8
       7
       5
      12
      10
       7
       9
       6
       5
       5
       7
       5
       8
       4
       8
       4
       4
       8
       7
      10
       8
       5
       7
       2
      13
       6
      12
       6
      12
       3
       4
       4
       8
       9
       8
       5
       7
       9
       5
       7
      10
       8
       5
       9
       6
       1
       6
       7
       4
      11
       7
       9
      13
       7
       7
       8
       8
      11
       5
      10
       4
      11
       6
       8
       5
       8
       8
       6
       7
       6
       6
       7
       9
       9
       6
       5
      14
       6
       7
       8
       6
       5
       7
       7
       4
       7
       4
       5
       8
       7
       5
       7
       3
      11
       8
       5
       8
       8
      10
       4
       6
       3
       9
       7
       5
       2
      12
       9
       9
       6
       6
       4
      12
       9
      10
       4
       6
       2
      15
       4
       9
       5
       6
       9
       3
       8
       2
       5
       9
       3
       9
      10
       2
       6
       8
       6
       5
       7
       4
       1
       5
      14
       7
       6
       4
      10
       7
       4
       1
       7
       9
       9
       8
       2
       8
       5
       6
       6
       8
       5
       4
      11
       7
       2
       4
       5
       9
       6
       6
       4
      11
      12
       6
       4
       8
       3
       5
       9
       9
       6
       7
       8
       3
       2
       1
       3
       4
      10
       5
       3
       9
      11
       7
       6
       7
       8
      13
       6
       4
       6
       7
      12
      11
       6
       6
       3
       3
       6
       2
       6
       6
       7
       8
       3
       3
       3
       5
       8
      12
       6
       7
       9
       8
       3
       8
       6
       7
       6
       7
       4
       5
       8
       7
       5
       5
       1
       5
      11
       7
       4
       8
      10
       9
       3
       4
       9
       8
       7
       4
       3
       3
       5
       1
      10
       4
       7
       6
       5
       5
       4
       6
       5
      10
       4
       7
       6
       4
       4
       5
       4
       7
      10
       4
       5
       7
       4
       5
       9
       4
       4
       8
       4
       5
       8
       8
       3
       2
      10
       7
       7
       1
       4
       3
       8
       7
       5
       5
       7
       2
       8
       4
       8
       2
       8
       9
       2
       1
       8
       7
       5
       3
       3
       6
       8
       5
      11
       5
       6
       5
       3
       3
       8
       2
       4
       5
      11
       5
       5
       4
       6
       7
       8
       4
       6
       3
       8
       7
       4
       5
       6
       7
       4
       8
      11
       6
       7
       8
       7
       6
       6
       3
       7
       6
       3
       5
       4
       7
       7
       6
       4
       6
       4
       4
      13
       7
       6
       4
       4
       4
       5
       3
       2
       8
       6
       5
       7
       9
       4
       6
       0
       8
       5
       4
       5
       4
      11
       8
       2
       7
      11
       6
       7
      10
       6
      10
       5
       6
       9
       5
       9
      11
      11
       4
       6
       5
       4
       3
       4
       5
       2
       6
       7
       2
      11
       8
      10
       5
      12
      10
       7
       7
       7
       3
       3
       9
       1
       4
       8
      10
       5
       9
       6
       4
       6
       5
       5
       7
       9
       3
       2
       6
       6
       6
       5
       4
      10
       4
       7
       3
       7
       4
       6
       8
       4
       4
       1
       7
       8
      11
       3
       4
       4
       7
       2
       7
       6
       8
      10
       6
       5
       8
       4
       6
       6
       1
      10
       7
       3
       6
       4
       7
       6
       7
       7
      10
       5
      11
       8
       3
       5
      14
       5
       5
       6
       6
       4
       3
       3
       3
       6
       6
       2
       5
       8
       4
       6
       5
       9
       8
       4
       5
       3
       7
       3
       4
       7
       3
       2
       6
       5
       8
      10
       5
       4
       2
       6
       5
       5
       3
       6
       3
       4
       8
      11
       3
       8
       9
       5
       4
       2
       9
       5
       7
       8
       2
       9
       5
       8
       7
       3
       6
       9
       8
       6
       4
       6
       7
       3
       6
       7
       4
       7
       5
       3
       8
       9
       3
       4
       8
       5
       6
       6
      10
       5
       7
       4
       5
       7
       8
       5
       6
      10
       8
       7
       4
       1
       8
       9
       9
       4
       7
       6
       5
       5
       4
       5
      11
       8
      10
       4
       4
       4
       6
       4
       6
       5
       5
       3
       9
       5
       8
       6
       6
       7
       6
       5
       9
       5
       9
       3
       4
      11
       3
      13
       9
       7
       4
       3
       3
       5
       2
       9
       7
       6
      11
       5
       4
       2
       4
       6
       4
       7
       4
       9
       4
       6
       7
       6
       8
       4
       9
       8
       9
      11
       5
       6
       5
       6
       8
       7
       6
       6
       8
       6
       6
       5
       6
       2
       5
       7
       4
       7
       6
      10
       9
       9
       6
       6
       6
       6
       3
       6
       3
       7
       4
       9
      11
       6
       8
       4
       6
      11
       6
       3
       9
       3
       6
       7
       2
       9
       5
       5
      10
       2
       7
       6
       5
       8
      10
       7
       5
       5
       4
       7
       3
       8
       6
       7
       6
       5
       4
       8
       7
       3
       2
       4
       7
       4
      10
       6
       7
       5
       7
       7
       6
      10
       8
       5
       9
       5
       6
      10
       7
       6
       3
       9
      12
      10
      11
       5
       5
       7
       9
       8
       6
       7
       7
       5
       6
      13
       4
       8
       8
       3
       8
       8
       6
       4
       8
      10
       4
       8
       6
       6
       9
       7
      11
       8
       6
       7
       3
      10
      10
       1
       9
       6
       4
       8
       3
       6
       7
       7
       2
       8
       7
       2
       3
       4
       5
       9
       5
       8
       6
      11
       4
      10
       5
       6
       2
       1
       5
       3
       6
      10
       3
       4
       3
      10
       4
       6
       5
       8
      10
      10
       8
       4
       3
      10
       8
      10
       5
       4
       5
       7
       3
       7
      10
      10
       4
       4
       8
       5
       3
       5
       7
       6
       9
       9
       4
       6
       8
       9
       3
      12
       7
       6
       3
       5
       4
       5
       2
       8
       3
       8
       5
       5
       8
       2
      10
       7
      12
       7
       5
       6
       7
       5
       4
       6
       6
      12
       7
       4
       5
       8
       8
       7
       8
       9
       5
       5
       7
       3
       6
       5
      13
      15
       6
       8
       5
       9
       8
       6
       5
       5
       4
       6
      10
       6
       9
       4
       5
       6
       7
       4
       1
       7
       5
       9
       5
       5
       6
       4
      11
       2
       3
       8
       4
       4
       7
      10
       7
      11
      10
       6
       7
      10
       8
       4
       3
       7
       6
       5
       5
       1
       3
       0
       6
       9
       3
       9
       8
       1
       8
       8
       9
       5
       4
       6
       8
      10
       5
       4
       5
       1
       5
       4
       3
       5
       8
      11
       5
       8
       5
       6
       8
       5
      10
       3
       7
       2
       8
       7
       8
       6
       3
       5
      10
       8
       4
       8
       9
       6
       6
       2
       2
       5
      10
      10
       4
      13
       5
       4
       5
      11
      10
       8
       6
      11
       9
       4
       8
       3
       7
       3
       4
       6
       1
       5
       5
       7
       5
       6
       7
       6
       4
       3
       9
       5
       8
       3
       7
       3
       4
       5
       7
       3
      11
       7
       5
       2
       7
       8
       7
      11
       7
      10
       9
      15
       3
       8
       9
       6
      15
      11
      14
      21
      29
      31
      47
      28
      39
      55
      44
      40
      40
      41
      33
      26
      18
      15
      14
      14
       4
       6
       4
      11
      10
       7
       4
       7
       7
       7
       3
       4
       4
       7
       2
       9
       4
       4
       1
       8
       4
      12
       8
      10
      18
       3
       5
       5
      10
       4
       6
       6
       7
       9
       3
       6
       7
       2
       4
       7
       8
       9
      16
       4
       9
       6
       7
       6
       6
       5
       9
       6
       5
       9
       7
       3
       8
       6
       6
       5
       4
       7
       4
       9
       6
       7
       8
       9
      13
       3
       5
       6
       5
       5
       8
       6
       7
       6
       7
       6
      17
       7
       8
       7
       6
      11
       9
       6
       5
      11
       6
       5
       9
      15
       6
       5
      10
       3
      10
       7
       6
       6
       6
       8
       7
       7
       8
       7
      13
       8
       6
       8
       6
       9
       7
       4
       7
       9
       4
       9
       6
       6
       8
      10
       7
      10
       8
       5
       9
       8
       5
       9
       9
       5
       7
       7
       7
       6
       5
      11
      10
       6
       6
       1
       9
       2
       7
      11
       9
       5
       9
       6
       7
       2
       6
       4
      10
       7
       8
       9
       5
       7
       7
       6
       7
       9
       7
       9
       9
      17
       7
       7
       7
       5
       8
       9
       8
       4
       5
      10
      12
      10
       7
       4
       5
      16
       6
       8
       9
       9
       9
       9
       7
       7
       8
      11
       9
       5
       4
       7
       7
       9
      10
       3
       4
       7
      12
       5
       5
       9
      11
       6
       8
       5
      11
       8
       6
       9
       8
       4
       7
       9
       9
       4
      13
       5
       7
       5
      12
       2
       7
       6
       1
       8
       7
      10
       5
       9
       9
       9
       6
       6
      12
       8
       9
       9
       8
       6
       7
      10
       7
      10
       8
       7
       7
       9
       4
      11
       7
       3
      12
       5
       2
      11
       6
       8
       1
       7
       9
      16
      14
       8
       6
       5
       9
       4
       7
       6
       6
      10
       6
      16
      11
      10
       2
       9
       6
       6
       9
       7
      10
      11
       7
       7
       4
       8
      10
       8
       8
       7
       4
       9
       6
      11
       7
       9
       4
      10
       9
      11
       5
       4
       6
      11
       9
       8
      12
       6
       8
       7
       8
       6
      10
      11
      12
       8
       5
       8
      11
       6
       9
       8
       7
      11
       5
       5
       5
       6
      12
       8
       9
      11
       9
       3
      13
       8
      12
       7
      14
       9
       6
      10
       6
       4
       5
      10
       8
       7
       7
       7
       6
       8
       7
       7
       8
       6
      10
       5
       7
      10
       6
       3
       2
       6
       7
       4
       4
       6
       6
       2
       6
       4
       6
       6
       6
      14
       4
       7
       4
       2
       4
       7
       5
       6
       1
       2
       4
       7
       9
       2
      11
       5
       9
       8
       7
       7
       6
       7
       4
       8
       7
       4
       8
       8
       4
      11
       5
       7
      10
       3
       7
       5
      11
       8
       9
       7
       5
       7
       6
       5
       1
       7
       9
       9
       6
       9
       4
       3
       8
       9
       7
       5
       8
       8
       8
       8
       7
       9
       7
       7
       4
       8
       8
       7
       4
       5
       4
       3
       6
       9
       7
       5
       4
       6
       5
       2
      11
       4
       9
       6
       4
      10
       9
       8
       7
       8
       8
       1
       7
       8
       5
       4
       3
       6
       3
       4
       7
       4
       2
      11
       4
       5
       8
      10
       7
      11
       8
       3
       1
       4
       4
       7
       6
       9
       4
       3
       3
       7
       3
       8
       6
       5
       8
       8
       6
       4
       7
       6
       7
       6
      10
       5
       8
       5
       6
       7
       3
       6
       8
       7
       3
       9
       7
       7
       7
       5
       2
       5
       8
      10
       7
       4
       5
       6
       3
       3
       8
       2
       8
       6
       6
      10
       9
       7
       7
       5
       6
       9
       5
       8
       6
       5
      13
       8
       5
       5
       5
       9
       5
       5
       9
       5
       2
       4
       7
       3
       7
       5
       6
       6
       2
       3
       6
       2
      11
       5
      10
       3
       2
       3
       2
       2
       4
       7
      10
      10
       4
       9
       5
       3
       5
       4
       9
       6
       3
      13
       5
       5
       5
       6
       4
       8
       5
       4
       5
       5
       3
       6
       6
       9
       6
       5
       5
       5
       3
       5
       4
       3
       7
       5
       8
       7
       5
       8
       3
       3
      10
       7
       6
       5
       6
       5
       6
       6
       8
       5
       8
      11
       7
       4
       5
       8
       6
       5
      12
       8
      10
       6
       4
       8
       6
       7
       4
       4
       3
       8
       5
       4
       3
       5
       4
       4
       4
       7
       2
       6
      11
       7
       4
       3
       6
       4
       9
       6
       8
       5
       6
       6
       2
       2
       3
       8
      10
       7
       7
       5
       7
       6
       2
      10
       8
       6
       6
       6
       7
       7
       6
       3
       9
       8
       5
       5
       6
       7
       3
       8
       5
       5
       7
       3
       5
       2
       7
       9
       4
       5
       6
       6
       4
       0
       9
       6
       3
       4
       7
       2
       7
      12
       4
       5
       1
       9
       5
       1
       8
       4
       2
       6
       7
       5
       8
       3
       7
       2
       4
       4
       7
       9
       9
       4
      13
       5
       5
       6
       4
       7
       7
       4
       5
       5
       4
       3
       8
      10
       5
       2
       7
       5
       7
       6
       4
       7
       5
       7
       6
       8
       8
       8
       7
       4
       7
       5
       5
       6
       5
       6
       4
       5
       7
       5
       3
       4
       7
       1
       7
       5
       3
       8
       3
       3
       2
       6
       2
       5
       3
       6
       7
       3
       3
       8
       2
       8
       5
       7
       3
       3
       2
       8
       3
       6
       5
       6
       4
      10
       7
       6
       3
       3
       9
       9
       6
       9
       5
       4
       6
       2
       5
       5
       2
       6
       7
       5
       6
       7
       4
       5
       4
       1
       6
       8
       8
       8
       5
       8
       4
       3
       7
       5
       3
       3
       8
       6
       4
       6
       8
       8
      10
       4
       9
       3
       1
       4
       4
       7
       9
       5
       3
       8
       7
       6
       6
       2
       5
       9
       4
       6
       7
       3
      10
       4
       2
       7
      10
       9
       5
       8
       3
       5
       3
       4
       4
       6
       4
       1
       6
       9
       3
       4
       8
       2
       5
       5
       5
      10
       6
       5
       7
       6
       7
       2
       3
       4
       6
       4
       7
       4
       6
       3
       5
       3
       4
       4
       9
       7
       8
       5
       4
       4
       5
       7
       5
       8
       6
       4
       5
       8
       5
       6
       6
       2
       5
       1
       2
       3
      11
       7
       8
       9
       9
       4
       7
       8
       4
       8
       4
       4
       3
       4
       9
       9
       4
       3
       8
       3
       4
       6
       9
       4
       7
       7
       7
       3
       4
       8
       7
       6
      10
       8
       5
       8
       8
       6
       3
       6
       5
       5
       4
       4
       1
       4
       5
       3
       6
       7
       8
       5
       6
       7
       4
       4
       5
       6
       4
       6
       5
       6
       8
       1
       5
       5
       5
       9
       7
       6
       2
       3
       8
       4
      13
       4
       9
       6
       6
       6
       3
       6
       3
       2
       6
       6
       6
       5
       2
       6
       4
       1
       4
       3
       5
       3
       8
       5
       7
       3
       6
       6
       5
       9
       4
       5
       2
       8
       3
       4
       8
       4
       3
       9
       4
       4
       8
       6
       7
       6
       8
       5
       7
       4
       5
       4
       3
       9
       7
       8
       7
       7
       4
       5
       7
       6
       9
       8
       9
       5
       0
      13
       6
      11
       5
       4
       5
       5
       5
      10
       4
       9
       4
       7
       3
       8
       7
       2
       5
      10
       2
       8
       7
       6
      10
       7
       7
       4
       8
       4
       3
       4
       6
       3
       5
       6
       7
       3
       7
       8
       8
       5
       5
       7
       3
       5
       7
       4
       6
      12
       8
       7
       4
       5
       6
       5
       3
       2
       2
      11
       5
       6
       6
       4
       4
       8
       7
       7
       5
       4
       5
       5
       8
       3
       8
      14
       3
       5
       8
       6
       9
       6
       6
       7
       7
       6
       5
       8
       9
      10
       4
       9
       5
       4
       5
       8
       4
       9
       8
       3
       7
       7
       8
       6
       9
      15
       4
       7
       5
       4
       9
       9
       7
       5
       8
      12
       9
       6
       7
      11
      11
      11
       5
       7
       9
       5
       5
       2
       4
       4
       8
       5
       4
       8
       5
       8
       4
       6
      12
       7
       5
       5
       7
       7
       6
      10
       8
       7
       7
       6
       6
       8
      11
       6
       9
       7
       5
       8
       6
       4
       9
       4
       4
       5
       7
       7
       6
       6
       4
       7
      11
       3
       6
       6
       4
       6
      11
       8
      10
       9
       9
       7
       7
       6
       8
      10
       4
       8
       7
       9
       7
       4
       7
       8
       5
       4
       7
       0
       6
       9
      10
       8
       6
       7
      10
       7
      11
       4
       7
       6
       2
       4
       6
       4
       5
       6
       5
      10
       7
      11
       5
       7
       6
       5
       4
       9
       7
       6
       6
       6
       8
       7
       8
       2
       7
       5
       6
      10
       6
       4
       9
       6
       1
       8
       5
       6
       3
       4
       6
       8
       6
       8
       3
       6
       6
       7
       6
       2
       6
       1
       4
       7
       4
      11
       9
       5
       9
       9
       2
       6
       8
       4
       5
       2
      11
      10
       2
       3
       5
       6
       7
       9
       6
       5
       7
       5
       4
       6
       7
       1
       7
       4
      11
       8
       6
       3
       8
       8
      12
      18
      14
      17
      19
      31
      33
      41
      58
      62
      82
     104
     101
     111
     110
     105
     135
     118
     117
     102
      85
      85
      74
      57
      39
      24
      20
      13
      11
       7
       7
       6
       7
       4
       5
       6
       6
       3
       1
       6
       1
       4
       4
       5
       6
       4
       4
       3
       1
       5
       4
       6
       2
       5
       2
       8
       4
       3
       1
       3
       2
       1
       5
       1
       2
       3
       5
       6
       4
       3
       2
       4
       4
       2
       2
       0
       2
       4
       8
       5
       3
       4
       1
       3
       3
       1
       7
       0
       2
       3
       6
       5
       2
       5
       5
       7
       2
       3
       4
       3
       3
       5
       2
       5
       4
       1
       7
       1
       3
       2
       2
       3
       2
       5
       4
       3
       3
       3
       4
       7
       5
       2
       1
       0
       1
       3
       5
       3
       5
       3
       5
       1
       4
       1
       1
       3
       2
       4
       3
       4
       5
       5
       7
       5
       2
       0
       4
       2
       2
       4
       4
       3
       4
       2
       2
       7
       3
       3
       6
       8
       2
       0
       4
       2
       5
       3
       1
       2
       5
       1
       1
       2
       4
       3
       7
       5
       7
       4
       4
       5
       3
       7
       3
       3
       5
       0
       3
       3
       3
       2
       1
       3
       2
       2
       1
       1
       2
       5
       6
       2
      10
       3
       3
       5
       0
       3
       3
       3
       0
       4
       1
       3
       1
       4
       2
       7
       1
       7
       1
       5
       3
       2
       0
       3
       2
       3
       2
       6
       2
       2
       5
       2
       3
       4
       3
       3
       1
       1
       2
       5
       1
       1
       2
       4
       1
       0
       3
       1
       3
       7
       6
       4
       5
       0
       4
       3
       3
       3
       3
       0
       4
       2
       0
       3
       0
       2
       2
       3
       3
       5
       2
       1
       2
       6
       4
       4
       0
       4
       5
       5
       3
       5
       5
       3
       5
       3
       2
       2
       4
       1
       4
       1
       0
       5
       0
       3
       1
       3
       5
       2
       2
       0
       4
       2
       1
       1
       5
       2
       1
       5
       3
       5
       2
       1
       8
       3
       1
       1
       2
       5
       2
       1
       0
       3
       2
       2
       1
       3
       1
       4
       2
       2
       1
       3
       1
       2
       2
       1
       1
       3
       7
       2
       4
       4
       1
       2
       2
       2
       5
       2
       1
       3
       3
       2
       6
       2
       3
       0
       1
       5
       3
       0
       3
       1
       0
       2
       4
       3
       2
       3
       3
       2
       0
       4
       2
       4
       1
       1
       1
       2
       2
       3
       1
       2
       3
       2
       4
       3
       3
       3
       2
       2
       1
       1
       0
       1
       1
       2
       2
       5
       2
       0
       4
       1
       1
       1
       1
       1
       3
       1
       3
       2
       0
       2
       2
       2
       1
       1
       2
       1
       1
       0
       1
       2
       3
       3
       3
       2
       4
       5
       1
       0
       1
       2
       2
       0
       3
       4
       0
       4
       0
       4
       3
       1
       3
       8
       1
       1
       4
       3
       1
       5
       2
       3
       1
       3
       1
       2
       0
       1
       3
       1
       1
       6
       2
       0
       3
       2
       2
       0
       2
       1
       0
       1
       3
       1
       0
       5
       4
       1
       1
       2
       2
       1
       0
       5
       1
       4
       2
       2
       0
       4
       2
       1
       4
       2
       2
       3
       1
       1
       1
       1
       2
       2
       4
       4
       0
       1
       3
       0
       3
       0
       0
       0
       0
       0
       2
       1
       2
       1
       2
       2
       2
       2
       2
       0
       4
       0
       1
       3
       2
       1
       1
       1
       2
       4
       5
       1
       3
       2
       1
       4
       4
       1
       4
       1
       1
       0
       1
       2
       2
       3
       1
       3
       1
       2
       2
       0
       1
       2
       2
       3
       0
       1
       0
       1
       1
       3
       3
       0
       0
       1
       2
       0
       0
       0
       2
       2
       3
       0
       0
       1
       2
       1
       1
       2
       0
       2
       2
       1
       0
       1
       0
       1
       2
       0
       3
       0
       3
       0
       3
       0
       3
       1
       0
       1
       0
       0
       1
       0
       2
       1
       1
       3
       0
       3
       4
       2
       2
       2
       1
       1
       2
       1
       1
       1
       0
       3
       1
       1
       2
       3
       1
       0
       2
       3
       0
       3
       1
       1
       3
       1
       2
       0
       1
       0
       0
       0
       1
       2
       2
       3
       0
       0
       1
       1
       2
       0
       5
       0
       4
       3
       0
       2
       1
       0
       1
       1
       4
       2
       1
       1
       3
       0
       0
       3
       4
       2
       0
       1
       0
       1
       3
       1
       0
       1
       1
       0
       1
       0
       1
       0
       3
       1
       2
       1
       2
       0
       3
       1
       1
       2
       1
       2
       2
       0
       3
       3
       2
       2
       0
       0
       0
       0
       2
       3
       2
       3
       2
       0
       2
       4
       1
       2
       2
       5
       4
       2
       2
       1
       3
       1
       0
       1
       1
       1
       0
       0
       2
       0
       1
       1
       4
       0
       0
       2
       1
       1
       0
       0
       1
       3
       1
       1
       0
       1
       1
       1
       2
       0
       0
       1
       3
       1
       4
       2
       1
       1
       1
       2
       3
       0
       1
       2
       1
       3
       0
       2
       1
       1
       1
       4
       2
       3
       4
       3
       1
       1
       2
       2
       1
       1
       1
       1
       1
       4
       3
       3
       3
       4
       1
       1
       0
       1
       1
       1
       0
       1
       0
       1
       0
       1
       0
       2
       5
       3
       1
       1
       2
       1
       1
       0
       1
       1
       1
       1
       0
       2
       1
       1
       3
       2
       4
       2
       0
       0
       0
       0
       2
       4
       1
       2
       0
       2
       0
       2
       1
       3
       1
       5
       1
       3
       2
       1
       0
       2
       1
       1
       3
       0
       1
       1
       4
       2
       2
       3
       2
       0
       0
       3
       0
       0
       1
       2
       0
       2
       0
       1
       2
       2
       0
       1
       0
       0
       2
       0
       1
       0
       4
       1
       2
       4
       0
       1
       2
       0
       2
       2
       1
       0
       1
       2
       1
       4
       0
       5
       0
       3
       1
       3
       4
       2
       1
       0
       1
       2
       2
       0
       1
       2
       0
       1
       2
       2
       1
       2
       5
       1
       1
       0
       3
       1
       3
       2
       5
       1
       3
       3
       2
       2
       1
       0
       5
       1
       4
       0
       1
       6
       1
       0
       1
       1
       2
       2
       1
       0
       2
       2
       3
       2
       2
       4
       3
       1
       2
       0
       0
       0
       2
       0
       0
       2
       4
       2
       3
       0
       0
       2
       1
       3
       3
       1
       4
       1
       0
       3
       2
       0
       3
       2
       0
       3
       6
       0
       3
       1
       3
       2
       3
       6
       3
       8
       7
       7
      15
      10
       9
      15
      19
      20
      37
      43
      44
      71
      78
      77
      84
      97
     111
     125
     128
     134
     125
     134
     118
     116
     104
      97
      70
      68
      49
      36
      20
      29
      17
       3
       4
       3
       0
       2
       2
       2
       2
       1
       0
       1
       0
       1
       2
       1
       0
       0
       2
       4
       1
       0
       1
       2
       2
       1
       0
       1
       1
       2
       0
       0
       0
       1
       0
       2
       2
       0
       2
       0
       1
       0
       1
       1
       3
       0
       0
       1
       1
       1
       2
       1
       2
       2
       0
       1
       0
       0
       2
       1
       1
       0
       1
       1
       1
       0
       1
       1
       1
       0
       0
       1
       0
       0
       0
       2
       1
       0
       0
       1
       0
       1
       0
       2
       1
       1
       0
       1
       0
       0
       0
       0
       0
       1
       1
       1
       1
       0
       0
       1
       0
       1
       0
       0
       0
       2
       0
       1
       0
       1
       3
       3
       0
       1
       0
       0
       2
       0
       0
       0
       1
       0
       1
       0
       0
       0
       3
       1
       1
       2
       0
       1
       2
       1
       1
       0
       0
       1
       0
       2
       2
       2
       3
       2
       0
       1
       0
       1
       2
       1
       1
       1
       0
       1
       1
       1
       2
       0
       1
       0
       0
       1
       0
       0
       2
       1
       0
       1
       3
       1
       1
       0
       1
       1
       3
       1
       2
       0
       1
       1
       0
       0
       0
       1
       0
       1
       1
       2
       0
       1
       1
       0
       0
       0
       1
       0
       0
       0
       0
       1
       0
       3
       0
       0
       0
       0
       0
       0
       1
       0
       0
       0
       0
       0
       2
       1
       2
       1
       0
       1
       1
       0
       0
       0
       1
       0
       1
       1
       1
       2
       0
       2
       1
       0
       2
       1
       1
       1
       0
       2
       0
       0
       0
       1
       0
       1
       1
       0
       1
       0
       0
       1
       1
       2
       1
       4
       0
       0
       0
       1
       0
       0
       0
       1
       0
       0
       0
       0
       1
       2
       1
       0
       1
       1
       0
       2
       0
       2
       1
       1
       0
       2
       1
       0
       0
       0
       1
       0
       0
       0
       2
       1
       0
       1
       0
       0
       0
       0
       3
       1
       0
       0
       1
       0
       1
       0
       0
       2
       0
       2
       0
       0
       1
       1
       1
       0
       2
       0
       0
       0
       0
       0
       0
       2
       1
       3
       1
       0
       1
       0
       0
       0
       1
       0
       1
       0
       0
       0
       2
       0
       1
       0
       1
       0
       0
       1
       0
       1
       1
       2
       1
       0
       0
       3
       2
       0
       1
       1
       2
       0
       0
       0
       0
       1
       1
       0
       1
       2
       1
       0
       0
       0
       1
       0
       0
       0
       1
       3
       1
       0
       1
       0
       1
       1
       1
       1
       0
       2
       1
       1
       1
       0
       0
       0
       1
       1
       1
       0
       1
       2
       1
       0
       2
       1
       0
       0
       0
       0
       0
       0
       1
       1
       0
       0
       2
       0
       0
       1
       1
       0
       2
       0
       1
       0
       0
       1
       0
       0
       0
       0
       2
       2
       0
       1
       0
       0
       1
       0
       0
       1
       1
       0
       1
       1
       2
       0
       1
       3
       3
       0
       0
       0
       0
       1
       0
       1
       0
       0
       0
       0
       2
       1
       0
       0
       1
       3
       1
       0
       1
       0
       0
       1
       1
       1
       1
       2
       0
       1
       0
       0
       3
       1
       0
       0
       0
       3
       0
       0
       1
       1
       1
       1
       2
       1
       2
       1
       2
       2
       0
       2
       1
       2
       0
       1
       0
       0
       1
       0
       0
       0
       0
       1
       1
       0
       0
       0
       1
       0
       3
       1
       1
       0
       1
       0
       0
       1
       0
       1
       1
       2
       1
       0
       0
       0
       0
       0
       1
       0
       0
       2
       1
       0
       1
       0
       2
       0
       0
       1
       0
       0
       0
       0
       1
       0
       1
       1
       0
       1
       1
       1
       0
       0
       1
       0
       0
       0
       1
       1
       0
       0
       1
       0
       0
       0
       0
       1
       0
       0
       0
       0
       1
       2
       0
       1
       0
       0
       0
       0
       0
       1
       1
       1
       3
       0
       1
       0
       1
       1
       0
       0
       0
       0
       0
       1
       1
       1
       0
       1
       1
       1
       1
       0
       3
       1
       0
       0
       1
       1
       0
       0
       1
       0
       0
       1
       0
       0
       0
       1
       0
       0
       3
       1
       1
       0
       1
       0
       1
       0
       1
       2
       0
       0
       1
       0
       0
       0
       0
       2
       1
       0
       1
       1
       0
       2
       1
       1
       1
       1
       0
       2
       0
       0
       0
       1
       0
       0
       1
       0
       0
       0
       0
       1
       1
       1
       1
       1
       0
       1
       0
       0
       1
       0
       0
       0
       0
       0
       0
       2
       0
       0
       0
       0
       1
       0
       3
       3
       1
       1
       0
       1
       1
       0
       0
       1
       2
       0
       2
       2
       1
       1
       1
       0
       0
       0
       0
       1
       2
       0
       1
       1
       0
       0
       0
       1
       0
       0
       0
       1
       1
       0
       2
       1
       0
       0
       0
       3
       0
       0
       0
       0
       2
       1
       1
       0
       0
       0
       0
       1
       0
       0
       0
       1
       0
       1
       1
       0
       0
       1
       1
       1
       0
       1
       0
       1
       0
       1
       0
       0
       0
       0
       0
       1
       0
       2
       1
       0
       1
       0
       0
       0
       0
       0
       0
       1
       1
       2
       1
       0
       1
       2
       0
       0
       2
       2
       1
       0
       1
       1
       0
       0
       0
       1
       0
       1
       1
       3
       2
       0
       1
       2
       0
       1
       0
       2
       1
       0
       0
       0
       0
       0
       0
       0
       1
       1
       1
       0
       0
       0
       0
       1
       1
       1
       0
       0
       1
       0
       1
       1
       1
       1
       1
       1
       4
       1
       0
       1
       2
       0
       0
       0
       2
       1
       1
       1
       0
       0
       1
       0
       0
       1
       0
       0
       0
       1
       0
       2
       1
       1
       0
       2
       0
       0
       1
       0
       0
       0
       1
       2
       0
       2
       0
       1
       1
       0
       0
       1
       0
       0
       0
       1
       1
       2
       1
       2
       0
       0
       1
       0
       2
       2
       0
       2
       0
       0
       1
       1
       1
       1
       0
       0
       2
       0
       1
       1
       0
       0
       3
       1
       1
       0
       0
       0
       0
       1
       1
       0
       1
       1
       2
       0
       0
       2
       0
       1
       0
       0
       1
       0
       0
       1
       2
       0
       0
       0
       1
       0
       0
       1
       1
       2
       0
       0
       1
       0
       1
       0
       1
       3
       0
       1
       1
       1
       1
       0
       0
       0
       3
       2
       0
       0
       1
       0
       0
       1
       0
       1
       0
       0
       0
       1
       0
       0
       0
       1
       0
       0
       1
       1
       0
       3
       3
       0
       1
       0
       1
       0
       2
       2
       1
       0
       2
       0
       1
       0
       0
       1
       0
       0
       0
       1
       0
       0
       0
       1
       1
       0
       0
       0
       0
       0
       1
       0
       0
       1
       1
       0
       0
       0
       0
       0
       1
       0
       0
       1
       1
       2
       1
       0
       0
       0
       1
       0
       1
       2
       0
       2
       0
       0
       0
       4
       1
       0
       0
       0
       1
       0
       0
       1
       2
       4
       2
       0
       0
       2
       6
       0
       1
       2
       3
       4
       1
       5
       5
       4
       4
      11
       5
       8
       9
      11
      10
      16
      18
      13
      12
       3
      13
      11
      17
      11
      11
      11
       6
       4
       5
       6
       3
       0
       2
       1
       0
       1
       2
       0
       2
       0
       0
       1
       0
       1
       0
       2
       1
       1
       0
       3
       0
       0
       0
       0
       2
       0
       0
       0
       0
       0
       0
       0
       1
       1
       0
       0
       1
       1
       1
       0
       0
       0
       0
       0
       0
       0
       1
       1
       0
       0
       0
       0
       1
       1
       1
       0
       1
       0
       0
       0
       0
       0
       0
       0
       0
       0
       1
       1
       1
       0
       2
       0
       0
       0
       0
       0
       2
       1
       0
       0
       0
       1
       0
       0
       1
       3
       0
       1
       0
       0
       0
       0
       0
       0
       0
       2
       0
       0
       0
       0
       1
       0
       0
       1
       0
       1
       0
       0
       1
       0
       0
       0
       0
       1
       1
       1
       1
       3
       0
       1
       1
       0
       0
       0
       1
       0
       1
       1
       0
       0
       0
       0
       0
       1
       0
       1
       0
       0
       1
       0
       0
       0
       0
       0
       0
       1
       1
       0
       0
       0
       1
       1
       0
       0
       0
       0
       1
       0
       0
       0
       2
       0
       1
       0
       0
       0
       0
       0
       0
       0
       0
       1
       1
       0
       1
       0
       0
       1
       0
       1
       1
       0
       1
       1
       1
       0
       1
       1
       0
       1
       1
       1
       0
       0
       0
       0
       1
       0
       0
       2
       0
       0
       0
       0
       1
       1
       0
       0
       0
       0
       0
       0
       2
       0
       0
       2
       0
       0
       0
       1
       0
       1
       1
       1
       0
       1
       1
       3
       1
       0
       0
       0
       0
       0
       0
       2
       0
       0
       1
       2
       0
       0
       0
       2
       0
       0
       0
       0
       1
       0
       1
       1
       0
       1
       0
       0
       0
       1
       0
       2
       1
       0
       0
       0
       1
       1
       0
       0
       0
       0
       1
       2
       1
       0
       0
       1
       0
       1
       1
       2
       0
       0
       0
       1
       2
       0
       0
       1
       0
       0
       0
       2
       0
       0
       0
       0
       0
       1
       1
       0
       0
       1
       1
       0
       1
       0
       1
       0
       0
       0
       0
       1
       1
       0
       0
       1
       2
       1
       0
       0
       1
       0
       1
       1
       1
       0
       0
       0
       0
       0
       0
       0
       0
       0
       0
       0
       0
       0
       0
       0
       0
       0
       0
       0
       0
       0
       0
       0
       0
       0
       0
       0
       0
       0
       0
       0
       0
       0
       0
       0
       0
       0
       0
       0
       0
       0
       0
       0
       0
       0
       0
       0
       0
       0
       0
       0
       0
       0
       0
       0
       0
       0
       0
       0
       0
       0
       0
       0
       0
       0
       0
       0
       0
       0
       0
       0
       0
       0
       0
       0
       0
       0
       0
       0
       0
       0
       0
       0
       0
       0
       0
       0
       0
       0
       0
       0
       0
       0
       0
       0
       0
       0
       0
       0
       0
       0
       0
       0
       0
       0
       0
       0
       0
       0
       0
       0
       0
       0
       0
       0
       0
       0
       0
       0
       0
       0
       0
       0
       0
       0
       0
       0
       0
$ROI:
1
4146 4168
$PRESETS:
Live Time
600
0
$ENER_FIT:
-1.504534 0.196418
$MCA_CAL:
3
-1.504534E+000 1.964177E-001 -1.544040E-007 keV
$SHAPE_CAL:
3
0.000000E+000 0.000000E+000 0.000000E+000
