$SPEC_ID:
HFNG Beamline
$SPEC_REM:
DET# 2
DETDESC# EasyMCA
AP# Maestro Version 7.01
$DATE_MEA:
06/22/2018 14:56:55
$MEAS_TIM:
600 601
$DATA:
0 8191
       0
       0
       0
       0
       0
       0
       0
       0
       0
       0
       0
       0
       0
       0
       0
       0
       0
       0
       0
       0
       0
       0
       0
       0
       0
       0
       0
       0
       0
       0
       0
       0
       0
       0
       0
       0
       0
       0
       0
       0
       0
       0
       0
       0
       0
       0
       0
       1
      47
      95
     109
     104
     100
      85
     109
     103
     122
     107
      98
     111
     113
     117
     122
     112
     104
      95
      88
      86
     101
     112
      83
      97
      82
      95
     119
      87
      85
      94
      87
      96
      89
      77
      75
      77
      84
      88
      99
      80
      93
      80
      87
      90
      77
      92
      78
      94
      76
     101
      90
     111
      83
      76
      86
     102
      91
      78
      79
      94
      73
      64
      81
      88
      92
      73
     103
      90
      79
      59
      92
      80
      67
      93
      77
      75
      75
      73
      84
      76
      72
      75
      64
      69
      76
      83
      93
      68
      67
      76
      76
      66
      61
      86
      73
      52
      55
      82
      67
      73
      83
      69
      92
      62
      80
      77
      72
      79
      67
      79
      60
      68
      63
      73
      78
      69
      89
      77
      76
      67
      65
      57
      72
      69
      73
      64
      76
      92
      56
      62
      65
      64
      78
      71
      71
      79
      50
      70
      65
      63
      70
      57
      65
      56
      63
      75
      66
      59
      62
      51
      62
      66
      73
      66
      58
      63
      69
      57
      74
      63
      69
      55
      69
      73
      61
      78
      55
      57
      43
      55
      56
      73
      70
      70
      65
      57
      51
      72
      59
      66
      59
      60
      53
      53
      61
      74
      69
      63
      77
      56
      52
      58
      75
      65
      62
      64
      64
      69
      56
      79
      71
      58
      61
      50
      58
      56
      64
      60
      65
      59
      53
      65
      53
      63
      55
      61
      49
      69
      58
      57
      66
      58
      66
      73
      58
      58
      53
      59
      65
      65
      50
      52
      62
      66
      57
      54
      52
      61
      38
      65
      72
      61
      66
      59
      67
      65
      55
      57
      60
      61
      55
      62
      60
      57
      52
      61
      63
      49
      54
      49
      62
      63
      64
      69
      76
      64
      63
      73
      61
      69
      61
      63
      76
      57
      39
      64
      54
      62
      65
      55
      60
      57
      48
      55
      43
      74
      54
      75
      65
      58
      52
      58
      65
      69
      59
      60
      54
      58
      53
      44
      48
      58
      63
      66
      53
      52
      59
      58
      57
      69
      59
      61
      52
      59
      63
      54
      75
      62
      62
      72
      55
      62
      60
      88
     108
     152
     129
     135
      68
      77
      61
      68
      81
      67
      93
     132
     202
     179
     173
     128
      77
      57
      50
      57
      61
      47
      61
      57
      47
      50
      60
      56
      63
      49
      60
      55
      61
      58
      43
      57
      51
      54
      58
      59
      59
      57
      52
      60
      67
      57
      46
      49
      65
      62
      56
      51
      52
      57
      72
      57
      54
      49
      65
      74
      88
      86
     108
     113
     109
      89
      82
      73
      48
      49
      68
      68
      68
      72
      64
      59
      75
      68
      71
      59
      49
      57
      63
      38
      44
      48
      42
      60
      60
      56
      50
      55
      50
      57
      39
      58
      58
      57
      45
      48
      37
      44
      46
      64
      55
      43
      63
      40
      59
      44
      49
      59
      58
      59
      43
      56
      47
      58
      51
      51
      44
      42
      44
      62
      55
      56
      66
      45
      59
      53
      53
      47
      43
      53
      58
      53
      47
      46
      55
      39
      61
      42
      50
      48
      53
      47
      55
      53
      55
      50
      45
      48
      52
      57
      44
      51
      45
      56
      66
      42
      65
      54
      56
      60
      54
      49
      64
      52
      35
      56
      51
      56
      73
      52
      60
      42
      54
      63
      54
      52
      48
      54
      49
      50
      50
      57
      40
      53
      47
      65
      45
      58
      54
      50
      51
      47
      43
      43
      53
      40
      43
      57
      48
      56
      55
      43
      54
      62
      58
      43
      43
      45
      61
      62
      58
      48
      44
      58
      75
      42
      45
      60
      55
      44
      58
      51
      52
      51
      47
      54
      40
      55
      42
      45
      53
      53
      42
      64
      49
      46
      55
      46
      63
      51
      60
      38
      61
      51
      60
      45
      52
      55
      61
      40
      45
      68
      61
      59
      60
      52
      51
      68
      52
      51
      50
      59
      55
      58
      59
      57
      58
      54
      61
      55
      66
      52
      72
      65
      52
      62
      62
      35
      75
      46
      55
      54
      46
      53
      46
      60
      65
      45
      62
      45
      59
      62
      56
      67
      47
      63
      57
      62
      45
      59
      48
      44
      55
      57
      60
      58
      45
      59
      79
      50
      51
      50
      50
      59
      45
      55
      58
      36
      64
      51
      58
      56
      67
      56
      55
      45
      55
      63
      53
      65
      73
      96
     143
     169
     228
     191
     135
     109
      58
      70
      57
      68
      52
      59
      63
      67
      62
      59
      54
      60
      53
      66
      53
      61
      65
      57
      46
      44
      66
      71
      62
      70
      65
      50
      60
      64
      54
      74
      76
      65
      70
      72
      73
      66
      62
      72
      84
      63
      80
      69
      57
      65
      62
      71
      74
      66
      71
      63
      66
      80
      70
      69
      64
      70
      77
      75
      78
      55
      65
      73
      68
      80
      58
      88
      74
      77
      76
      73
      63
      74
      61
      65
      74
      67
      66
      73
      80
      78
      72
      78
      67
      80
      72
      66
      75
      69
      81
      62
      73
      74
      71
      61
      61
      58
      79
      77
      72
      71
      80
      67
      67
      75
      71
      69
      54
      83
      66
      71
      84
      88
      64
      78
      70
      79
      77
      84
      73
      66
      69
      65
      75
      79
      66
      81
      69
      76
      73
      69
      71
      99
      75
      78
      81
      83
      77
      74
      89
      78
      68
      66
      74
      76
      65
      85
      72
      56
      74
      80
      81
      60
      61
      59
      72
      69
      66
      80
      82
      70
      74
      81
      65
      89
      71
      75
      77
      73
      69
      76
      70
      78
      67
      87
      69
      68
      65
      61
      71
      85
      75
      71
      67
      71
      60
      56
      78
      63
      76
      75
      60
      63
      86
      71
      66
      73
      58
      73
      50
      78
      69
      69
      56
      59
      60
      75
      60
      75
      61
     103
      72
      79
      65
      74
      71
      64
      57
      67
      74
      75
      82
      69
      80
      70
      56
      73
      74
      62
      72
      73
      78
      66
      68
      86
      73
      75
      83
      83
      67
      75
      64
      85
      66
      72
      70
      67
      61
      65
      69
      71
      81
      71
      66
      77
      73
      62
      61
      79
      83
      69
      69
      73
      73
      76
      72
      61
      68
      61
      67
      39
      64
      71
      68
      58
      56
      55
      65
      68
      62
      59
      53
      49
      46
      72
      64
      60
      52
      60
      47
      61
      60
      66
      45
      72
      51
      62
      59
      42
      42
      47
      40
      50
      48
      40
      47
      53
      44
      54
      61
      53
      54
      42
      60
      52
      41
      44
      47
      56
      45
      55
      54
      50
      49
      61
      50
      57
      60
      57
      44
      41
      55
      48
      51
      42
      65
      56
      63
      43
      49
      31
      45
      49
      57
      47
      50
      53
      55
      51
      43
      45
      36
      41
      47
      53
      50
      36
      50
      46
      43
      46
      60
      53
      53
      44
      57
      50
      50
      43
      52
      41
      55
      46
      42
      44
      43
      52
      54
      65
      57
      50
      43
      35
      49
      55
      41
      55
      36
      47
      58
      42
      42
      47
      49
      50
      55
      65
      61
      38
      45
      49
      52
      40
      43
      49
      55
      52
      42
      42
      46
      36
      50
      39
      43
      35
      52
      49
      41
      56
      48
      49
      62
      41
      50
      51
      44
      45
      42
      43
      44
      50
      47
      51
      51
      46
      51
      43
      52
      45
      47
      43
      43
      46
      50
      46
      47
      41
      41
      51
      38
      43
      46
      56
      41
      48
      43
      53
      38
      48
      53
      47
      43
      46
      45
      45
      46
      37
      42
      39
      40
      37
      44
      50
      35
      55
      39
      37
      51
      39
      39
      44
      42
      44
      45
      41
      36
      34
      40
      32
      43
      47
      36
      45
      39
      43
      46
      40
      48
      38
      40
      40
      42
      33
      43
      48
      30
      23
      44
      43
      35
      33
      42
      41
      30
      36
      40
      55
      34
      33
      28
      34
      47
      45
      39
      28
      42
      38
      27
      42
      41
      30
      26
      44
      33
      42
      38
      39
      36
      31
      43
      51
      26
      40
      43
      38
      32
      42
      44
      31
      30
      30
      42
      35
      40
      32
      45
      38
      27
      27
      29
      43
      38
      42
      41
      38
      26
      33
      43
      38
      35
      39
      29
      30
      31
      28
      30
      30
      37
      41
      33
      29
      28
      37
      39
      42
      41
      30
      38
      45
      34
      39
      23
      36
      54
      36
      32
      40
      33
      36
      37
      29
      28
      35
      29
      31
      30
      33
      32
      34
      32
      33
      33
      34
      40
      26
      31
      41
      34
      32
      37
      25
      48
      28
      38
      35
      26
      29
      23
      32
      28
      34
      36
      45
      29
      34
      40
      29
      39
      36
      29
      32
      35
      39
      21
      27
      32
      27
      34
      38
      30
      37
      22
      33
      37
      30
      25
      27
      26
      35
      35
      26
      29
      31
      37
      23
      30
      27
      29
      13
      21
      28
      34
      27
      23
      30
      24
      28
      24
      37
      38
      23
      34
      22
      33
      24
      20
      34
      35
      14
      32
      28
      34
      33
      36
      26
      21
      45
      30
      28
      22
      22
      31
      25
      36
      32
      30
      29
      18
      26
      27
      17
      32
      27
      29
      26
      29
      24
      21
      35
      29
      31
      31
      21
      37
      24
      19
      30
      25
      38
      19
      23
      30
      28
      23
      21
      23
      33
      31
      22
      31
      30
      23
      33
      26
      32
      22
      27
      26
      33
      25
      32
      30
      23
      29
      28
      29
      11
      30
      27
      18
      24
      27
      28
      22
      28
      30
      27
      31
      17
      27
      21
      32
      27
      28
      29
      17
      30
      28
      21
      22
      36
      26
      34
      22
      17
      25
      29
      36
      27
      27
      23
      20
      34
      29
      20
      34
      37
      28
      24
      18
      19
      28
      17
      19
      22
      31
      15
      31
      26
      23
      34
      30
      25
      22
      23
      27
      17
      30
      28
      29
      26
      23
      35
      33
      35
      18
      21
      24
      23
      22
      34
      33
      25
      24
      26
      16
      21
      22
      24
      25
      25
      23
      23
      18
      30
      21
      29
      23
      19
      28
      18
      22
      29
      18
      29
      23
      23
      30
      29
      25
      21
      24
      25
      19
      22
      16
      24
      17
      23
      21
      27
      20
      26
      18
      13
      25
      25
      29
      19
      28
      20
      25
      26
      22
      33
      19
      13
      18
      30
      21
      19
      25
      23
      21
      26
      22
      31
      28
      19
      21
      17
      20
      28
      38
      32
      20
      23
      24
      28
      13
      24
      22
      27
      32
      29
      25
      32
      22
      26
      21
      26
      22
      22
      30
      22
      33
      14
      26
      27
      18
      23
      23
      26
      22
      23
      24
      28
      20
      27
      26
      20
      25
      29
      30
      19
      20
      15
      20
      24
      23
      22
      18
      18
      19
      14
      34
      20
      19
      17
      20
      22
      12
      16
      26
      28
      22
      16
      24
      30
      31
      27
      27
      21
      24
      22
      23
      10
      27
      11
      23
      26
      23
      31
      22
      29
      17
      23
      29
      12
      24
      28
      28
      26
      32
      24
      22
      28
      30
      23
      33
      42
      36
      44
      60
      89
     184
     322
     584
     998
    1415
    1994
    2415
    2598
    2388
    1872
    1234
     721
     320
     124
      44
      21
      21
      13
      13
      11
      13
       9
      11
      10
      15
       9
      11
      12
      16
      16
      13
       7
      11
      10
      13
      18
      13
      15
      14
      13
      14
      17
      10
      11
      18
       8
      14
      14
      13
      12
       8
      10
      17
      16
       4
      13
      15
       6
      16
      13
       6
      14
      11
       8
       2
      11
      10
       8
       8
      10
       6
      12
      10
      23
      11
      14
      15
       6
      20
      10
      19
      15
      12
       7
      15
       9
      13
      13
      15
      10
      11
      11
      11
      10
      12
       8
      15
       6
      17
       8
      15
      18
      12
      21
      17
      19
      20
      23
      18
      15
      19
      17
       4
      16
      11
      13
      13
      10
       7
       7
      11
      14
      12
      10
       8
      13
      14
      12
      13
      21
      12
      12
      19
      13
      12
      14
      10
       5
      15
      11
       8
      11
      12
      13
      13
       8
      11
       7
      12
       7
      11
      11
      19
       9
      17
      19
      15
       6
       9
      10
      10
      13
       9
      11
      19
      14
      11
      10
      14
      10
      15
      10
      11
      11
      11
      10
       7
       7
       5
      13
      16
      15
      12
       8
       9
      16
       8
      13
      10
      12
      12
       9
      13
      13
      10
      13
      13
      13
      11
      19
      14
      11
      10
       9
       7
      12
      12
      11
      12
       7
       8
       7
       8
      13
      15
      13
      12
      10
       8
      11
      12
      16
      14
      11
      12
      12
       9
       8
       7
      11
      13
      10
       7
      17
       7
       9
       8
      13
      11
      16
      10
       5
      13
      10
       7
       2
       9
       8
       9
      10
       6
       8
      10
      10
       4
       5
       7
      15
      12
      11
      22
      12
      14
       8
      13
      17
      14
      14
      18
      10
      14
       9
      12
      12
       7
      12
      14
       9
      13
      16
      11
       7
       8
      16
      17
      31
      28
      48
      72
      95
      81
     117
     128
      91
      65
      38
      31
      19
      21
       8
      10
      13
      10
      14
       8
       9
       9
      10
       9
       8
      11
      16
      10
      12
      15
       6
      10
       8
       8
       6
      13
       7
       7
       7
      15
       9
      13
      11
       4
       9
      10
      13
       6
       5
       9
       7
      10
      13
      10
       6
       5
      10
      13
      15
      13
      14
       8
       7
      12
       8
      16
      10
      11
      12
      10
      13
       5
       9
       7
      10
       6
       9
      17
      11
       5
      14
      11
       8
      15
      18
       8
      11
      13
      13
      14
      12
       8
       7
       7
      16
      10
       4
       7
       9
       8
      10
      10
      15
      11
       9
       6
      11
      13
       8
      11
      11
       7
       5
      12
      10
       9
       8
      10
       8
       4
      14
      12
      15
      17
      19
      18
      30
      24
      48
      50
     106
     142
     199
     245
     324
     357
     361
     299
     217
     160
      94
      48
      21
      16
      12
      16
      13
       9
       9
      13
       5
       8
      16
       7
      10
      11
      12
      10
      12
      11
      11
      14
       4
      10
      13
       4
      11
      10
       8
       6
       7
      11
       5
       8
       8
       9
       9
      16
       5
      10
       6
       6
       8
       6
      12
      11
      12
       8
       8
      10
       9
       4
       7
      13
       9
      10
       9
      13
       7
       9
       9
       8
       5
       4
      10
       6
      10
      15
       7
       9
      11
       6
       5
       6
       7
       6
      11
       7
       7
       2
       9
      11
      10
       4
      10
       5
       8
      11
       8
       8
      10
       8
      11
       9
       3
       7
      14
      10
       7
       6
       5
      14
       7
       5
      11
       8
       5
       9
      14
       7
       7
       8
       6
       9
      16
       7
      10
      11
       9
      10
       3
       8
      11
      12
       9
      10
       8
       5
       9
      10
       4
       7
       9
      11
      11
       9
       6
       9
       9
       9
       8
       3
       8
       6
       4
       9
       9
       6
      11
      12
       6
      11
       8
       7
      13
      10
       8
      15
      13
      11
       7
       9
       4
       4
       5
      14
       4
      16
      10
       3
       5
       8
       3
      10
       8
       7
       8
      14
      11
       6
      13
       7
       5
      11
      10
       6
      10
      10
      11
       9
       8
      16
      11
      10
       8
       9
       9
      11
      12
       8
      13
       9
       7
       8
       9
       5
       8
       7
       7
       7
      13
      11
       7
      15
       2
      10
       8
       9
      10
      13
      10
      11
       5
       7
       8
       7
       9
      10
       9
      13
      16
      13
      11
      17
      11
      14
      14
      12
       6
       7
       5
      10
      10
       4
       6
       7
      13
      12
       6
       7
      11
      10
       9
      11
      12
       5
      11
       8
      10
       6
       6
       9
       9
       7
       5
       8
       9
      10
       7
       7
       6
      10
       7
       6
       3
      11
       6
       3
      10
      10
       9
       4
       6
       6
       9
      10
      11
       7
      11
       8
      10
      16
      10
       3
       4
       8
       9
       9
       8
       8
       9
       4
       9
       9
      11
       4
       9
       9
       7
      10
       7
       6
       6
       7
       8
       8
       5
      12
       6
      12
       5
       8
       9
       9
      10
       6
       9
       5
       6
       8
       8
       5
       9
       8
       9
       8
      12
       7
       9
      13
      10
       5
      12
       8
      10
      12
      11
       5
      10
       6
       7
       8
       9
       6
      10
       4
       7
      15
       8
      16
       8
      12
       4
       9
       7
       8
      10
       7
       7
       7
       7
       9
      10
       5
       1
       6
      11
      10
       6
       3
      12
      12
       9
       7
       7
       7
       5
      10
       4
       7
      10
       7
       7
      13
       4
       4
      12
       8
       7
       6
       6
      12
       9
       1
      14
       9
      10
       9
      11
       7
       8
      11
      12
       6
      11
      10
       4
       7
      11
       9
       3
      11
      11
      10
       9
       6
       8
       6
       9
       7
       9
       7
      11
       8
       8
       5
      10
       6
      10
       7
       6
       7
       8
       4
       6
       5
      12
       2
       7
       6
       3
       3
       3
      10
       5
       6
      13
      14
      10
       8
      12
      10
       8
      13
       6
      10
       4
       6
       8
       9
       3
       8
      16
      18
      12
      17
      18
      15
       9
      19
      15
      12
      11
      12
       9
      10
       9
       5
      11
       6
       7
       5
      10
       7
       4
       5
       8
       8
       8
       5
       7
       8
      12
       7
      11
       3
      13
       9
       6
       8
       8
       8
       4
       8
       6
       8
      13
       9
       9
       9
       8
      11
      11
       9
      10
       9
       6
      11
       2
       4
      15
      15
       5
       4
      12
      11
       6
       7
      10
       9
       7
       9
      10
      11
       5
       9
       6
       5
       7
       9
       8
       7
       6
      10
      10
      11
       8
       6
       3
       1
       3
       5
       9
       9
      10
       4
      10
       5
       6
       7
       7
       4
       3
       4
       5
       4
       4
      12
       6
       7
      11
       7
       7
       5
       3
       9
       6
       7
       7
       9
       8
       8
       4
       2
       5
       4
       5
       6
       5
       9
       5
       6
      11
       8
       7
       3
       6
       5
       8
       4
       4
       2
      10
       7
       7
      10
       7
       8
       9
       7
       8
       9
       9
       8
      12
       8
       8
      10
      12
      10
       5
       7
      12
       6
      11
      12
       7
       4
       8
       8
       7
      10
       6
       7
       8
      10
       4
       9
       9
       7
       4
       9
       9
       5
       8
       9
       9
       9
       8
       8
       5
       7
       9
       6
      11
       6
      10
       7
       9
       6
       3
      10
       7
       4
       6
      12
       6
       5
      11
       7
       5
       9
       4
       2
       9
      10
      10
       6
       8
       5
       7
      13
       6
       6
       9
       6
       8
      10
      11
       7
       7
       8
       9
       8
       8
      11
       8
       5
       6
      10
       6
       6
       3
       4
       8
       9
       9
      16
       5
       9
       7
       8
       4
       2
       9
       8
       5
      11
       5
       9
      11
       6
       6
       9
       6
      10
       6
       6
       8
       2
       8
      11
       4
       7
       7
       6
       6
      10
       6
       9
       7
       9
       4
       5
       6
      10
       7
       7
      11
       5
       2
       3
       6
       8
      14
      10
      12
       9
       9
      12
      11
       9
       8
      12
       6
       5
       4
      11
       8
      12
       4
       5
       8
      12
       7
       9
       9
       8
       4
       9
       9
       8
       6
      10
      10
       3
       9
       7
      12
       4
      11
       9
       9
       6
       6
       8
       9
       9
       6
       6
       7
       6
       7
       3
       5
       5
       8
       9
       6
       8
       7
       4
      10
       3
       9
       6
       6
       8
       4
       8
      11
      15
      11
      13
       6
       9
      11
       4
       8
       9
       4
      11
       9
       9
       8
       8
       9
       2
       8
      10
       7
       2
       4
       9
       8
       7
       6
       9
       8
       6
      14
       5
       9
       8
       6
       5
      12
       4
       8
       8
       6
       6
       4
       6
       9
       5
       8
      12
       5
       8
       7
       2
       6
       9
       6
      12
      13
       9
       8
       9
       5
      12
       6
       8
       8
       8
       7
       6
       9
       7
      12
       8
      10
       8
      13
       7
       5
      12
       8
       8
       7
       5
      11
       4
       7
       6
       8
       7
       8
       8
       3
       4
      12
       6
      10
       5
       8
      12
      11
       7
       5
       6
       8
       3
      15
       5
       8
       6
       7
       2
      13
       6
       2
      11
       5
      11
      11
      10
       4
       9
       6
      13
       8
      11
       7
       8
       8
      16
       8
      13
       5
       9
       5
       6
      10
      16
       8
      10
       9
       5
       8
       6
       8
       5
      13
      12
       6
       4
       5
       7
       5
       6
       9
       6
       6
       8
       9
       5
      15
       6
       8
      14
       8
       4
       9
       6
       4
      10
       9
       9
       7
       8
       5
       7
       4
       9
       7
      11
       8
      12
       8
      11
      12
       5
       6
       8
       8
       9
       5
       7
       5
       2
       8
       6
      10
       9
       5
       8
       7
      11
      10
      14
       4
       8
       7
       5
       6
      10
       7
      15
       6
       9
      11
      11
       4
       4
      10
      10
       7
       3
       8
      10
       3
       5
       6
       9
       5
       6
       9
       5
       5
       6
      11
      10
       5
      10
       8
       8
       2
      10
       3
       2
       5
       2
       9
      10
      11
      11
       7
       5
       7
       8
       8
      13
       6
       8
       9
       9
       5
       8
       5
       7
       7
       4
       7
      12
       2
       7
       5
      10
       7
       7
       5
       7
       8
       7
      10
       9
       6
       6
       6
       5
      10
       7
       8
       3
       6
       8
       8
       8
       4
       6
       9
       6
       0
       7
       5
      10
       6
       4
       8
      10
       7
       9
      10
       4
      10
       6
      10
       7
       3
       7
       5
       8
       8
       3
       8
      11
       6
       6
       5
      10
       8
       7
      11
       5
      12
       9
       6
       5
       3
       6
       8
       5
       5
       6
       5
       9
       4
       9
       6
      10
      10
       9
      12
       8
       8
       7
      10
       8
       8
      10
       6
       6
       6
       4
      12
       5
       6
      10
       8
       4
       4
       6
      10
      10
       7
       7
       2
       6
       3
       7
       6
       4
       7
       8
       3
       7
       6
       7
       5
       9
       6
       8
       5
       9
       3
       6
      10
      10
       6
       8
       6
       9
       2
       5
       2
       6
      11
       3
       8
      11
       4
       6
       9
       7
       6
       9
       7
       6
       4
       4
       5
       6
      10
       9
       9
       5
       3
      10
       6
       3
       7
       6
       7
       8
      12
       6
      10
      14
       7
       5
       5
       7
       7
       9
       8
       6
       9
       9
       5
       5
       5
       4
       6
      10
      12
       6
       8
       6
       6
      11
       8
       4
       6
       7
       4
       3
       6
      12
       4
       6
       7
       7
       6
       8
       2
       6
       5
       5
       8
      11
       7
       5
       5
      10
       8
      11
       8
       7
       6
       6
      13
       5
       4
       6
       6
       7
       5
       4
       9
       7
       4
       7
       4
       8
      10
      13
       2
       2
       6
       9
       7
       8
      10
       6
       7
       8
       3
       8
       8
       5
       4
       6
       3
      10
       7
       6
       5
      10
      10
       6
       7
       6
       2
       8
       8
      10
      12
       6
       8
       6
      12
      12
      11
       9
       6
       6
      11
      11
       4
       3
      12
       7
       8
       8
       8
      11
       5
       5
       6
       5
       4
       8
       9
       8
       7
       7
       8
      13
       9
      11
      10
       6
      10
       6
       7
       8
       2
       7
       8
       5
       7
       7
       4
       5
       7
       6
       5
       7
       6
       6
       7
      12
       7
       9
       8
       8
       6
       8
      13
      13
       7
       9
       6
       3
       2
       9
       7
       5
       4
       4
       4
       7
       6
       4
       7
       8
       6
       6
       8
      10
      11
      10
       6
       6
       7
       8
       4
       7
       4
      10
       3
       3
       8
      12
       8
       4
       6
      12
       8
       6
       3
      11
       8
       7
       7
       6
       8
       3
       6
       9
      10
       7
       7
       8
       5
       5
      11
       4
       7
       6
       6
       5
       5
      12
      10
       6
       8
       6
       6
       7
       7
       3
       2
       6
       7
       6
      10
       7
       5
       5
      10
       6
      11
       5
       6
       6
       7
       7
       5
       6
       6
       7
       4
      10
       6
      10
       7
       6
       6
       8
       5
       6
       7
       7
       8
       7
       7
       5
       5
      10
       6
       6
       3
       7
       4
       0
      10
       8
       6
       2
       5
       7
      13
       6
       2
      11
       3
       5
       6
       3
      12
       9
       8
       8
      10
       7
       6
      11
       9
      10
       5
       2
       9
       3
       8
       8
       3
       3
       6
       4
       4
       9
       6
       7
      13
       7
       8
       5
       4
      11
       3
       3
       9
       7
       5
       4
       6
       7
       8
       7
       7
       9
       7
       6
       6
       6
       2
       6
       4
      10
       2
      10
       7
       9
      14
       7
       7
       4
      10
      10
       7
       6
       3
       9
       4
       7
       6
       5
       7
       5
       3
       6
       7
       5
       8
       8
       7
       6
       6
       6
       4
       9
       7
      10
       7
       6
       8
       4
       8
      14
       9
       7
       8
       7
       7
       7
      11
       7
       7
       8
       9
       8
       5
       6
       3
      10
       6
      11
       8
       7
       5
       7
       8
       5
       5
      11
       7
       9
       7
       9
       9
       7
       7
       8
       8
       5
       1
       7
       7
       6
       7
       5
       6
       6
       2
       9
       5
       6
       6
      10
       8
       9
       5
       5
       4
      11
       7
       9
       2
       9
       8
       6
       7
       7
       3
       4
      12
       6
       8
       6
       3
       5
       7
       9
       6
       6
       8
       4
       7
       7
       5
       6
       6
      11
       8
       4
       8
      11
       8
       7
       7
      11
       7
       9
       3
       9
       6
       6
       6
       6
       8
       4
       6
       7
       7
       7
       9
       6
       5
       6
       9
       3
      11
       5
       5
       8
       5
       4
       6
       4
       9
       3
      10
       9
       9
       7
       4
       4
       7
       7
       6
       3
       6
      12
       3
      11
      10
       8
       5
       6
      11
       7
       9
       4
       7
      11
      12
      10
       8
      13
       8
       6
       3
      11
       9
       3
      10
       6
      12
       7
       8
       3
      11
       8
      10
       7
       8
       6
       5
      11
       7
       8
      10
       6
       6
       7
       7
       7
       6
      12
       8
       9
      13
       6
       7
       7
       8
       8
       7
       5
       8
      10
      10
       7
       5
      12
       5
       6
       8
       7
       5
       7
      10
      10
       7
       4
       6
       9
       4
       9
       6
       9
      10
       8
       9
       9
      15
       9
       7
      11
       9
      13
      11
       9
      10
       6
       9
       9
      11
       6
       2
      10
       7
       9
       6
       8
       4
       7
      12
      10
       9
       9
       5
       6
      12
      12
       8
       6
       7
       7
       7
       5
       9
      11
      11
      11
       5
      16
       6
      10
       6
      11
       6
       4
       5
       7
       9
       7
       5
       6
       9
       6
       9
       3
       2
       7
       6
       8
       7
       8
       5
      10
       8
       6
       8
      10
       9
       7
       5
       6
       5
       7
      13
      10
       2
       4
       6
       4
      11
       4
      10
       7
       4
       7
       2
       5
      10
       9
       7
       7
       5
       8
       5
       7
       7
      13
       4
       7
       8
       9
       7
       9
       8
      12
       4
       4
       9
       4
       8
       6
       9
       5
      10
      11
      14
       7
       8
       8
       9
      11
       4
       5
       9
       7
       4
       5
       4
       7
       5
       6
       5
       9
       5
       7
       7
       6
       4
      11
      13
       8
       9
      12
       6
       7
      11
      14
       3
      15
       8
       4
       8
       9
       8
       7
       8
       8
      10
       7
       8
       7
      10
       8
      11
       6
       7
       6
       7
       5
      11
       8
       6
       6
       7
       4
       6
      13
       8
       6
      11
       9
      12
       6
      13
      27
      14
      20
      36
      37
      36
      46
      53
      63
      63
      51
      46
      46
      45
      31
      25
      20
      14
      16
      16
      14
       9
       9
      10
      11
      10
       5
       8
       7
       5
       7
       5
       8
       7
       7
       5
       6
       5
       6
       3
       8
       8
      16
       8
       6
       7
       9
      12
      10
       8
       8
       8
       5
       6
      12
      11
      11
       4
       5
       5
       9
      11
       7
       8
      11
      15
       9
      10
       6
      10
       3
       6
       7
       6
       9
       7
       3
       8
       7
       9
       5
       9
       9
      16
       7
       8
       5
      10
      10
       8
       9
       7
      10
      10
       5
       5
      10
       5
      11
       8
       7
      10
      12
      11
      14
       4
       4
       9
       6
      13
      10
       6
       7
       6
      13
      13
       7
      12
       9
       7
      11
       9
       9
       8
       7
      10
      12
       3
       7
       6
      10
       9
       5
      12
       8
      12
       6
       5
      11
       3
       9
       7
       7
       7
       8
       8
       8
       7
      12
      13
       8
      11
      10
      10
       9
      11
       7
       8
       6
      10
       9
       7
       6
       8
       8
       6
      13
       9
      10
       8
       9
       8
      11
       8
      10
      12
      10
      11
      13
      11
      18
      10
       8
       7
       7
       6
       9
      11
       8
       9
       4
       8
       7
      10
      11
       7
      10
      15
       7
       5
      11
       7
       8
       7
       7
      13
       8
      16
      10
       8
       9
       8
      18
       5
       7
       7
       8
       4
      10
      10
      14
      10
      10
       6
       6
      17
      14
       1
      13
       9
       6
      13
      10
       6
      12
      10
       4
       9
       8
       4
       5
      14
       8
       8
      10
      10
      12
      10
       8
       7
      12
       7
       7
       7
       8
       8
      14
      13
       5
      12
       9
      14
       7
       7
      11
       8
       7
       6
      12
       6
      12
      10
      10
       9
       8
      10
       7
       5
       9
       8
       9
      10
      10
      11
      10
       8
      11
       5
       9
      15
       8
      11
       5
       8
       9
       9
       8
       9
      13
      11
       7
      11
       6
       8
       9
      10
       6
       9
       7
      10
      12
      10
      11
       7
       7
      12
       6
      10
      12
       8
      12
       5
      11
       9
      13
      11
       7
      13
       7
       5
      14
      10
      16
      11
       6
      10
       9
       4
      12
      10
       7
       8
      10
      10
      11
       8
       8
       6
      10
      13
      15
      15
       9
      16
      11
       7
       7
      14
       4
      12
      15
       9
       7
      12
       9
       8
      10
      12
      12
       8
       9
      13
       6
       6
       8
      13
       4
       8
       9
       8
      10
       8
       7
       7
      12
       8
       7
       6
       6
       7
       9
       4
       6
       7
       9
      10
       6
       9
       7
       7
      10
       8
       1
       6
       1
       9
       4
       7
       6
       8
       5
       3
       8
       3
      11
       3
       7
       6
       8
       7
       4
       7
       5
       5
       6
       7
      10
       8
       6
       4
       6
       6
      12
       4
       7
       8
       9
       4
       9
       5
       4
       8
       6
       9
       7
      15
       7
       6
      15
       7
       3
       6
       3
       2
       6
       4
       5
       7
       6
       5
       5
       7
       6
       7
       5
       6
       4
      10
       6
      13
       7
       6
       7
       5
       7
       9
       4
       6
       6
      10
       7
       6
       8
       4
       8
       3
       9
       4
       9
       1
       2
       8
       8
       9
      11
      10
      13
       8
       5
       5
       6
       5
       6
       9
       5
       5
       8
       9
       3
       2
       5
       2
       6
       7
       7
       8
      12
       6
       6
      10
       7
       8
       9
       9
       7
       1
       5
       4
       2
       7
       4
       5
       4
       4
       2
       5
       4
       6
       6
       6
       9
       9
       7
      11
       6
       2
       6
       7
       8
       9
       3
      11
       5
       6
       9
       3
       7
       9
      11
       8
       7
      10
       7
       9
      10
       8
       4
       3
       4
       8
       7
      14
       4
       4
       6
       7
       6
      10
       8
       5
       6
       2
      11
       7
       7
       9
       7
       8
       4
       5
       1
       9
       6
       5
       9
       6
       9
       7
      10
       2
      11
       4
       3
       8
       8
       3
       6
       8
       7
       5
       5
       6
       3
       9
       8
       9
       2
       8
       4
       3
       7
       2
      10
      10
      10
       8
       3
       4
       9
       3
       7
      10
      11
       6
       8
       4
       6
       8
       7
       8
      11
       6
       9
       8
       6
      10
       6
       6
      10
       6
       6
       1
       5
       9
       6
       5
       2
       7
       9
       6
      11
       5
       6
       8
       4
       6
       4
       8
       9
      10
      12
       6
      11
       4
      15
       3
      13
      11
       9
       9
       6
       4
       4
       3
       4
       7
       4
       5
      10
       2
       9
       7
       8
       2
       9
       9
       7
       4
       6
       5
       6
       5
       7
       8
      10
       9
       4
       8
       8
       8
       4
       5
       3
       7
       7
       3
       5
       8
       3
       8
       7
       5
       7
       6
       5
       7
       3
       3
       5
       5
       5
       7
       3
       5
       6
       6
       3
       9
       2
       3
       6
       9
       4
      10
       9
       4
      10
       6
      12
       9
       4
       6
       3
       5
       4
       4
       7
       6
      12
       6
       8
       4
       4
       6
       5
       7
       9
       7
       2
       6
       7
       3
       6
       7
       4
       5
       3
       2
       7
       7
       4
       4
       8
       5
       3
       5
       5
       5
       6
       7
       2
       9
      11
      12
       9
       6
       5
       7
       6
       7
       6
       8
       5
       5
       4
      10
       8
       9
      10
       3
       5
       6
       7
       6
       9
       4
       6
       6
       8
       7
       4
       4
       7
       5
       6
       4
       9
       7
       6
       9
       9
       6
      11
       5
       5
      10
       9
       9
       4
       8
       5
       3
       6
       5
       7
      10
       6
       8
       9
       5
       7
       2
       6
       5
       6
       6
       1
       3
       5
      13
       7
       4
       9
       7
       2
       5
      11
      12
       3
       8
       6
       7
       2
       6
       9
       4
      12
       6
       5
       2
       5
       7
       9
       3
       7
      11
       3
      10
       2
       7
       4
       9
       8
       3
       1
       6
       3
       4
       4
       2
       6
       7
       6
       3
       3
      10
       7
       8
       6
       5
       7
       4
       8
       3
       6
       5
       8
      13
       7
       9
       9
      14
       5
       9
       5
       9
      10
       9
      12
       9
       5
       5
       6
       6
       9
       5
       7
       6
       8
       7
       4
       7
       7
       4
       4
       5
       6
       8
       5
       1
       8
       6
       5
       8
       6
      11
       3
       6
       7
       5
       8
       6
       7
       3
       4
       5
       4
       5
       5
       8
       4
       7
       6
       4
       4
       7
       6
       5
       4
       7
       2
       7
       3
       6
       8
       6
      10
       8
       5
       5
       6
       5
      10
       6
       7
      12
       9
       9
       5
       6
       8
       9
      11
       7
       5
       8
       2
       4
       7
       8
       6
       4
       6
       9
       2
       5
       4
       9
      10
      11
       1
      10
       8
       6
       7
      10
       6
       7
      11
       9
       9
      10
       7
       6
       4
       4
       6
       3
       9
       2
       9
       8
       3
       5
       8
       8
       2
       7
       5
       4
      10
       8
       3
       5
      11
       4
       8
       7
       9
       8
       6
      10
       4
       6
       3
      10
       8
       7
       9
       5
       5
       7
       6
       4
       8
       7
       7
       5
       3
       5
       7
       9
       3
       5
       6
      10
       9
       6
       3
       9
       7
       9
       6
       4
       6
       9
       4
       8
       8
       8
       3
       8
       6
       3
       6
       9
       7
       5
       4
       6
       5
      10
      10
       8
       8
       3
       4
       5
       7
       9
      10
       3
       6
       6
       6
       3
       7
       6
       9
       8
       5
       4
       7
       6
      13
       4
       8
       6
       6
       1
      11
       5
       9
       6
       5
       5
       5
      10
       7
       5
      12
       7
       7
       4
      10
       4
       7
       6
       7
       7
       3
       5
       5
       5
       9
       7
       9
       9
       3
       6
      10
      11
      14
       8
       8
       6
      14
       8
       3
      10
      10
       6
       5
       9
       9
       8
       7
       5
       7
       8
       7
       6
       4
      12
      10
       6
      11
       7
      16
       9
       7
       4
       9
       5
       6
      12
       9
       4
       5
       5
       6
      11
      10
      13
       8
       6
       6
      15
       6
      11
       7
       6
       5
       6
       4
      11
       4
       5
       9
      10
      11
      12
       6
       8
      11
      10
       6
      16
       5
      12
       4
       4
       5
       3
       9
       7
       4
       4
       5
       5
       7
       5
      11
       7
       7
       6
       7
       6
       3
      12
       6
       7
       9
      10
       7
      13
       5
       5
       9
       8
      10
       6
       7
       9
       7
       8
      10
       7
       8
       6
       9
       7
       8
       4
       7
       6
       6
      10
       3
       5
      10
       3
      11
       4
       6
       6
       4
       7
       9
      10
      10
       9
      14
       3
      10
       2
       5
       5
      10
       8
      12
      11
       9
       5
       9
       9
       8
       5
      10
       8
       7
       8
      10
       7
       7
       5
      11
       7
       7
      10
      11
       8
       8
      11
       7
       6
       8
       5
      16
       9
       6
      10
       3
       5
       4
       7
      10
       5
      10
       5
       4
       7
       4
       7
       6
       7
      10
       5
       6
       4
       8
       4
       7
       4
       8
       9
       7
       8
       5
       3
       4
       6
       7
      11
       8
       4
       3
      11
       3
       7
       5
       5
      11
       9
       2
       6
       9
       5
       8
       5
       7
       8
       3
       4
      12
       5
      11
       6
       6
      11
       9
       7
       6
       5
       9
      16
       7
       6
       6
       6
       4
       5
       4
       5
       5
       4
       4
       3
       4
      10
      11
      12
      14
      14
      22
      32
      32
      34
      40
      69
      82
      85
      93
     121
     147
     139
     113
     133
     140
     113
     131
     108
     101
      76
      61
      46
      28
      19
      13
      14
       8
       4
       4
       3
       4
       4
       6
       5
       4
       2
       4
       3
       3
       3
       3
       5
       2
       6
       5
       6
       8
       4
       5
       3
       4
       8
       3
       5
       6
       4
       0
       5
       2
       7
       4
       8
       5
       6
       2
       2
       4
       3
       6
       7
       2
       4
       3
       1
       4
       5
       9
       2
       9
       4
       4
       5
       1
       1
       4
       2
       1
       5
       5
       3
       5
       5
       5
       6
       2
       5
       4
       4
       6
       5
       3
       1
       2
       1
       6
       6
       2
       4
       4
       4
       2
       4
       4
       3
       2
       2
       6
       4
       4
       3
       4
       7
       5
       3
       1
       3
       2
       1
       4
       6
       2
       3
       6
       4
       4
       5
       0
       3
       6
       3
       2
       8
       7
       4
       3
       6
       6
       1
       1
       3
       3
       7
       1
       5
       4
       4
       2
       2
       6
       5
       5
       3
       5
       6
       3
       6
       3
       5
       6
       1
       4
       5
       4
       4
       4
       1
       6
       5
       2
       4
       4
       5
       4
       2
       2
       3
       1
       2
       5
       5
       4
       4
       4
       2
       6
       3
       4
       8
       8
       4
       1
       4
       1
       5
       1
       1
       4
       3
       4
       3
       3
       1
       5
       3
       3
       3
       2
       3
       8
       3
       4
       6
       4
       3
       3
       2
       4
       2
       3
       3
       4
       2
       2
       2
       3
       3
       3
       3
       4
       5
       4
       2
       3
       1
       2
       6
       6
       7
       3
       2
       1
       4
       0
       1
       2
       1
       2
       3
       2
       1
       3
       2
       5
       5
       3
       2
       5
       2
       2
       2
       4
       4
       5
       1
       7
       4
       3
       1
       2
       5
       5
       2
       4
       2
       3
       1
       0
       4
       1
       5
       3
       3
       4
       2
       3
       2
       5
       3
       4
       6
       1
       0
       4
       9
       1
       4
       4
       3
       1
       2
       4
       7
       1
       3
       1
       2
       1
       5
       3
       2
       5
       3
       4
       6
       6
       4
       4
       4
       5
       2
       3
       2
       1
       1
       2
       0
       2
       1
       2
       2
       1
       1
       2
       1
       5
       3
       8
       2
       6
       1
       5
       3
       4
       3
       2
       2
       5
       1
       3
       1
       4
       2
       4
       5
       4
       7
       3
       3
       1
       6
       4
       8
       3
       3
       2
       2
       3
       2
       1
       4
       1
       0
       0
       4
       5
       3
       3
       3
       3
       4
       1
       3
       3
       0
       5
       0
       3
       3
       3
       3
       1
       1
       6
       1
       1
       3
       4
       0
       0
       3
       2
       5
       5
       4
       2
       1
       1
       0
       1
       3
       1
       3
       1
       0
       0
       1
       2
       1
       1
       2
       2
       2
       1
       5
       0
       5
       1
       1
       1
       4
       2
       4
       3
       3
       2
       2
       2
       3
       0
       0
       5
       1
       2
       4
       1
       2
       2
       3
       0
       1
       0
       2
       1
       3
       3
       2
       4
       2
       2
       3
       1
       4
       2
       2
       3
       1
       3
       2
       4
       4
       3
       2
       3
       3
       0
       3
       4
       0
       2
       1
       3
       0
       3
       0
       2
       2
       5
       0
       1
       4
       3
       2
       3
       3
       2
       2
       0
       0
       1
       2
       1
       2
       1
       4
       2
       0
       2
       2
       0
       1
       2
       4
       1
       2
       2
       2
       2
       5
       1
       2
       3
       1
       3
       3
       0
       1
       1
       3
       1
       4
       0
       0
       3
       2
       1
       1
       2
       1
       3
       3
       3
       4
       0
       2
       2
       2
       1
       1
       2
       2
       0
       2
       1
       0
       0
       0
       4
       2
       1
       2
       3
       5
       1
       3
       2
       4
       1
       1
       1
       3
       4
       1
       0
       1
       3
       2
       0
       2
       2
       1
       3
       4
       3
       2
       0
       1
       2
       3
       1
       3
       1
       3
       3
       1
       2
       3
       1
       0
       4
       2
       3
       0
       1
       1
       1
       2
       1
       2
       1
       4
       0
       2
       2
       3
       7
       3
       1
       0
       3
       1
       0
       2
       3
       0
       3
       0
       0
       1
       2
       1
       0
       1
       2
       4
       4
       4
       1
       0
       2
       3
       2
       3
       1
       3
       4
       1
       3
       2
       2
       1
       4
       1
       1
       2
       3
       0
       1
       4
       4
       2
       2
       0
       1
       1
       1
       1
       1
       0
       1
       2
       1
       1
       1
       0
       1
       1
       2
       2
       0
       1
       2
       2
       1
       0
       2
       2
       1
       0
       2
       3
       0
       0
       2
       2
       1
       1
       2
       2
       2
       3
       1
       3
       2
       4
       2
       4
       5
       0
       1
       0
       3
       2
       1
       2
       2
       4
       5
       1
       2
       1
       1
       3
       2
       2
       4
       2
       1
       1
       5
       3
       2
       2
       0
       2
       0
       2
       1
       1
       0
       1
       1
       1
       2
       1
       2
       1
       2
       5
       3
       1
       0
       1
       1
       2
       1
       0
       2
       3
       1
       0
       2
       4
       1
       0
       0
       2
       1
       3
       3
       2
       0
       1
       2
       0
       2
       0
       2
       3
       1
       0
       2
       1
       4
       1
       0
       1
       2
       0
       2
       1
       1
       1
       1
       1
       1
       1
       2
       4
       1
       3
       1
       2
       2
       2
       0
       3
       1
       1
       0
       2
       2
       0
       2
       2
       0
       1
       3
       1
       1
       2
       2
       1
       3
       1
       1
       2
       3
       1
       3
       0
       1
       3
       2
       0
       2
       2
       1
       2
       2
       1
       4
       3
       2
       2
       2
       2
       4
       3
       4
       5
       1
       6
       2
       1
       0
       2
       5
       4
       2
       0
       3
       1
       1
       2
       4
       1
       2
       1
       2
       0
       0
       1
       1
       3
       1
       2
       3
       1
       0
       1
       1
       1
       1
       2
       2
       2
       1
       1
       1
       2
       1
       2
       3
       0
       2
       5
       4
       1
       1
       2
       3
       0
       1
       1
       0
       2
       2
       3
       5
       1
       6
       1
       3
       0
       1
       1
       2
       0
       1
       2
       2
       3
       1
       2
       1
       2
       1
       1
       3
       0
       2
       1
       1
       4
       4
       2
       1
       0
       1
       1
       1
       2
       1
       3
       3
       4
       0
       0
       3
       3
       1
       0
       2
       1
       4
       3
       1
       2
       2
       3
       3
       3
       1
       1
       1
       0
       1
       4
       3
       1
       6
       3
       2
       1
       1
       2
       2
       2
       4
       2
       6
       2
       3
       3
       5
       6
       7
      10
      12
       9
      12
      10
      15
      19
      19
      30
      42
      51
      63
      58
      68
      75
     106
     108
     120
     136
     137
     158
     161
     129
     131
     130
     129
     125
     127
      95
      62
      59
      39
      37
      13
      10
       6
       4
       3
       0
       3
       0
       0
       1
       0
       2
       0
       0
       0
       0
       2
       0
       0
       0
       1
       0
       0
       1
       0
       0
       1
       0
       0
       1
       1
       0
       2
       0
       0
       3
       0
       0
       1
       2
       2
       0
       1
       3
       0
       1
       1
       0
       0
       2
       0
       2
       1
       1
       0
       0
       0
       0
       0
       0
       0
       1
       2
       0
       1
       2
       2
       0
       1
       0
       1
       1
       1
       1
       0
       3
       1
       1
       1
       1
       1
       2
       2
       2
       4
       7
       4
       3
       1
       1
       0
       1
       2
       0
       3
       1
       0
       2
       1
       3
       0
       0
       0
       0
       2
       0
       1
       2
       1
       2
       1
       1
       1
       1
       0
       1
       0
       0
       0
       2
       3
       0
       1
       0
       1
       0
       1
       2
       1
       3
       1
       1
       0
       0
       1
       0
       0
       0
       2
       0
       1
       2
       0
       1
       2
       1
       0
       1
       1
       0
       0
       3
       1
       0
       1
       0
       2
       2
       1
       1
       2
       0
       0
       1
       0
       1
       1
       1
       0
       2
       0
       0
       1
       0
       0
       1
       0
       3
       0
       2
       0
       2
       3
       1
       0
       0
       0
       3
       2
       1
       2
       0
       0
       0
       2
       0
       0
       1
       1
       0
       0
       1
       0
       1
       0
       3
       1
       0
       1
       0
       0
       0
       1
       0
       0
       1
       1
       0
       1
       0
       2
       0
       2
       0
       1
       0
       2
       1
       0
       0
       2
       1
       0
       2
       0
       0
       1
       0
       0
       0
       0
       1
       1
       1
       0
       2
       0
       0
       1
       2
       1
       0
       1
       0
       1
       0
       1
       1
       0
       0
       3
       1
       1
       0
       1
       1
       2
       1
       1
       2
       1
       2
       1
       1
       0
       1
       2
       0
       0
       0
       2
       0
       0
       2
       0
       0
       3
       0
       2
       2
       1
       0
       0
       1
       1
       1
       0
       2
       2
       0
       1
       2
       2
       0
       0
       0
       0
       0
       0
       1
       0
       0
       2
       0
       0
       1
       1
       0
       1
       0
       2
       1
       1
       1
       1
       1
       0
       1
       1
       2
       0
       1
       0
       1
       0
       0
       0
       1
       0
       2
       0
       0
       1
       2
       0
       0
       0
       0
       0
       2
       0
       1
       1
       0
       0
       1
       1
       0
       1
       0
       1
       3
       4
       1
       1
       0
       0
       0
       0
       2
       1
       1
       0
       1
       0
       0
       0
       1
       2
       1
       0
       0
       0
       0
       1
       1
       0
       1
       1
       0
       0
       1
       1
       0
       0
       1
       3
       0
       2
       2
       0
       0
       0
       1
       3
       1
       1
       1
       0
       0
       1
       0
       0
       2
       0
       2
       1
       0
       2
       3
       1
       0
       2
       1
       1
       1
       2
       1
       1
       0
       0
       0
       0
       1
       2
       1
       0
       3
       1
       1
       1
       1
       1
       0
       0
       1
       0
       0
       0
       2
       1
       0
       0
       1
       2
       0
       2
       0
       0
       0
       1
       0
       0
       0
       0
       1
       1
       1
       2
       1
       0
       0
       1
       1
       1
       1
       1
       2
       2
       0
       1
       0
       2
       0
       0
       0
       1
       1
       1
       1
       0
       1
       0
       0
       1
       0
       3
       1
       0
       1
       3
       0
       2
       1
       1
       0
       1
       2
       1
       0
       1
       0
       0
       2
       1
       0
       0
       0
       2
       1
       1
       0
       1
       1
       0
       0
       2
       0
       2
       0
       1
       0
       2
       0
       0
       2
       2
       0
       0
       1
       1
       2
       1
       1
       1
       1
       0
       1
       0
       0
       1
       0
       0
       0
       1
       0
       0
       0
       1
       1
       2
       0
       0
       2
       1
       1
       1
       1
       1
       0
       1
       0
       0
       2
       0
       2
       0
       0
       0
       0
       0
       0
       2
       2
       1
       0
       0
       1
       0
       1
       1
       1
       3
       1
       1
       0
       0
       0
       0
       2
       1
       1
       0
       0
       0
       0
       1
       0
       1
       0
       0
       1
       1
       0
       0
       1
       1
       0
       0
       0
       0
       1
       0
       0
       0
       0
       0
       0
       2
       1
       0
       1
       2
       0
       1
       0
       1
       1
       3
       0
       0
       0
       1
       2
       0
       0
       1
       0
       1
       0
       0
       0
       1
       0
       1
       0
       1
       2
       1
       2
       1
       2
       1
       2
       0
       0
       0
       1
       1
       0
       1
       1
       1
       0
       0
       0
       0
       0
       0
       2
       0
       0
       1
       0
       1
       0
       0
       2
       3
       1
       0
       1
       1
       2
       0
       0
       1
       3
       0
       0
       2
       0
       2
       1
       2
       1
       0
       1
       1
       0
       0
       0
       0
       1
       0
       2
       1
       1
       0
       0
       0
       1
       0
       1
       1
       1
       1
       0
       0
       0
       0
       0
       0
       1
       0
       0
       1
       0
       0
       0
       0
       0
       2
       0
       1
       0
       1
       0
       0
       4
       2
       2
       0
       1
       0
       0
       2
       1
       0
       0
       0
       0
       0
       0
       3
       0
       0
       1
       0
       4
       0
       1
       0
       2
       1
       1
       1
       1
       0
       0
       0
       1
       0
       2
       2
       2
       1
       2
       0
       0
       1
       2
       1
       2
       0
       1
       2
       0
       0
       1
       0
       0
       0
       0
       1
       0
       0
       0
       2
       0
       1
       0
       1
       2
       2
       0
       0
       0
       0
       0
       0
       2
       0
       0
       4
       0
       0
       1
       0
       0
       0
       1
       0
       0
       1
       0
       0
       1
       1
       2
       0
       3
       1
       2
       4
       3
       1
       1
       0
       0
       1
       0
       0
       0
       1
       0
       1
       1
       1
       0
       1
       1
       0
       2
       0
       0
       1
       1
       1
       1
       0
       0
       0
       0
       1
       0
       0
       0
       0
       1
       1
       0
       0
       0
       0
       0
       1
       0
       0
       0
       2
       0
       1
       2
       2
       0
       1
       2
       1
       0
       0
       1
       0
       0
       1
       1
       0
       0
       0
       0
       0
       1
       0
       1
       0
       0
       0
       2
       0
       0
       1
       1
       0
       0
       0
       0
       0
       0
       2
       2
       1
       0
       1
       0
       0
       1
       0
       0
       1
       2
       0
       0
       0
       0
       0
       1
       2
       1
       1
       1
       3
       1
       0
       0
       1
       0
       1
       0
       0
       1
       1
       0
       1
       2
       0
       0
       0
       2
       0
       0
       0
       0
       0
       0
       1
       0
       1
       0
       0
       2
       1
       1
       0
       1
       1
       1
       0
       1
       2
       0
       0
       1
       3
       0
       0
       0
       0
       0
       2
       1
       0
       1
       0
       2
       1
       1
       0
       2
       0
       0
       0
       0
       1
       2
       2
       0
       0
       1
       0
       0
       0
       1
       2
       0
       0
       0
       0
       2
       0
       0
       0
       0
       0
       0
       0
       2
       0
       1
       0
       2
       1
       0
       0
       0
       1
       2
       1
       0
       0
       0
       0
       1
       1
       0
       1
       0
       1
       0
       2
       1
       3
       1
       0
       2
       0
       1
       1
       2
       2
       2
       3
       2
       4
       2
       8
       4
      12
       7
      10
       9
      13
      18
      12
      12
      13
       5
      11
      20
       9
      12
       6
      13
       8
      14
       5
       5
       3
       1
       3
       0
       3
       1
       0
       0
       0
       0
       0
       1
       1
       0
       1
       0
       2
       0
       0
       1
       0
       0
       1
       3
       0
       1
       2
       1
       1
       1
       3
       0
       2
       1
       0
       1
       1
       0
       0
       0
       0
       0
       0
       1
       0
       0
       1
       1
       1
       0
       0
       2
       0
       1
       0
       1
       0
       2
       0
       0
       1
       1
       1
       0
       0
       0
       0
       1
       0
       2
       0
       0
       1
       1
       0
       3
       2
       0
       0
       0
       0
       3
       2
       1
       0
       1
       0
       1
       0
       0
       0
       0
       0
       0
       0
       1
       1
       2
       0
       0
       0
       1
       0
       0
       1
       1
       0
       0
       1
       0
       0
       1
       2
       0
       2
       0
       2
       1
       0
       0
       2
       0
       0
       2
       0
       0
       1
       0
       0
       1
       1
       1
       0
       0
       0
       0
       1
       0
       0
       3
       1
       0
       1
       0
       0
       0
       1
       1
       0
       0
       1
       1
       1
       1
       0
       0
       0
       1
       0
       3
       1
       1
       1
       0
       0
       0
       0
       1
       0
       1
       0
       3
       0
       0
       1
       1
       0
       0
       1
       0
       0
       0
       0
       2
       0
       0
       0
       0
       1
       1
       1
       1
       0
       3
       0
       0
       0
       1
       0
       0
       1
       0
       0
       0
       0
       1
       0
       0
       1
       1
       0
       1
       0
       1
       0
       1
       0
       1
       1
       0
       1
       1
       0
       0
       0
       2
       0
       0
       1
       1
       0
       1
       0
       1
       0
       0
       0
       0
       1
       1
       0
       0
       0
       1
       0
       1
       0
       2
       0
       0
       0
       1
       2
       2
       0
       1
       0
       0
       0
       0
       1
       1
       1
       0
       0
       0
       0
       0
       1
       1
       0
       0
       1
       0
       1
       3
       0
       0
       0
       0
       2
       0
       1
       0
       2
       0
       0
       0
       0
       1
       2
       0
       0
       0
       1
       1
       2
       0
       0
       1
       0
       2
       1
       1
       0
       0
       0
       1
       0
       0
       0
       0
       0
       1
       1
       0
       1
       0
       1
       0
       0
       0
       0
       0
       1
       2
       0
       0
       0
       0
       0
       0
       0
       0
       0
       0
       0
       0
       0
       0
       0
       0
       0
       0
       0
       0
       0
       0
       0
       0
       0
       0
       0
       0
       0
       0
       0
       0
       0
       0
       0
       0
       0
       0
       0
       0
       0
       0
       0
       0
       0
       0
       0
       0
       0
       0
       0
       0
       0
       0
       0
       0
       0
       0
       0
       0
       0
       0
       0
       0
       0
       0
       0
       0
       0
       0
       0
       0
       0
       0
       0
       0
       0
       0
       0
       0
       0
       0
       0
       0
       0
       0
       0
       0
       0
       0
       0
       0
       0
       0
       0
       0
       0
       0
       0
       0
       0
       0
       0
       0
       0
       0
       0
       0
       0
       0
       0
       0
       0
       0
       0
       0
       0
       0
       0
       0
       0
       0
       0
       0
       0
       0
       0
       0
$ROI:
1
4146 4168
$PRESETS:
Live Time
600
0
$ENER_FIT:
-1.504534 0.196418
$MCA_CAL:
3
-1.504534E+000 1.964177E-001 -1.544040E-007 keV
$SHAPE_CAL:
3
0.000000E+000 0.000000E+000 0.000000E+000
