$SPEC_ID:
HFNG Beamline
$SPEC_REM:
DET# 2
DETDESC# EasyMCA
AP# Maestro Version 7.01
$DATE_MEA:
06/22/2018 15:16:59
$MEAS_TIM:
600 601
$DATA:
0 8191
       0
       0
       0
       0
       0
       0
       0
       0
       0
       0
       0
       0
       1
       0
       0
       0
       0
       0
       0
       0
       0
       0
       0
       0
       0
       0
       0
       0
       0
       0
       0
       0
       0
       0
       0
       0
       0
       0
       0
       0
       0
       0
       0
       0
       0
       0
       0
       0
      42
      96
      93
      78
      81
      91
      77
      96
      88
      96
      89
      92
      97
     102
      94
      76
      82
      98
      83
      71
      91
      87
      76
      86
      87
      93
     109
      69
      80
      77
      94
      76
     106
      84
      55
      72
      88
      57
      78
      66
      96
      75
      88
      53
      69
      86
      86
      74
      67
      78
      85
      86
      75
      82
      72
      81
      71
      58
      79
      65
      71
      69
      81
      73
      60
      84
      73
      77
      62
      71
      71
      81
      78
      64
      65
      67
      62
      64
      60
      70
      65
      80
      65
      69
      50
      71
      67
      67
      63
      62
      71
      62
      51
      66
      68
      63
      66
      52
      59
      59
      63
      58
      50
      58
      74
      55
      68
      69
      56
      55
      58
      75
      74
      54
      48
      62
      53
      60
      69
      64
      66
      50
      69
      44
      59
      69
      56
      70
      62
      56
      55
      57
      77
      49
      45
      52
      56
      71
      61
      60
      62
      58
      53
      73
      55
      53
      50
      50
      39
      45
      68
      79
      77
      45
      65
      71
      51
      43
      60
      63
      68
      58
      55
      51
      52
      63
      56
      55
      49
      52
      46
      57
      40
      57
      56
      53
      58
      71
      58
      57
      48
      52
      50
      56
      53
      52
      51
      67
      43
      52
      66
      53
      57
      48
      40
      45
      57
      60
      49
      57
      48
      54
      46
      51
      57
      67
      52
      57
      42
      66
      60
      64
      51
      46
      64
      44
      55
      57
      54
      59
      52
      57
      52
      45
      51
      50
      58
      56
      62
      46
      57
      51
      53
      52
      52
      56
      54
      39
      40
      45
      51
      60
      48
      51
      47
      45
      45
      53
      56
      73
      72
      63
      51
      48
      59
      56
      52
      54
      50
      58
      53
      56
      48
      51
      54
      50
      47
      53
      42
      72
      50
      50
      60
      45
      58
      53
      46
      52
      60
      57
      53
      53
      51
      50
      45
      59
      52
      45
      52
      55
      60
      46
      60
      59
      41
      47
      49
      49
      58
      43
      59
      55
      64
      53
      42
      50
      54
      39
      56
      54
      49
      45
      40
      63
      58
      47
      50
      38
      42
      57
      58
      54
      64
      75
      93
     122
      93
      92
      59
      51
      62
      43
      51
      72
      86
     121
     176
     190
     176
     123
      74
      53
      47
      37
      47
      35
      49
      68
      45
      46
      55
      46
      42
      49
      59
      45
      59
      42
      41
      61
      53
      39
      54
      57
      62
      57
      42
      42
      38
      44
      47
      39
      56
      48
      51
      52
      40
      44
      47
      44
      59
      60
      64
      58
      78
      87
      90
     114
     106
      79
      79
      68
      47
      52
      50
      44
      38
      43
      60
      78
      66
      69
      55
      50
      55
      44
      47
      47
      48
      48
      40
      56
      42
      41
      48
      41
      43
      50
      44
      44
      43
      43
      42
      51
      44
      55
      47
      38
      42
      45
      44
      39
      49
      51
      54
      52
      44
      58
      40
      48
      42
      46
      37
      40
      51
      48
      44
      48
      39
      41
      43
      50
      31
      50
      40
      42
      49
      43
      54
      48
      48
      38
      37
      48
      43
      52
      45
      54
      63
      48
      39
      50
      52
      47
      48
      34
      41
      51
      36
      52
      55
      57
      49
      49
      59
      43
      50
      40
      37
      33
      52
      53
      50
      48
      55
      42
      50
      42
      43
      48
      43
      53
      38
      46
      45
      60
      53
      52
      40
      45
      58
      52
      59
      43
      50
      55
      47
      40
      36
      41
      38
      49
      54
      50
      42
      51
      36
      58
      45
      35
      38
      57
      38
      49
      38
      51
      56
      44
      51
      45
      44
      58
      46
      39
      53
      53
      48
      52
      40
      42
      57
      40
      48
      41
      36
      40
      56
      45
      48
      54
      38
      48
      40
      50
      41
      45
      51
      60
      50
      44
      56
      42
      60
      45
      33
      52
      54
      59
      52
      43
      54
      57
      53
      46
      50
      52
      41
      65
      53
      51
      49
      54
      48
      49
      60
      36
      57
      55
      51
      58
      66
      40
      52
      46
      41
      50
      51
      43
      68
      49
      55
      60
      47
      51
      51
      58
      48
      29
      39
      43
      50
      55
      47
      50
      47
      54
      60
      57
      57
      45
      62
      62
      46
      47
      53
      50
      55
      48
      54
      57
      50
      44
      55
      51
      53
      59
      67
      45
      51
      47
      54
      47
      52
      57
      66
      53
      43
      58
      72
      83
     143
     140
     162
     150
     107
      64
      73
      61
      51
      50
      57
      54
      41
      58
      44
      46
      57
      46
      50
      64
      61
      55
      63
      59
      59
      57
      52
      55
      67
      53
      60
      49
      57
      42
      60
      50
      43
      53
      53
      65
      61
      62
      58
      67
      62
      58
      73
      59
      57
      54
      77
      57
      61
      78
      70
      66
      52
      70
      67
      60
      50
      59
      77
      60
      72
      53
      77
      66
      66
      62
      68
      81
      69
      54
      67
      61
      61
      51
      75
      62
      55
      64
      53
      71
      55
      57
      76
      75
      63
      54
      64
      70
      61
      64
      65
      76
      61
      78
      69
      59
      53
      59
      49
      71
      62
      61
      66
      68
      72
      56
      70
      59
      62
      45
      49
      73
      76
      71
      83
      77
      62
      53
      76
      67
      75
      52
      57
      51
      61
      67
      54
      64
      85
      60
      67
      78
      56
      64
      56
      59
      78
      83
      70
      64
      61
      64
      69
      61
      62
      65
      58
      69
      62
      51
      53
      71
      64
      74
      61
      49
      74
      49
      59
      61
      54
      64
      65
      62
      64
      73
      59
      62
      70
      61
      62
      62
      56
      74
      52
      71
      66
      79
      78
      58
      54
      70
      65
      69
      60
      58
      52
      72
      56
      59
      64
      49
      70
      58
      56
      65
      58
      67
      68
      75
      65
      59
      67
      77
      68
      61
      60
      66
      62
      75
      66
      59
      65
      73
      76
      55
      71
      73
      72
      69
      53
      61
      83
      65
      60
      72
      84
      52
      56
      69
      65
      61
      57
      61
      71
      58
      65
      85
      67
      67
      70
      57
      68
      61
      83
      62
      60
      75
      62
      64
      69
      63
      69
      66
      48
      52
      67
      67
      61
      62
      66
      65
      56
      58
      62
      54
      62
      52
      59
      58
      61
      60
      56
      54
      58
      49
      57
      56
      59
      39
      49
      63
      43
      43
      43
      58
      50
      53
      54
      45
      41
      54
      43
      41
      45
      55
      54
      45
      45
      44
      49
      45
      52
      41
      48
      52
      37
      42
      49
      46
      57
      39
      40
      39
      55
      54
      48
      41
      51
      37
      40
      46
      47
      35
      41
      57
      51
      47
      42
      39
      32
      32
      47
      40
      47
      42
      39
      48
      51
      37
      42
      44
      38
      38
      53
      41
      49
      41
      51
      43
      49
      49
      29
      37
      47
      34
      38
      46
      48
      52
      45
      35
      39
      40
      43
      32
      40
      44
      39
      37
      37
      47
      39
      54
      45
      46
      41
      44
      36
      46
      41
      37
      49
      40
      40
      48
      32
      37
      33
      39
      46
      44
      42
      40
      32
      29
      40
      44
      34
      46
      29
      34
      38
      43
      38
      45
      34
      34
      36
      33
      40
      31
      37
      44
      35
      32
      37
      44
      42
      24
      46
      27
      42
      39
      34
      35
      33
      35
      23
      37
      35
      34
      35
      41
      28
      44
      32
      32
      27
      28
      40
      35
      38
      53
      36
      47
      43
      27
      30
      39
      41
      28
      33
      43
      29
      32
      27
      35
      30
      44
      37
      45
      32
      42
      21
      46
      42
      36
      36
      37
      43
      31
      35
      46
      32
      33
      37
      34
      22
      36
      30
      36
      36
      33
      28
      30
      30
      31
      31
      30
      41
      33
      35
      37
      41
      33
      34
      21
      39
      31
      27
      36
      29
      45
      34
      28
      38
      43
      33
      36
      45
      31
      30
      44
      23
      37
      27
      39
      20
      23
      35
      31
      35
      32
      34
      26
      28
      31
      33
      40
      27
      25
      26
      27
      32
      28
      30
      29
      40
      31
      38
      36
      33
      35
      24
      32
      31
      28
      26
      35
      41
      31
      30
      33
      28
      30
      36
      31
      22
      19
      30
      36
      34
      33
      30
      34
      35
      26
      32
      24
      27
      31
      31
      28
      37
      30
      28
      27
      29
      21
      29
      26
      23
      39
      27
      38
      40
      28
      28
      27
      23
      33
      27
      32
      38
      35
      28
      33
      32
      34
      31
      35
      29
      27
      22
      27
      37
      34
      35
      28
      35
      25
      32
      22
      21
      21
      34
      24
      30
      27
      25
      26
      26
      21
      31
      31
      30
      16
      18
      25
      19
      20
      15
      35
      26
      30
      18
      29
      30
      20
      24
      28
      22
      28
      20
      27
      24
      19
      19
      30
      33
      36
      21
      23
      18
      29
      23
      26
      27
      25
      28
      26
      15
      24
      23
      18
      16
      27
      21
      19
      33
      24
      36
      23
      21
      23
      27
      24
      21
      22
      38
      23
      33
      24
      18
      25
      26
      32
      30
      20
      20
      26
      21
      31
      29
      26
      24
      21
      27
      26
      29
      27
      32
      13
      35
      31
      26
      29
      22
      34
      19
      20
      24
      20
      18
      30
      27
      34
      27
      19
      28
      38
      22
      22
      25
      27
      17
      30
      25
      22
      26
      31
      24
      22
      25
      14
      21
      15
      18
      13
      19
      19
      14
      25
      15
      19
      17
      24
      23
      27
      16
      19
      24
      19
      26
      30
      25
      30
      22
      19
      17
      28
      23
      24
      23
      21
      14
      27
      31
      18
      24
      21
      16
      14
      12
      15
      28
      24
      15
      27
      21
      19
      19
      16
      24
      25
      24
      23
      30
      24
      18
      22
      16
      16
      16
      31
      19
      24
      24
      24
      28
      17
      23
      14
      21
      19
      20
      16
      17
      18
      27
      23
      18
      19
      23
      19
      27
      21
      15
      23
      15
      14
      26
      23
      18
      26
      22
      20
      21
      26
      26
      22
      17
      23
      19
      16
      20
      21
      22
      23
      13
      30
      27
      19
      23
      21
      20
      25
      27
      18
      15
      20
      19
      16
      13
      20
      24
      23
      14
      14
      24
      20
      15
      20
      16
      25
      18
      17
      20
      17
      15
      25
      25
      26
      17
      25
      21
      21
      19
      19
      25
      23
      20
      27
      17
      16
      18
      19
      24
      15
      24
      18
      20
      26
      19
      14
      13
      16
      14
      14
      27
      22
       8
      16
      20
      26
      12
      17
      11
      20
      16
      24
      17
      22
      18
      14
      19
      19
      25
      24
      17
      18
      20
      18
      26
       9
      21
      20
      23
      18
      17
      15
      15
      10
      16
      16
      19
      19
      15
      18
      16
      26
      17
      23
      15
      26
      20
      24
      19
      18
      27
      14
      18
      19
      31
      22
      13
      17
      17
      14
      14
      21
      20
      21
      23
      24
      22
      16
      21
      20
      29
      20
      29
      13
      24
      17
      20
      25
      23
      24
      17
      21
      21
      17
      18
      21
      14
      25
      16
      23
      27
      16
      29
      27
      16
      20
      21
      28
      14
      35
      23
      17
      30
      30
      62
     102
     137
     289
     540
     887
    1402
    2021
    2318
    2513
    2235
    1817
    1147
     676
     295
     118
      47
      22
      17
       3
       7
      14
      13
      10
      13
       8
       6
      14
      11
      10
       7
      11
      12
      13
      12
       8
       8
      10
       8
      10
      10
       7
       4
       6
       6
       9
      19
       4
      13
      10
       9
      12
       7
      10
       4
      12
       5
       6
       8
       8
      15
       9
      13
       9
       3
       6
      11
       6
      12
      15
       7
      12
       7
       9
      10
       5
      10
       9
       8
       7
      10
      11
       6
      15
       7
      10
       6
       8
      12
      10
       5
       9
      10
      10
       8
       9
       6
      10
       8
      11
      11
      22
      10
      19
      17
      20
      17
      18
      19
      20
      24
      13
       4
      14
       7
      10
       6
       8
       9
       6
      14
       7
      12
      10
       9
      10
      12
       8
      12
      11
      10
       9
       7
       7
       9
      13
       9
      14
      11
       8
      12
       7
       7
       6
      14
      11
       6
      11
       6
       4
      16
       7
       9
       7
      10
       7
       9
       6
      12
       7
      16
      12
       8
       9
       7
       9
      14
       3
       5
       7
       5
       7
       9
       9
       9
       8
      10
       9
       7
      11
       1
      11
      14
      10
      12
       4
      12
      10
      13
       6
       7
       8
       9
       9
       6
       9
      13
       3
       4
       7
       8
       6
       9
       8
      13
      14
       5
      11
      13
      11
       8
      10
      15
       6
       8
       9
       6
       5
      10
       5
       2
       4
      11
      12
       6
      10
       8
      10
       8
       7
       8
       7
      12
       7
      11
      10
       3
       6
       5
       4
      10
      12
       3
       7
       8
      13
       7
      11
       9
       5
      10
      10
       8
       5
       5
       4
       8
       7
       5
       8
       9
       5
      15
      10
       5
       9
       8
      10
       6
       8
       5
       9
       7
      13
       6
       8
       4
       9
       6
       9
       7
      11
      11
       8
      16
      18
      11
      29
      25
      40
      60
      86
      96
     109
      96
      86
      57
      42
      23
      25
       9
       7
      11
      11
      10
      11
       6
       7
       4
       3
      10
       8
       5
       6
       8
       5
      12
       5
      12
      13
       8
       5
       8
       9
       9
       8
       3
       7
       3
       7
      10
       7
      10
       8
       6
       9
       8
       4
      13
       9
       5
       2
      15
      12
       8
      16
       7
       5
       8
       3
       5
       4
       4
      10
      11
      10
      10
       8
       8
      12
       8
       5
       4
      11
      11
       4
       6
       6
       9
       9
      11
       9
      14
       8
       6
       8
       4
       4
       6
       7
       5
       5
      12
       6
       7
       8
       8
       5
      11
      14
       6
       4
       8
       5
       5
       4
       7
      11
       6
      11
       5
       8
       7
       3
       7
       7
       7
       9
       3
      12
      12
       7
      15
      14
      23
      31
      45
      78
     108
     162
     207
     269
     271
     270
     218
     175
     118
      78
      33
      27
      14
       6
      11
       7
       6
       7
       9
      11
       7
       9
       8
       4
       7
       3
       6
       7
       5
       7
       6
       7
       5
       7
       3
       8
       6
       6
       8
       6
       9
       9
       5
       4
       9
       5
       3
       6
       5
       6
       2
       7
      12
       9
       6
       6
       9
       3
       4
       6
       8
       9
       2
       5
       7
       7
       5
       1
       1
      12
      12
      10
       5
       2
       8
      10
       7
      10
      11
       5
       3
       4
       8
       3
       4
      11
       3
       7
       8
       5
      13
      15
       5
       6
      11
       8
       7
       7
       4
       5
      12
      10
      11
       2
       5
       8
       7
       5
       9
       5
       5
       2
       8
      10
       6
       6
       7
       9
      11
       4
       6
       5
       3
       3
       7
       7
       3
       6
       4
       1
       8
       3
       1
      10
       7
       4
       4
      12
       2
       2
       4
       8
       8
       9
       5
       9
       5
       4
      14
       5
       7
      10
       7
      12
       4
       6
       5
       3
      10
       7
       6
       9
       3
      10
      11
      11
      12
       4
      13
       6
       4
      10
       8
       7
       4
       7
       4
       9
       7
       5
       3
       6
       1
      11
       7
       3
       7
       5
       7
       4
       4
       7
       6
       6
       5
       6
       4
       4
       4
      10
       3
       5
       4
       7
       5
       4
       6
       5
       8
       8
       9
       4
       5
       4
       4
       7
       4
       8
       4
       6
       7
       5
      11
       9
       9
       8
       4
      12
       5
       4
       3
       6
       2
       7
       4
       6
      12
       7
      11
       8
       9
      13
      11
      11
      11
      10
       7
       9
       6
      12
       6
       4
       7
       3
       6
       9
      12
       4
       5
       7
       4
       5
       3
       5
       3
       9
       8
       4
       8
       2
       3
       8
       7
       8
       1
       5
       6
       4
       9
       9
       4
      13
       2
       2
       4
       9
       3
       6
       4
       7
       5
       2
       9
       7
       8
      14
       4
      12
       3
       5
      10
       5
       6
       2
       3
       2
       3
       9
       8
       7
       5
       4
       4
       3
       6
       8
       9
       2
       4
       6
       3
       5
       6
      11
       9
       6
       4
       3
       4
       6
       8
       8
       9
       4
       4
       6
       5
       7
       7
       4
       4
       6
      11
       5
       5
       7
      10
       4
       6
       5
       4
       9
       8
       8
       5
       7
       3
       6
       7
       2
       4
       9
       3
       7
       8
       3
       5
      10
       8
      11
       8
       6
       4
       9
       3
       7
       5
       3
       8
       8
       9
       6
       6
       6
       5
       8
       5
       9
       5
       5
       6
       8
      12
       7
      10
       6
       8
       7
       3
       8
       6
       2
       7
       8
       7
       5
       3
       4
       8
       6
       5
      12
       7
       7
       5
       9
       5
       1
       8
       1
       8
       4
       3
       6
       9
       7
       5
       8
       2
       8
       6
       3
       7
       6
       9
       6
       3
       3
       6
       5
       3
      10
       6
       3
       9
       6
       4
      11
       5
       8
       4
      13
       6
       5
       7
       5
       5
       6
       4
       5
       8
       7
       8
       3
       5
       5
       6
       6
       6
       4
       6
       5
       7
       9
       5
       5
      14
      11
      11
      18
      13
       8
       8
       5
       9
      10
      11
      11
      11
       6
       5
       3
       9
       9
       5
       8
       3
       9
       3
       9
       8
       9
       8
       2
       5
       6
       4
       8
       6
       3
       4
       3
       5
       4
       4
       3
       7
       7
       6
       5
       9
       9
       7
       6
       8
       8
       7
       4
      12
       3
      10
       8
       2
       3
      11
       8
      11
       4
       5
       7
       9
       8
       7
       5
       7
      14
       5
       5
       5
       9
       8
       6
       2
       5
       3
       9
       6
       5
      11
       6
       9
       8
       7
       4
       2
      12
       4
       3
       6
       5
       5
       3
       8
       7
       7
       7
       5
       6
       8
       6
       8
       8
       3
       4
       3
       8
       5
       7
       6
       4
       5
       5
       9
       4
       6
       8
       6
      13
       5
       5
       8
       5
       3
       9
       6
       7
      12
       5
       8
       3
       7
       7
       7
       6
       4
      11
       3
       4
       6
       9
       8
      11
       1
       6
       5
       8
       8
       5
       1
       6
       6
       5
       5
       8
       6
       5
       6
       9
       5
       6
       6
       2
       9
       4
       7
       8
       8
       5
      12
       7
       2
      10
       0
       5
       3
       5
       5
       6
       7
       2
       8
      10
       7
       5
       5
       5
       3
       5
       5
       7
       6
       5
       8
       9
       2
       7
       4
       3
       4
       6
       3
      11
       2
       6
       4
       6
      11
       5
       5
       5
      10
       6
       5
       6
       6
       5
       9
       9
       8
       5
       1
       8
       4
       9
       7
       5
       5
       4
       6
       6
       6
       3
       6
       3
       5
       8
       4
       7
       6
       6
       6
       6
       6
       4
       8
       3
      10
       8
      11
       6
       4
       8
       3
       7
       3
       7
       6
       4
       4
       4
      10
       5
       7
       7
       6
       4
       5
      10
       2
       7
       1
       4
       6
       6
       7
       1
      11
       3
       4
       7
      11
       4
       4
       6
       6
      11
       6
       9
       3
       2
       8
       6
       6
       6
       5
       5
       4
       6
       5
       3
       4
       8
       7
       6
       9
       6
      12
       8
       7
       4
       9
       2
      10
       3
       4
       2
       7
       7
       7
       5
       8
       5
       7
       3
       4
       2
       6
       9
       3
       7
       4
       7
       8
       6
       5
      12
       8
       6
       6
       5
       7
       4
       5
       4
       9
       4
       4
       6
       7
       6
       4
      10
       8
       4
       5
       3
       9
       7
       2
       8
      10
       5
       5
       9
       6
       6
       6
       9
       4
       6
       8
       6
      12
       4
       6
      10
       6
       5
       7
       8
       7
       4
       4
       5
       6
       7
       9
       8
       3
      11
      10
       3
      10
      12
       5
       7
       8
       3
       5
       4
       7
       6
      11
      10
       6
       9
      10
       4
       3
       9
       4
       1
       9
       4
       4
       5
       8
       7
       9
       1
       8
       4
       3
       5
       8
       9
       3
       5
       6
       4
       5
       3
       5
       4
       3
       7
       6
       5
      10
       6
       4
       7
       5
       7
       5
       2
       9
       8
      11
       4
       4
       5
       6
       7
       6
       6
       6
       4
       9
       5
       4
       6
       5
       8
       2
       6
      10
      10
       5
       9
       3
       1
       4
       7
       4
       4
       5
       5
       7
       4
       8
       5
       5
       6
       6
       5
       8
      10
       5
       3
       7
       7
       2
       5
       4
       7
       2
      10
       6
       5
       5
       6
       8
       8
       1
       8
       5
       5
       5
       4
       5
      12
       7
       3
       8
       8
       5
       8
       3
       8
       5
       9
       7
       8
       4
       4
       4
       6
       7
       5
       2
      10
       6
       9
      11
       4
       7
       9
       8
       6
       4
       8
       7
       7
      14
       5
       5
       2
       4
       3
       5
       4
       6
       7
       3
       7
       3
       6
       2
       3
       9
       9
       3
       3
       9
       4
       5
       4
       7
       7
       5
       8
       0
       7
       6
      12
       2
       6
       2
       5
       3
       7
       3
       5
       5
       8
       6
       6
       7
       4
       7
       3
      10
       9
       4
       7
       6
       4
       4
       3
       2
       6
       9
       7
       4
       7
       3
       4
       3
       6
       6
       7
       6
       8
       7
       5
       6
       5
       7
       5
       5
       4
       3
       5
       5
       4
       8
       4
       3
       2
       7
       6
       6
       9
       5
       3
       4
       6
       4
       6
      10
       7
       5
      13
       4
       5
       7
       5
       7
       3
       5
       7
       3
       6
       9
      11
       3
       6
       7
       7
       6
       3
       2
       8
       8
       2
       5
       8
       5
       6
       7
       7
       2
       6
       5
       3
       5
       5
       7
       2
       2
       7
       4
       8
       3
       4
       4
       5
       5
       3
       7
       7
       6
       3
       3
      10
       7
       5
       3
       8
       3
       7
       2
       6
       4
       7
       6
       4
       5
       6
       2
       5
       7
      10
      10
       4
       2
       7
       9
      10
       7
       2
       4
       5
       8
       5
       5
       9
       6
       6
       5
       5
       4
       4
       7
       4
       4
       5
       5
       3
       5
       5
       5
       3
       6
       9
       5
       5
       9
       6
       4
       5
       4
       4
       3
       7
       6
       5
       4
       5
       2
       6
       7
       8
       4
       4
       6
       4
       9
       8
       9
       4
       4
       9
       2
       5
       7
      10
       8
       5
       4
       7
       6
       4
       4
      10
       8
       9
       2
       4
       7
       5
       6
       6
       4
       3
       8
       7
       4
       4
       4
       5
       7
       6
       4
       4
       8
       5
       8
       3
       6
       2
       8
       3
       5
      10
       7
       4
       6
       6
       4
       6
       2
      10
       5
       6
       5
       9
       8
       9
       9
       5
       4
       4
       9
       6
       2
       8
      13
       5
       7
       3
       8
       3
       2
       8
       2
       6
       2
       4
       8
       4
       6
       7
       7
       5
       9
       3
       3
       5
       9
       5
       3
       7
       5
       6
       9
       9
       3
       2
       3
       4
       9
       4
       7
       8
       4
       7
       5
       8
       4
       4
       3
       7
       2
       3
       4
       5
       6
       5
       4
       4
       8
       3
       9
       4
       4
       5
      11
       4
       6
       7
       6
       5
      10
       8
      11
       4
       7
       5
       3
       2
       6
       5
       7
       5
       6
       7
       7
       5
       3
       3
       6
       4
       3
       6
       4
       4
       5
       7
       7
       5
       2
       7
       2
       5
       6
      12
       5
      10
       2
      10
       5
       4
       4
      12
       2
       4
       2
       4
       6
       7
       2
       3
       5
       5
       6
       8
       9
       8
       6
       6
       7
       4
       4
       5
       5
       5
       3
       8
       4
       7
       8
       6
       3
       5
       4
       3
       8
       3
       7
       3
       7
       3
       7
       7
       4
       6
       3
       7
       2
       4
       3
       3
       5
       9
       8
       4
       8
       4
       7
       4
       7
       4
       6
      10
       5
      10
      12
       7
      10
       6
       5
       6
       6
       7
       6
       2
       6
       5
       7
       3
       7
       2
       8
       8
       2
       7
       4
       4
       2
       5
       8
       7
       6
       3
      11
       4
       8
      11
       3
       7
       5
       2
       5
       4
       3
       7
       4
       7
       9
       2
       5
       4
       6
       2
       3
       5
       4
       5
       2
       6
       5
       7
       6
       4
       8
       4
       5
       8
       5
       2
       7
       8
       8
       2
       6
       3
       7
       3
       8
       2
       6
       3
       6
       7
       3
       1
       6
       6
       6
       3
       6
       6
       4
       8
       6
       7
       5
       2
       5
       4
       6
       5
       3
       4
       5
       5
       2
       2
       7
       4
       5
       2
       2
       5
       4
       2
       3
       4
       4
       3
       3
       3
       2
       6
       5
      13
       3
      10
       5
       7
       6
       2
       4
       6
       7
       7
       3
       6
       5
      10
       6
       5
       5
       2
       8
       6
       7
       7
       7
       7
       5
       5
       7
       2
       8
       7
       2
       4
       3
       4
       0
       4
       9
       5
       2
       0
       4
       7
       7
       8
       3
       8
       8
       7
       5
       8
       2
       6
       6
       4
       7
       5
       5
       5
       4
      13
       9
       8
       7
       2
       1
       6
       3
       7
       4
       6
       7
       8
       7
       7
       3
       5
       8
       5
       7
       5
       8
       6
      12
       5
       7
       8
       3
       6
       3
       4
       4
       6
       3
       4
       7
       8
       5
      10
       5
       6
       5
       4
       7
       8
       1
       7
       7
       4
       6
       6
       1
       5
       8
       5
       6
       3
      10
       7
       6
       6
       7
       5
       6
       5
       7
       4
       5
       7
       4
       4
       2
       4
       8
       6
       5
       5
       7
       3
      10
       5
       8
       2
       7
       7
       8
       6
       3
       5
       1
       9
       1
       5
       4
       4
       6
       6
       4
       9
       5
       6
       2
       2
       7
       4
       7
       8
       5
       3
      11
       7
       5
       3
       2
       1
       4
       9
       2
       2
       4
       4
       8
       5
       6
       5
       8
       8
       3
       2
       2
       5
       8
      12
       5
       3
       4
       6
       3
       9
       6
       6
       4
       4
       6
       6
       8
       6
       8
       5
       2
       8
       9
       3
       3
       4
       9
       5
       4
       4
       8
       5
       4
       4
       4
       5
       5
       9
       4
       2
       2
       4
       9
       8
       8
       4
       6
       4
       6
       6
       3
       7
       2
       4
       6
       5
       5
       7
       3
       6
       6
       7
       8
       7
       4
       4
       8
       1
       3
       5
       4
       7
       7
       6
       6
       5
       3
       6
       5
       6
       5
       6
       5
       4
       7
       3
       6
       8
       5
       6
       8
       9
       4
       3
       5
       3
       7
       4
       5
       6
       8
       8
       4
       4
       7
       5
       7
       6
       4
       8
       3
       5
       2
       3
       3
       9
       5
       6
       8
       5
       9
      10
       9
       4
       6
       6
       5
       1
       2
       9
       5
       5
       7
       7
       6
       3
       6
       4
       2
       4
       9
       4
       5
       5
       3
       8
       5
       6
       2
       8
       6
       4
       9
       4
       5
       4
       6
       6
       8
       6
       6
       6
       6
       1
       5
       7
       5
       5
       5
       8
      10
       5
       5
       4
       6
       5
       6
       9
       5
       8
       6
       4
       7
       9
       5
       5
       9
       3
       6
       8
       6
       4
       6
       7
       4
       2
       7
       6
       5
       2
      11
       2
       4
       6
       6
       3
       8
       3
       4
       8
       3
       7
       6
       5
       7
       7
       2
       8
      10
       5
      10
       5
       2
       5
      12
       5
       5
       4
       2
       6
       4
       8
       9
       5
       8
       7
       8
       8
       2
       7
       7
       6
       4
       1
       7
       4
       3
       5
       6
       6
       6
      11
       4
       4
       8
      10
       7
       8
      21
      15
      18
      21
      32
      29
      34
      42
      44
      40
      47
      31
      27
      25
      21
      28
      16
       9
       7
      18
       8
       8
       6
       1
       7
       8
       9
       6
       6
      10
       9
       2
       5
       9
       8
       7
       5
       7
       9
       5
       3
       7
       9
       3
       6
       8
       7
       3
       7
       7
       3
       3
       9
       8
       8
       3
       5
       4
      13
       4
      11
       8
       6
       8
       6
       5
       3
       7
       9
       4
       4
       8
      12
       7
       8
       4
       7
       4
       5
      10
       4
       8
       3
       9
       9
       7
       3
       1
       6
       5
       6
       4
       4
       4
       7
       2
       4
       2
      10
       6
       8
       7
      10
       5
       9
       8
       5
       7
       9
       7
       9
       7
       9
       6
       6
       2
      10
       5
       9
       9
       4
       5
       8
       4
       2
       5
       5
       3
       8
       8
       4
       1
       5
       9
       8
       6
      12
      10
       6
       8
       5
       8
       2
      10
       4
       6
       6
       9
       3
       5
       5
       5
       3
       7
      11
       7
       9
       5
       4
       7
       9
       3
       7
      10
       6
       3
       6
       4
       2
       8
       5
       6
       5
       7
       8
       9
       6
       8
       5
       5
       6
       6
       5
       6
      11
       2
       5
       5
       8
       5
       4
       9
       8
      10
      10
       9
       7
       7
       5
       8
      10
       2
       4
       8
       7
       9
       3
       6
       4
       8
       6
      15
       8
       5
       5
       5
      12
       6
      10
       6
       4
       6
       9
       6
       5
      12
       9
       2
       7
       3
       9
       5
       8
       7
      10
       8
       7
       7
       7
       5
       5
       5
      12
       6
       5
       7
       3
      11
       6
       8
       7
      11
       3
       8
       7
       6
       6
      10
       9
      10
       4
       4
      13
      10
       6
       7
       8
       4
       7
       8
      13
       8
      12
       4
       6
      13
       9
       5
       8
       4
       7
       4
       4
       7
       6
       7
       5
       7
      10
      11
       4
      13
       4
       9
       8
       5
      11
       4
      11
       8
       9
      10
       9
       9
       5
       9
       4
       6
       6
       5
       4
       9
       6
      10
       5
       6
       5
       3
       9
       5
       8
       4
      12
       3
       6
       7
      11
       7
       8
      11
       8
       6
       8
       3
       7
      11
       9
       4
       2
       7
      12
       4
       4
       9
       5
       4
       6
       7
      10
      10
       8
       5
       6
       8
      10
       6
       8
      12
       9
       8
       4
       3
       4
       5
       7
       2
       4
       9
       4
       8
       6
       3
       6
       8
       9
       6
      11
       4
       6
       5
       4
       5
       6
       6
       4
       4
       7
       4
       4
       2
       5
       4
       8
       7
       5
       3
       3
       8
       4
       3
       7
       3
       5
       2
       3
       9
       5
      11
       8
       6
       9
       8
       4
       4
       0
       5
       4
       4
       5
       1
       8
       3
       2
       4
       2
       7
      11
       5
       4
       4
       2
       5
       9
       7
       5
       8
       4
       4
       2
       5
       9
       3
       3
       6
       6
       5
       8
       6
       8
       6
       4
       1
       9
       5
       6
       7
       9
       5
       4
       8
       4
       8
       7
      10
       7
       6
       4
      10
       5
       5
       3
       4
       6
       2
      13
       9
       3
       7
       9
       2
       4
       5
       3
       1
       4
       7
       6
       9
       6
       3
       6
       6
       6
       7
       3
       5
       7
       6
       8
       0
       7
       4
       8
       4
       5
       5
       5
       6
       3
       4
       5
       9
       5
      10
       9
       2
       6
       6
       4
       5
       3
       2
       1
       4
       7
       7
       4
       7
       8
       2
       7
       1
      11
       5
       7
       2
       5
       9
       3
      10
       2
       4
       6
       6
       3
      12
       5
       4
       5
      10
       4
       6
       2
       7
       9
       5
       6
       6
       6
      12
       5
       8
       2
       4
       6
       2
       5
       3
       3
       5
       5
       5
       3
       9
       5
       4
       6
       5
       4
       2
       5
       5
       2
       6
       5
       3
       5
       8
       6
       6
       2
       5
       8
       9
       5
       4
       9
       4
       3
       4
       4
       4
       4
       5
       7
       3
       2
       5
       7
       5
       3
       3
       5
       7
       7
       4
       6
       6
       4
       9
       7
       4
       4
       5
       5
       7
       5
       4
       3
       2
       7
       7
       6
       3
       3
       4
       4
       4
       9
       6
       6
       4
       4
       5
       3
       1
       6
       4
       3
       4
       3
       3
       3
       4
       4
       5
       7
       6
       2
       5
       4
       3
       3
       4
       1
       5
      10
       2
       4
       5
       5
       8
       4
       3
       6
       2
       1
       9
       2
       6
       5
       2
       4
       4
       4
       3
       1
       5
       5
       5
       7
       7
       3
       2
       6
       1
       2
       6
       3
       5
       3
       4
       2
       7
       6
       5
       6
       5
       3
       5
       4
       3
       3
       5
       3
       6
       8
       4
       2
       5
       8
       3
       5
       5
       5
       6
       5
       4
       4
       2
       2
       4
       3
       5
       8
       8
       2
       9
       1
       5
       4
       2
       2
       8
       5
      10
       9
       7
       7
       3
       6
       7
       2
       1
       8
       5
       4
       3
       7
       4
      10
       3
       2
       6
       4
       5
       5
       2
       2
       3
       5
       2
       2
       8
       2
       4
       7
       2
       3
       6
       3
       6
       7
       3
       8
       4
       8
       5
       7
       4
       6
      10
       6
       7
       6
       2
       4
       6
       5
       6
       7
       4
       5
       6
       2
       1
       6
       6
       4
       7
       3
       3
       8
       8
       4
       4
       4
       8
       3
       5
       5
       3
       4
       5
       9
       7
       4
       4
       4
       7
       3
       8
       1
       2
       1
       6
       4
       5
       5
       4
       1
       2
       3
       0
       8
       5
       3
       6
       4
       3
       5
       6
      13
       8
       9
       6
       4
       4
       3
       5
       4
       8
       7
       7
       3
       4
       6
      10
       6
       4
       6
       6
       5
       1
       2
       3
       4
       5
       5
       6
       6
       2
       8
       3
       6
       4
       2
       8
       3
       5
       6
       3
       5
       5
       1
       5
       3
       3
       5
       6
       4
       3
       7
       3
       5
       8
       8
       7
       4
       8
       4
       9
       5
       5
       3
       7
       6
       4
       4
       9
       7
       6
       7
       2
       7
       2
       5
       4
       5
       7
       1
       4
       3
       7
       3
       6
       8
       7
       5
       4
       5
       4
       8
       5
       6
       5
       5
       3
       7
       4
       7
       3
       3
       4
       2
       3
       6
       3
       4
       6
       6
       3
       7
       7
       3
       5
       5
      12
       3
       4
       9
       5
       5
       7
       6
       5
       5
       2
       5
       7
       4
       2
       6
       5
       6
       7
       3
       4
       2
       6
       4
       4
       6
       0
       4
       5
       2
       3
       8
       7
       8
       3
       3
       5
       4
       4
       5
       1
       5
       8
       8
       5
       6
       7
       5
       5
       4
       9
       4
       6
       6
       9
       2
       6
       6
       2
       6
       6
       6
       5
       4
       5
       3
       6
       4
       9
       7
       8
       2
       4
       5
      10
       3
       4
       1
       7
       3
       3
       4
       5
       4
       3
       5
       3
       3
       4
      10
      10
       1
      12
       3
       3
       7
      10
       4
       4
       3
       5
       6
       1
      10
       6
       5
       3
       6
       4
       7
       7
       5
       4
       3
       3
       7
       4
       7
       5
       4
       5
       2
       3
       5
       3
       4
       6
       6
       2
       7
       5
       6
       7
       4
       3
       4
       4
       6
       5
       4
       4
       5
       6
       6
       1
       8
       8
       5
       8
       7
       5
       5
       9
       3
       6
       7
       5
       5
       8
       7
       4
       7
       4
       7
       6
       8
       3
       5
       4
       7
       7
       3
       8
       3
       2
       6
       3
       6
       4
       5
       6
       3
       8
       5
       4
       0
       3
       2
       5
       3
       8
      11
       7
       6
       2
       5
       5
       5
       4
       5
       2
       6
       2
       8
       5
       5
       2
       3
      12
       3
       8
       4
       6
      10
       4
      15
       3
       8
       6
       7
       6
       7
       5
       5
       5
       4
       4
       7
       9
       8
       3
       3
       4
       6
       4
       0
       9
       6
       7
      10
       8
       5
       9
       7
       6
       6
       3
       9
       6
       4
       5
       2
       4
       2
       6
       5
       6
       6
       8
       8
       9
       5
      14
       4
       8
       6
       9
       6
       5
      12
       4
       4
       7
       6
       8
       7
       4
       4
       4
       4
       6
       7
       6
       6
       5
       5
       6
       6
       8
       3
      10
       2
       6
       8
       5
       8
       3
       6
       9
       7
       4
       4
       5
       7
       6
       7
       4
       5
       2
       5
       8
       5
      10
       6
       3
       9
       5
       5
       6
       3
       9
       8
       6
      10
       7
       9
       4
       4
       7
       7
       5
      10
       8
       4
      10
       7
       6
       6
       6
       5
       6
       4
       8
       3
       6
       3
       7
       6
       8
       6
       8
       7
       5
       5
       7
       5
      11
       6
       4
       5
       5
       4
       8
       3
       8
       4
       6
       6
       5
       3
       4
       8
       6
       7
       4
       6
       5
       2
       5
       7
       6
      10
       4
       6
       4
       3
       5
       7
       5
       4
       3
       4
       4
       3
       2
       6
       4
       6
       1
       2
       3
       2
       4
       5
       9
       4
       2
       5
       1
       2
       3
       5
       6
      10
       9
       8
       1
       3
       2
       3
       6
       4
       4
       2
       2
       6
       4
       4
       7
       2
       5
       8
      10
       4
       4
       3
       6
       6
       6
       3
       3
       2
       7
       6
       6
       3
       3
       5
       3
       5
       6
       8
       7
      18
       8
      12
      10
      16
      22
      26
      32
      49
      50
      60
      57
      84
      86
      97
     104
     125
     104
      98
     108
      85
      86
      68
      54
      61
      28
      20
      15
      14
       8
       3
       4
       7
       2
       4
       3
       5
       1
       6
       2
       1
       0
       5
       3
       1
       3
       2
       2
       0
       2
       2
       5
       2
       4
       2
       2
       0
       2
       2
       2
       1
       2
       2
       5
       3
       3
       1
       2
       3
       3
       3
      10
       5
       2
       2
       3
       5
       2
       0
       2
       4
       3
       7
       4
       2
       3
       4
       0
       1
       2
       6
       2
       2
       6
       3
       5
       3
       2
       3
       0
       2
       1
       1
       2
       0
       2
       3
       6
       3
       2
       1
       2
       1
       1
       3
       3
       3
       2
       2
       1
       1
       3
       7
       2
       1
       2
       1
       4
       5
       4
       2
       5
       3
       5
       1
       2
       1
       2
       4
       3
       7
       7
       3
       4
       2
       2
       4
       1
       6
       2
       2
       0
       4
       0
       4
       2
       0
       2
       1
       2
       3
       2
       2
       6
       3
       1
       3
       4
       4
       4
       3
       2
       2
       1
       0
       1
       4
       4
       6
       2
       1
       3
       1
       2
       4
       2
       2
       3
       3
       2
       3
       4
       4
       2
       2
       0
       2
       5
       2
       5
       2
       2
       0
       3
       3
       4
       5
       2
       1
       6
       4
       4
       0
       1
       2
       2
       2
       6
       1
       3
       0
       4
       1
       4
       2
       1
       3
       3
       3
       1
       3
       2
       4
       1
       3
       2
       2
       5
       1
       4
       2
       0
       1
       3
       1
       0
       2
       3
       5
       2
       6
       4
       3
       2
       2
       1
       2
       1
       2
       5
       2
       2
       1
       3
       2
       4
       1
       3
       3
       2
       4
       4
       2
       3
       4
       4
       5
       1
       4
       1
       0
       2
       5
       3
       1
       2
       3
       1
       0
       3
       1
       2
       4
       0
       4
       3
       2
       5
       1
       2
       3
       0
       6
       1
       3
       2
       2
       6
       3
       0
       2
       2
       2
       3
       2
       1
       3
       5
       3
       1
       1
       2
       3
       1
       5
       0
       3
       2
       0
       2
       1
       1
       4
       1
       4
       3
       1
       3
       6
       2
       4
       3
       1
       0
       3
       0
       0
       0
       4
       3
       1
       0
       4
       2
       2
       3
       4
       2
       1
       2
       1
       2
       2
       3
       2
       0
       1
       3
       3
       2
       2
       1
       1
       2
       5
       1
       3
       1
       1
       2
       2
       2
       1
       0
       3
       0
       0
       1
       0
       4
       2
       3
       2
       2
       4
       2
       2
       3
       0
       1
       0
       1
       3
       4
       2
       2
       2
       0
       1
       1
       2
       0
       1
       3
       2
       0
       2
       3
       2
       2
       2
       4
       0
       3
       2
       3
       4
       2
       1
       1
       0
       1
       2
       2
       3
       2
       5
       4
       1
       3
       0
       0
       3
       0
       3
       0
       4
       1
       4
       0
       0
       2
       2
       2
       3
       1
       1
       3
       2
       1
       5
       1
       1
       0
       0
       1
       1
       2
       1
       0
       2
       3
       0
       3
       6
       1
       1
       0
       3
       3
       1
       1
       2
       1
       2
       2
       1
       4
       1
       1
       3
       0
       1
       3
       2
       1
       2
       1
       1
       2
       3
       1
       1
       2
       2
       2
       1
       2
       0
       2
       1
       1
       1
       0
       0
       3
       1
       1
       0
       1
       0
       1
       1
       0
       5
       1
       2
       2
       2
       3
       0
       4
       1
       1
       1
       1
       1
       1
       0
       2
       2
       2
       3
       2
       2
       2
       3
       1
       1
       2
       1
       1
       0
       2
       2
       2
       1
       2
       0
       1
       2
       2
       1
       0
       1
       1
       4
       3
       2
       1
       1
       3
       3
       1
       0
       1
       1
       2
       0
       3
       4
       0
       1
       2
       2
       2
       1
       0
       2
       1
       3
       1
       0
       4
       1
       0
       3
       0
       1
       1
       0
       2
       0
       3
       2
       3
       0
       5
       0
       2
       4
       2
       0
       1
       1
       0
       2
       3
       0
       4
       2
       2
       1
       1
       1
       1
       1
       0
       1
       0
       2
       1
       1
       0
       4
       0
       0
       1
       0
       1
       0
       1
       1
       1
       1
       3
       1
       2
       3
       2
       1
       0
       0
       1
       0
       4
       0
       1
       2
       1
       2
       0
       1
       1
       0
       0
       0
       0
       3
       1
       0
       2
       1
       2
       2
       1
       3
       1
       3
       3
       0
       0
       2
       2
       0
       1
       2
       1
       2
       1
       4
       0
       1
       2
       0
       0
       1
       2
       0
       3
       2
       0
       0
       2
       1
       2
       1
       1
       0
       0
       1
       1
       2
       2
       3
       2
       0
       0
       0
       4
       3
       2
       1
       0
       2
       2
       2
       1
       1
       2
       2
       0
       2
       2
       2
       2
       1
       0
       2
       2
       0
       1
       1
       0
       2
       1
       1
       1
       3
       2
       2
       0
       0
       4
       2
       3
       1
       1
       3
       0
       1
       1
       0
       2
       0
       0
       1
       0
       3
       1
       0
       1
       0
       5
       2
       0
       0
       1
       1
       2
       1
       0
       2
       2
       0
       2
       0
       0
       1
       0
       6
       0
       2
       2
       2
       3
       1
       1
       1
       1
       2
       3
       2
       0
       0
       2
       1
       1
       1
       3
       0
       1
       1
       2
       2
       1
       0
       1
       2
       0
       2
       3
       0
       1
       1
       5
       1
       0
       4
       3
       2
       2
       2
       0
       2
       0
       0
       4
       1
       0
       1
       0
       1
       2
       0
       1
       2
       2
       2
       0
       1
       3
       0
       1
       0
       2
       4
       1
       1
       1
       1
       1
       1
       1
       1
       2
       3
       1
       2
       1
       2
       0
       2
       0
       0
       1
       2
       1
       1
       2
       0
       2
       1
       1
       2
       1
       1
       2
       1
       1
       1
       0
       0
       1
       1
       1
       3
       1
       2
       2
       1
       3
       0
       1
       1
       2
       1
       2
       0
       0
       3
       1
       2
       1
       0
       3
       1
       1
       2
       2
       1
       3
       2
       1
       0
       3
       1
       4
       2
       0
       2
       1
       1
       5
       2
       2
       1
       1
       2
       1
       2
       2
       0
       0
       0
       2
       1
       0
       0
       1
       4
       1
       0
       2
       0
       3
       1
       2
       1
       1
       2
       3
       1
       0
       2
       5
       2
       4
       4
       3
       0
       0
       1
       3
       1
       1
       0
       1
       3
       3
       2
       3
       1
       1
       3
       2
       0
       1
       3
       1
       2
       3
       1
       3
       3
       2
       2
       2
       5
       2
       4
       1
       3
       9
       9
      11
      13
      16
      16
      12
      15
      29
      43
      36
      66
      62
      71
      90
      78
      95
      98
     117
     101
     134
      97
     106
      93
      92
      70
      73
      58
      43
      32
      17
      17
       7
       4
       6
       0
       2
       0
       2
       1
       0
       1
       0
       0
       2
       4
       2
       0
       0
       1
       1
       1
       0
       0
       0
       0
       1
       1
       1
       1
       0
       1
       0
       2
       0
       0
       1
       1
       0
       1
       0
       0
       1
       1
       1
       0
       1
       3
       0
       1
       0
       1
       0
       2
       0
       1
       1
       1
       1
       0
       1
       0
       0
       0
       0
       0
       0
       1
       2
       3
       2
       2
       3
       2
       0
       1
       0
       0
       0
       2
       2
       0
       1
       0
       1
       2
       1
       0
       0
       3
       0
       0
       0
       1
       0
       2
       0
       1
       2
       0
       1
       0
       0
       0
       0
       0
       0
       1
       0
       2
       2
       0
       4
       0
       0
       0
       1
       0
       3
       0
       0
       2
       0
       0
       0
       1
       0
       0
       0
       0
       1
       0
       2
       1
       0
       0
       1
       2
       1
       0
       0
       1
       1
       0
       1
       1
       0
       0
       0
       0
       0
       2
       1
       1
       0
       3
       1
       0
       3
       0
       0
       1
       1
       3
       0
       1
       0
       0
       2
       0
       0
       3
       1
       0
       2
       0
       0
       4
       1
       0
       0
       1
       0
       0
       0
       1
       1
       0
       1
       1
       0
       2
       2
       1
       0
       0
       2
       0
       1
       0
       0
       0
       0
       0
       1
       0
       0
       1
       0
       0
       0
       0
       0
       2
       4
       0
       0
       1
       0
       1
       1
       0
       1
       1
       2
       0
       0
       1
       1
       0
       0
       0
       0
       0
       0
       2
       0
       0
       0
       3
       0
       1
       0
       2
       0
       0
       2
       0
       1
       0
       1
       2
       0
       0
       0
       0
       0
       1
       0
       0
       1
       0
       1
       0
       0
       0
       1
       0
       0
       2
       1
       0
       0
       0
       0
       1
       1
       3
       0
       0
       1
       0
       0
       0
       1
       2
       2
       0
       3
       1
       0
       0
       1
       1
       0
       0
       2
       0
       1
       2
       1
       1
       0
       1
       0
       1
       0
       0
       2
       1
       0
       2
       4
       4
       3
       1
       2
       0
       0
       0
       0
       1
       0
       0
       1
       1
       1
       1
       0
       1
       0
       0
       3
       0
       0
       0
       2
       1
       1
       0
       0
       0
       0
       0
       1
       0
       0
       0
       0
       0
       0
       1
       1
       0
       0
       1
       2
       1
       0
       0
       0
       2
       0
       0
       0
       0
       2
       2
       0
       0
       1
       1
       0
       0
       2
       0
       0
       0
       1
       2
       0
       0
       1
       0
       0
       0
       0
       1
       0
       0
       1
       1
       0
       3
       0
       0
       1
       0
       0
       0
       0
       0
       0
       0
       1
       0
       1
       1
       1
       0
       1
       0
       2
       1
       2
       0
       1
       1
       0
       0
       0
       2
       0
       1
       2
       1
       0
       2
       0
       2
       1
       0
       0
       0
       0
       0
       0
       0
       0
       0
       0
       0
       1
       0
       0
       0
       0
       0
       0
       0
       0
       0
       1
       2
       1
       1
       0
       2
       0
       0
       0
       0
       0
       1
       1
       1
       2
       0
       0
       1
       0
       0
       0
       1
       0
       2
       2
       0
       1
       1
       0
       1
       0
       1
       0
       0
       0
       2
       0
       1
       1
       0
       0
       0
       1
       0
       0
       0
       0
       0
       1
       1
       0
       1
       0
       0
       0
       0
       1
       1
       0
       0
       1
       1
       0
       2
       0
       1
       0
       0
       0
       0
       1
       1
       0
       1
       3
       0
       0
       0
       0
       2
       0
       0
       0
       1
       0
       0
       1
       0
       3
       1
       0
       1
       0
       1
       0
       0
       0
       1
       0
       1
       1
       0
       1
       1
       0
       1
       1
       0
       0
       1
       0
       1
       0
       0
       0
       0
       0
       0
       1
       0
       0
       1
       2
       1
       0
       0
       1
       1
       1
       1
       1
       1
       0
       0
       1
       1
       0
       0
       1
       1
       1
       0
       0
       0
       0
       0
       2
       0
       0
       1
       0
       1
       2
       1
       1
       1
       1
       2
       0
       0
       0
       0
       0
       1
       0
       0
       0
       0
       1
       0
       1
       0
       1
       0
       2
       1
       0
       0
       0
       0
       1
       0
       1
       1
       0
       0
       1
       0
       0
       0
       1
       1
       1
       0
       1
       1
       0
       0
       0
       1
       0
       0
       0
       0
       1
       1
       0
       1
       0
       0
       0
       1
       0
       0
       0
       0
       0
       0
       3
       0
       0
       0
       0
       1
       0
       0
       1
       1
       1
       3
       0
       2
       1
       0
       1
       0
       0
       0
       1
       1
       2
       0
       1
       0
       0
       1
       1
       0
       0
       0
       1
       0
       0
       0
       0
       1
       0
       1
       1
       0
       1
       1
       0
       0
       0
       0
       0
       0
       0
       0
       1
       2
       0
       1
       0
       1
       0
       1
       0
       0
       0
       0
       0
       0
       0
       1
       1
       1
       0
       0
       0
       0
       1
       1
       0
       1
       1
       1
       1
       2
       0
       0
       1
       1
       0
       1
       0
       0
       1
       1
       1
       1
       1
       0
       1
       2
       1
       1
       0
       0
       0
       1
       0
       1
       1
       1
       0
       0
       0
       2
       0
       1
       2
       1
       0
       0
       1
       1
       1
       1
       1
       1
       0
       0
       2
       1
       0
       0
       0
       0
       1
       0
       0
       2
       0
       0
       0
       0
       0
       0
       0
       0
       1
       0
       1
       0
       0
       2
       0
       0
       0
       1
       1
       0
       0
       0
       0
       1
       1
       1
       0
       2
       0
       0
       1
       3
       1
       2
       0
       0
       2
       2
       0
       1
       0
       2
       2
       2
       2
       3
       0
       0
       1
       2
       0
       0
       0
       2
       1
       0
       1
       1
       0
       0
       0
       2
       0
       1
       0
       0
       0
       0
       0
       0
       0
       2
       0
       0
       1
       0
       0
       0
       0
       0
       0
       1
       0
       0
       0
       0
       1
       1
       0
       0
       0
       0
       0
       0
       0
       1
       0
       1
       0
       1
       0
       0
       1
       1
       1
       0
       0
       0
       1
       0
       0
       1
       0
       0
       2
       0
       0
       0
       1
       1
       0
       0
       0
       0
       1
       0
       1
       1
       0
       0
       1
       1
       0
       0
       1
       1
       0
       1
       1
       1
       1
       0
       1
       0
       0
       0
       0
       0
       0
       0
       0
       0
       1
       0
       0
       0
       1
       0
       0
       0
       0
       0
       1
       0
       0
       1
       0
       1
       2
       0
       0
       1
       0
       0
       1
       0
       2
       2
       0
       1
       1
       0
       1
       0
       0
       0
       0
       0
       0
       0
       0
       1
       1
       2
       0
       1
       1
       0
       0
       0
       1
       0
       2
       1
       0
       1
       1
       0
       1
       1
       0
       0
       0
       1
       1
       0
       0
       0
       0
       0
       0
       1
       1
       0
       0
       0
       0
       0
       0
       0
       0
       0
       0
       0
       1
       1
       0
       0
       0
       0
       1
       0
       1
       1
       0
       1
       0
       0
       0
       0
       0
       3
       1
       0
       1
       1
       0
       1
       2
       0
       1
       2
       0
       4
       2
       2
       4
       4
       8
       1
       6
       6
       7
      10
       6
      13
       9
       8
      12
      13
       8
      11
       4
      12
      16
       7
       6
       7
       4
       3
       3
       0
       2
       2
       3
       0
       0
       0
       1
       0
       1
       2
       1
       0
       1
       2
       0
       0
       0
       1
       0
       0
       0
       0
       0
       0
       0
       2
       0
       0
       2
       4
       1
       0
       0
       0
       1
       1
       0
       0
       2
       0
       0
       0
       0
       1
       0
       1
       1
       0
       0
       0
       2
       1
       0
       1
       0
       0
       0
       0
       0
       0
       0
       1
       0
       0
       1
       0
       1
       0
       1
       1
       0
       1
       0
       0
       0
       0
       0
       0
       2
       0
       1
       0
       1
       0
       1
       0
       0
       1
       0
       1
       0
       1
       0
       1
       1
       1
       0
       0
       0
       0
       0
       0
       1
       1
       0
       1
       0
       1
       0
       0
       0
       0
       0
       0
       0
       1
       1
       0
       1
       0
       1
       1
       1
       1
       0
       0
       0
       0
       0
       1
       0
       1
       0
       0
       0
       0
       1
       1
       0
       0
       0
       0
       0
       0
       0
       0
       1
       0
       2
       0
       1
       0
       0
       0
       0
       0
       0
       1
       0
       0
       1
       1
       0
       0
       0
       1
       0
       1
       1
       1
       0
       0
       0
       2
       0
       0
       0
       1
       0
       0
       1
       0
       0
       1
       1
       0
       0
       0
       1
       1
       1
       1
       1
       0
       0
       0
       0
       0
       1
       0
       0
       1
       0
       0
       0
       1
       1
       0
       0
       1
       0
       0
       0
       1
       0
       0
       0
       1
       2
       1
       0
       0
       0
       1
       0
       0
       0
       0
       1
       1
       1
       0
       0
       0
       1
       0
       0
       0
       1
       0
       1
       0
       1
       0
       1
       0
       0
       0
       0
       0
       0
       0
       1
       1
       0
       0
       1
       1
       1
       0
       0
       0
       1
       0
       0
       0
       1
       0
       0
       0
       1
       0
       0
       0
       0
       0
       0
       0
       1
       0
       0
       0
       0
       0
       0
       1
       1
       0
       0
       0
       0
       0
       0
       1
       0
       0
       1
       0
       1
       0
       0
       1
       1
       0
       1
       1
       1
       2
       0
       0
       0
       0
       0
       1
       0
       0
       0
       0
       0
       0
       0
       0
       0
       1
       0
       0
       0
       0
       0
       0
       0
       0
       0
       0
       0
       0
       0
       0
       0
       0
       0
       0
       0
       0
       0
       0
       0
       0
       0
       0
       0
       0
       0
       0
       0
       0
       0
       0
       0
       0
       0
       0
       0
       0
       0
       0
       0
       0
       0
       0
       0
       0
       0
       0
       0
       0
       0
       0
       0
       0
       0
       0
       0
       0
       0
       0
       0
       0
       0
       0
       0
       0
       0
       0
       0
       0
       0
       0
       0
       0
       0
       0
       0
       0
       0
       0
       0
       0
       0
       0
       0
       0
       0
       0
       0
       0
       0
       0
       0
       0
       0
       0
       0
       0
       0
       0
       0
       0
       0
       0
       0
       0
       0
       0
       0
       0
       0
       0
       0
       0
       0
       0
       0
       0
       0
       0
       0
       0
       0
       0
       0
       0
       0
$ROI:
1
4146 4168
$PRESETS:
Live Time
600
0
$ENER_FIT:
-1.504534 0.196418
$MCA_CAL:
3
-1.504534E+000 1.964177E-001 -1.544040E-007 keV
$SHAPE_CAL:
3
0.000000E+000 0.000000E+000 0.000000E+000
