$SPEC_ID:
HFNG Beamline
$SPEC_REM:
DET# 2
DETDESC# EasyMCA
AP# Maestro Version 7.01
$DATE_MEA:
06/22/2018 13:46:36
$MEAS_TIM:
600 603
$DATA:
0 8191
       0
       0
       0
       0
       0
       0
       0
       0
       0
       0
       0
       0
       0
       0
       0
       0
       0
       0
       0
       0
       0
       0
       0
       0
       0
       0
       0
       0
       0
       0
       0
       0
       0
       0
       0
       0
       0
       0
       0
       0
       0
       0
       0
       0
       0
       0
       0
       1
      94
     210
     173
     170
     162
     174
     181
     174
     163
     171
     177
     184
     185
     181
     201
     169
     177
     165
     187
     174
     181
     178
     152
     167
     182
     150
     161
     156
     165
     135
     181
     165
     159
     165
     155
     186
     183
     143
     145
     152
     159
     164
     133
     131
     166
     154
     137
     170
     141
     146
     134
     154
     133
     138
     155
     163
     127
     153
     132
     151
     130
     133
     143
     126
     141
     149
     118
     148
     135
     127
     116
     141
     129
     126
     144
     135
     131
     145
     132
     140
     126
     135
     150
     125
     115
     125
     122
     144
     141
     101
     128
     120
     124
     124
     137
     131
     137
      99
     116
     133
     134
     142
     108
     120
     118
     128
     121
     119
     123
     103
     119
     135
     152
     117
     132
     131
      98
     101
     112
     115
     119
     126
     107
     113
     106
     112
      97
     113
     126
     121
     124
     107
     113
      99
     132
     126
     102
     105
     118
     123
     105
     117
     114
     108
     121
     115
     110
     100
     112
      89
     105
     106
     105
     114
     130
     117
     106
     135
     115
      94
     105
      90
     114
     130
     120
      88
     107
     102
      97
     101
      86
      96
      86
     105
     105
      99
      82
     106
     125
     115
     118
      97
      95
     101
     114
     114
     106
     112
     134
     113
     120
     107
     101
     120
      96
      95
      97
     105
     125
      96
     107
     109
     105
     110
     113
     110
      94
      88
     106
     104
     110
      90
     109
      84
     111
     114
     113
     104
      98
     123
      88
     118
     115
      95
      96
     108
     122
     111
     113
      93
     113
      96
      87
      94
      91
     105
     101
     124
     106
      85
     106
     104
     100
      96
     112
     105
     110
      95
     138
      96
      89
     121
     102
      92
      99
     100
     101
      97
     121
      87
      92
      95
      97
      95
      97
     105
      99
     104
     116
      88
     109
      84
      93
     125
      94
     104
      77
      90
      92
     102
     116
      99
      91
     105
     110
     106
      97
      84
     111
      87
     105
      87
      88
      93
      94
      99
     104
      96
     107
      97
      96
     110
      97
     122
      94
     101
     113
     100
      97
      93
      99
     107
     110
     120
     108
     116
      94
      97
      99
     118
     114
     100
     106
     135
     184
     215
     220
     166
     166
     129
     115
     103
     110
     131
     169
     245
     315
     276
     279
     180
     137
     116
      93
     101
      88
     101
     100
      80
      99
      96
     108
     112
     111
     107
      86
      99
      92
      87
      82
      84
     105
      95
      85
      92
      93
      99
      99
      91
      98
      82
      97
      92
      94
     108
      90
      98
      76
      93
      87
     107
      85
      90
     107
     111
     119
     170
     168
     185
     192
     180
     144
     106
      99
      92
     100
      94
     104
     113
     105
     120
     106
     136
     112
     109
      94
      81
      88
      77
      82
      84
     103
      95
      95
     105
      80
      81
      86
      85
     102
      80
      84
      88
      86
      96
      85
      88
      87
      90
      97
     109
      82
      96
      75
      88
     101
      84
      78
      92
      96
      84
      98
      91
      79
      90
      75
      92
      95
     103
      89
      82
      88
      73
      91
      95
      84
     103
      91
      91
     110
      83
      87
      92
     102
     110
     100
      84
      89
      88
      91
      97
      92
      81
      86
      94
     102
      95
      90
      90
      81
      95
      87
      81
      96
      98
      78
      78
      84
      84
      95
     105
      74
      74
      89
      97
      89
      91
      87
      85
      94
      97
      96
      72
      85
      75
      82
      75
      91
      92
     102
     106
      97
     108
      80
     100
      91
      85
      76
      93
      87
      77
      91
      88
      83
      74
      93
      93
      75
      97
      93
      88
     101
      99
      75
      87
      86
      90
     112
      86
      90
      83
      81
      90
      91
      80
      76
     109
      71
     104
      95
      98
      99
      98
      91
     103
      94
      88
      91
      95
      95
      93
     100
      87
     100
      96
      88
     111
      91
     101
     108
     104
     104
      93
      94
      83
     108
     114
      83
      75
     105
      96
      72
      90
      95
      87
      88
      90
     101
      88
      90
     102
      81
      83
      91
      95
      83
      83
      79
      86
     101
     111
     103
     103
      88
     101
      92
      86
      99
     101
     102
      81
      90
     104
      94
      98
      91
     107
      99
      93
      85
      99
     102
      99
      93
     103
     103
     112
      80
      83
      93
      96
      91
     100
      81
      87
      94
      90
     107
     111
      95
     100
     108
     104
      99
      91
      93
      89
     112
     118
      99
      93
      91
      85
      79
      99
      88
     111
     112
     114
     115
     170
     274
     385
     437
     371
     293
     191
     121
      86
     101
     103
      89
      97
      88
     105
      81
      99
     103
      93
      96
      86
     104
      90
     108
      96
     103
      97
      92
      91
      88
      95
      98
     118
      99
      95
     107
      93
     108
     121
     107
     103
     102
     118
     104
     115
     114
     102
     131
     115
     121
     106
     119
      96
     111
     116
     104
     110
     109
     105
     113
     108
     107
     126
     127
      92
     119
     133
     105
     125
     103
     113
     117
     138
     117
     116
     130
      99
     121
     112
     112
     104
     119
     134
     126
     102
     104
     116
     132
     110
     109
     105
     107
     109
     119
     129
      98
     117
     118
     109
     108
     122
     106
      99
     124
     121
     108
     113
     105
     120
     107
     110
     121
     121
     129
     128
     114
     106
     117
     110
     127
     124
     112
     144
     115
     138
     132
     127
     106
     129
     110
     119
     119
     120
     106
     116
     121
     122
     103
     135
     131
     129
     108
     112
     106
     110
     115
     107
     112
     106
     121
     122
      99
     115
     102
      99
     106
     119
     119
     106
     102
      99
     122
     102
     119
     119
     116
      92
     110
     118
     119
     108
     122
     111
     108
     116
     123
     128
     108
     115
     138
     116
     116
     124
     125
     127
     109
     107
     127
     149
     136
     129
     109
     112
     115
     108
     124
     101
     110
     135
      96
     114
     117
     117
     120
     119
     108
     129
     116
     120
     121
     109
     123
     123
     136
     127
      99
     119
     119
     113
     123
     112
     104
     103
     114
     109
     124
     122
     111
     103
     126
     110
     103
     117
     115
     107
     122
     100
     122
     117
     131
     120
      98
     115
      94
     106
     133
     116
     126
     121
     133
     106
     123
     125
     118
     134
     107
      98
     103
     107
     123
      93
     117
     112
     108
     120
     121
     114
     104
     111
     114
     107
     121
     116
      98
     109
     110
     104
      90
     105
     103
      94
      95
      89
      99
      86
      85
     101
     107
     107
      82
      83
     104
      84
      88
      99
     102
      96
     117
      94
      94
      89
     117
      99
     101
     102
     106
      96
      97
     111
      89
      92
      89
      92
      95
      96
      79
      88
      78
      92
      84
      96
      96
      85
      90
      83
      79
      87
     104
      84
      95
      93
     106
      98
      83
      93
      82
      85
      72
      90
      80
      85
      97
      95
      86
     106
      87
      89
      88
      87
      87
      71
      86
      92
      80
     102
      75
      86
     101
      99
      91
      85
      79
      83
      87
      78
      93
      84
      67
      90
      66
      72
      97
     103
     104
      82
      86
      90
      86
      94
      74
      87
      86
      79
      79
      87
      93
     102
      76
      79
      93
      73
      86
      87
      87
     101
      82
      99
     112
      89
      89
      96
      92
     107
      90
      69
      97
      87
      84
      94
      89
      65
     100
     102
      77
      79
     102
      83
      70
      81
      84
      83
      78
      93
      81
      97
      83
      96
     100
      83
      78
      77
      81
      86
      88
      87
      91
      77
     106
      83
      93
      80
      85
      81
      77
      69
      70
      94
      71
      78
      90
      81
      97
      80
      75
      79
      66
      97
      89
      86
      88
      88
      73
      85
      83
     111
      82
      99
      73
      88
      77
      84
      74
      75
      80
      62
      84
     100
      80
      70
      89
      76
      95
      97
      85
      85
      68
      83
      85
      67
      82
      59
      71
      77
      72
      61
      79
      89
      75
      85
      67
      89
     102
      84
      83
      84
      64
      83
      70
      86
      74
      81
      76
      75
      73
      70
      75
      79
      75
      88
      74
      90
      75
      74
      90
      85
      98
      73
      85
      83
      77
      72
      67
      83
      79
      70
      77
      70
      66
      88
      74
      75
      74
      78
      86
      80
      77
      73
      83
      74
      66
      84
      65
      65
      81
      79
      61
      77
      80
      62
      63
      74
      68
      81
      89
      83
      81
      69
      87
      70
      63
      48
      79
      58
      80
      70
      62
      67
      70
      81
      81
      69
      47
      75
      82
      76
      52
      89
      52
      60
      80
      75
      85
      62
      63
      68
      58
      78
      55
      61
      69
      58
      60
      71
      76
      60
      58
      59
      48
      57
      60
      73
      64
      75
      59
      68
      70
      66
      59
      62
      68
      52
      64
      73
      52
      62
      64
      59
      64
      67
      59
      64
      66
      62
      57
      54
      58
      67
      73
      57
      62
      64
      62
      72
      65
      57
      59
      67
      64
      58
      56
      63
      69
      53
      65
      60
      53
      65
      62
      56
      48
      56
      59
      61
      62
      60
      63
      57
      60
      56
      50
      53
      66
      58
      47
      57
      52
      69
      52
      48
      61
      70
      53
      52
      56
      64
      53
      69
      62
      73
      66
      39
      43
      55
      52
      63
      55
      61
      54
      45
      46
      65
      64
      55
      50
      47
      53
      53
      46
      58
      48
      51
      49
      50
      53
      44
      56
      49
      51
      46
      72
      50
      68
      68
      63
      57
      49
      64
      55
      56
      52
      49
      49
      51
      47
      54
      58
      41
      55
      44
      53
      56
      54
      53
      53
      42
      59
      69
      59
      47
      57
      35
      53
      50
      41
      53
      54
      47
      48
      48
      50
      45
      50
      54
      56
      51
      54
      71
      52
      53
      52
      61
      57
      36
      42
      37
      55
      47
      52
      50
      41
      51
      46
      36
      43
      53
      50
      62
      45
      65
      62
      52
      41
      40
      49
      53
      43
      61
      44
      45
      52
      49
      45
      51
      54
      49
      47
      42
      47
      44
      48
      66
      47
      36
      53
      38
      67
      46
      49
      51
      55
      52
      49
      40
      50
      57
      46
      41
      45
      40
      43
      45
      54
      44
      62
      42
      47
      50
      37
      32
      45
      45
      48
      48
      42
      47
      49
      53
      51
      50
      58
      58
      57
      70
      47
      40
      50
      43
      44
      56
      34
      44
      46
      38
      42
      33
      36
      34
      36
      42
      55
      43
      53
      37
      44
      50
      40
      42
      51
      58
      44
      39
      41
      41
      42
      47
      55
      42
      42
      60
      43
      42
      36
      41
      45
      49
      37
      37
      45
      38
      34
      40
      54
      48
      39
      42
      41
      43
      33
      48
      54
      37
      53
      28
      45
      37
      43
      29
      51
      41
      43
      34
      45
      39
      36
      42
      33
      48
      47
      53
      59
      32
      39
      39
      36
      52
      37
      42
      47
      43
      50
      53
      49
      33
      36
      30
      36
      45
      48
      35
      46
      40
      35
      41
      43
      42
      52
      42
      50
      41
      30
      50
      38
      33
      49
      38
      38
      52
      42
      38
      43
      39
      48
      54
      49
      46
      55
      27
      40
      44
      39
      44
      51
      32
      36
      40
      54
      39
      44
      47
      53
      59
      57
      44
      38
      47
      46
      42
      40
      34
      49
      50
      62
      44
      53
      52
      61
      65
      68
      86
     110
     151
     218
     458
     646
    1171
    1709
    2384
    2959
    3024
    2959
    2196
    1571
     890
     416
     180
      75
      42
      35
      33
      28
      46
      27
      27
      27
      25
      31
      35
      31
      28
      24
      28
      23
      29
      27
      40
      32
      21
      26
      34
      22
      51
      34
      35
      29
      25
      29
      29
      28
      24
      31
      28
      45
      31
      24
      35
      27
      23
      33
      23
      24
      33
      31
      40
      26
      23
      23
      30
      27
      34
      18
      25
      23
      21
      20
      23
      30
      35
      35
      33
      30
      21
      29
      28
      25
      27
      32
      40
      35
      29
      26
      37
      21
      26
      20
      26
      32
      28
      23
      29
      38
      39
      30
      38
      49
      42
      54
      58
      67
      42
      45
      39
      43
      25
      25
      35
      25
      25
      28
      17
      24
      22
      26
      33
      28
      28
      26
      28
      24
      19
      26
      24
      29
      27
      37
      35
      23
      26
      28
      29
      23
      23
      22
      23
      21
      27
      30
      18
      34
      21
      18
      24
      34
      26
      29
      25
      28
      14
      32
      14
      21
      27
      30
      26
      27
      25
      27
      33
      23
      31
      24
      21
      34
      27
      25
      34
      20
      18
      29
      34
      29
      30
      16
      35
      20
      26
      25
      23
      30
      28
      20
      14
      38
      26
      31
      24
      23
      23
      22
      31
      25
      18
      29
      32
      29
      26
      17
      30
      24
      25
      24
      27
      19
      22
      28
      26
      21
      28
      32
      26
      19
      23
      24
      22
      31
      38
      26
      26
      29
      18
      31
      22
      24
      18
      25
      28
      38
      27
      31
      28
      30
      23
      26
      27
      26
      21
      26
      19
      24
      31
      22
      24
      30
      27
      16
      21
      15
      35
      25
      32
      22
      27
      22
      29
      15
      34
      27
      21
      30
      25
      26
      32
      17
      27
      21
      24
      26
      33
      20
      25
      23
      26
      18
      15
      20
      35
      43
      59
      73
     100
     123
     134
     194
     179
     175
     156
     142
      85
      50
      31
      31
      17
      20
      21
      30
      29
      16
      29
      23
      21
      31
      20
      29
      32
      15
      22
      27
      37
      24
      17
      22
      23
      17
      22
      18
      19
      18
      19
      28
      19
      23
      30
      30
      16
      21
      29
      27
      27
      31
      22
      18
      21
      24
      25
      29
      18
      19
      28
      21
      19
      17
      38
      33
      21
      26
      18
      23
      21
      29
      29
      30
      23
      24
      31
      17
      21
      23
      29
      17
      27
      28
      21
      19
      23
      19
      17
      22
      19
      22
      21
      15
      23
      35
      28
      25
      16
      27
      19
      26
      18
      27
      30
      35
      24
      18
      17
      25
      20
      24
      21
      25
      25
      28
      25
      23
      21
      21
      26
      26
      26
      36
      30
      46
      50
      71
     101
     152
     239
     349
     517
     657
     775
     890
     865
     789
     572
     414
     209
     116
      65
      26
      27
      27
      13
      14
      15
      23
      16
      21
      15
      18
      16
      21
      15
      22
      13
      23
      20
      15
      26
      23
      15
      24
      18
      19
      16
      22
      22
      19
      18
      20
      23
      29
      32
      15
      22
      13
      15
      21
      21
      18
      19
      26
      16
      19
      32
      19
      26
      22
      18
      32
      22
      22
      21
      26
      23
      28
       9
      26
      19
      20
      23
      20
      17
      24
      13
      24
      20
      21
      27
      20
      21
      33
      14
      18
      24
      17
      22
      24
      25
      26
      27
      29
      18
      20
      17
      28
      17
      20
      15
      21
      28
      17
      18
      22
      32
      19
      23
      28
      22
      21
      30
      14
      26
      25
      21
      23
      20
      16
      19
       9
      16
      16
      22
      13
      23
      24
      26
      22
      25
      20
      21
      26
      17
      24
      14
      18
      24
      26
      29
      29
      31
      10
      34
      16
      20
      27
      22
      21
      21
      21
      17
      16
      19
      22
      18
      15
      17
      20
      20
      22
      13
      26
      19
      21
      21
      15
      16
      23
      31
      24
      18
      25
      21
      15
      17
      13
      26
      17
      19
      17
      26
      14
      21
      19
      11
      26
      15
      11
      22
      20
      14
      20
      22
      27
      19
      30
      16
      17
      12
      18
      15
      19
      11
      24
      19
      18
      21
      16
      16
      20
      13
      22
      18
      20
      21
      22
      13
      16
      21
      20
      20
      18
      24
      15
      19
      23
      21
      18
      22
      14
      19
      25
      25
      30
      24
      24
      31
      36
      33
      38
      26
      32
      28
      32
      22
      26
      19
      17
      16
      17
      17
      17
      15
      16
      19
      15
      22
      19
      20
      19
      15
      23
      31
      17
      14
      13
      26
      20
      22
      20
      16
      25
      20
      20
      22
      28
      18
      25
      16
      16
      16
      29
      18
      14
      18
      17
      19
      24
      22
      17
      19
      14
      13
      18
      13
      16
      21
      23
      14
      22
      21
      24
      15
      20
      18
      13
      20
      16
      27
      15
      18
      23
      24
      11
      12
      15
      21
      17
      22
      14
      24
      20
      16
      20
      15
      19
      25
      20
      13
      15
      16
      25
      19
      16
      15
      18
      20
      15
      11
      23
      11
      21
      20
      16
      21
      22
      15
      11
      14
      26
      14
      29
      21
      29
      22
      17
      18
      20
      13
      19
      18
      27
      24
      21
      25
      17
      24
      18
      17
      24
      18
      20
      18
      14
      17
      27
      18
      22
      13
      15
      20
      25
      21
      13
      19
      17
      17
      20
      15
      23
      13
      18
      21
      14
      21
      19
      20
      14
      22
      29
      18
      25
      22
      16
      24
      12
      28
      25
      22
      18
      14
      12
      14
      18
      17
      27
      21
      15
      14
      18
      16
      20
      19
      20
      17
      25
      20
      20
      14
      19
      20
      12
      18
      17
      23
      22
      20
      13
      15
      20
      17
      24
      28
      26
      17
      20
      18
      18
      14
      18
       5
      14
      23
      25
      28
      17
      15
      13
      16
      22
      23
      17
      18
      22
      16
      23
      17
      20
      28
      23
      22
      24
      19
      25
      18
      32
      25
      27
      22
      31
      36
      38
      28
      34
      31
      22
      29
      32
      38
      22
      26
      22
      18
      17
      28
      17
      25
      22
      17
      20
      26
      17
      22
      24
      21
      22
      11
      22
      21
      19
      11
      16
      19
      24
      12
      15
      26
      21
      25
      15
      26
      19
      24
      21
      24
      20
      13
      11
      23
      17
      22
      20
      18
      17
      20
      19
      19
      18
      17
      17
      18
      15
      29
      17
      18
      19
      15
      16
      24
      26
      21
      19
      14
       9
      19
      16
      17
       8
      19
      28
      14
      18
      19
      20
      24
      17
      15
      22
      23
      13
      19
      28
      16
      17
      19
      17
      16
      15
      22
      25
      20
      25
      25
      18
      18
      16
      22
      16
      10
       9
      15
      18
      18
      13
      15
      13
      15
      16
      20
      18
      17
      17
      15
      30
      18
      16
      25
      21
      15
      23
      16
      20
      18
      20
      18
      13
      13
      14
      15
      17
      16
      16
      17
      17
       9
      28
      19
      25
      18
      18
      20
      18
      27
      20
      17
      16
      20
      24
      25
      21
      13
      17
      20
      10
      17
      23
      15
      18
      20
      14
      26
      21
      20
      21
      18
      23
      26
      31
      11
      21
      18
      23
      14
      28
      28
      26
      14
      18
      17
      24
      11
      20
      17
      14
      13
      18
      12
      22
      14
      24
      18
      21
      13
      15
      30
       8
      26
      18
      15
      15
      25
      24
      16
      16
      19
      21
      19
      21
      18
       9
      19
      12
      19
      17
      23
      14
      19
      13
      10
      25
      13
      22
      19
      16
      17
      26
      20
      22
      23
      16
      13
       8
      15
      27
      13
      16
      13
      20
      24
      21
      18
      27
      13
      35
      22
      22
      21
      11
      12
      19
      14
      31
      17
      19
      13
      22
      23
      17
      23
      14
      28
      10
      16
      14
      15
      14
      19
      22
      16
      22
      23
      22
      15
      21
      16
      19
      16
      16
      16
      23
      20
      13
      17
      18
      14
      21
      25
      21
      16
      16
      23
      16
      16
      17
      23
      20
      14
      14
      11
      14
      21
      17
      19
      26
      19
      18
      18
      12
      21
      20
      28
      16
      17
      21
      14
      13
      23
      13
      17
      19
      15
      18
      11
      20
      18
      21
       9
      25
      16
      15
      22
      16
      16
      23
      11
      20
      18
      21
      22
      23
      16
      15
      14
      21
      15
      22
      21
      17
      17
      18
      15
      27
      15
      24
      25
      21
      22
      17
      19
      18
      22
      17
      20
      21
      17
      11
      18
      20
      22
      21
      13
      21
      16
      21
      16
      23
      19
      15
      19
      24
      11
      22
      23
      21
       9
      20
      12
      17
      19
      12
      26
      18
      15
      23
      16
      19
      22
      21
      19
      25
      11
      17
      12
      18
      18
      12
      19
      17
      26
      24
      20
      22
      15
      15
      14
      23
      21
      13
      17
      23
      21
      25
      24
      18
      19
       8
      32
      20
      15
      18
      22
      20
      12
      17
      18
      20
      20
       8
      21
      29
      23
      27
      23
      16
      28
      23
      24
      18
      19
      25
      17
      21
      24
      14
       8
      25
      26
      15
      13
      21
      15
      21
      17
      15
      15
      20
      10
      16
      22
      19
      20
      23
      23
      12
      23
      20
      21
      16
      14
      15
      14
      25
      16
      19
      20
      22
      18
      14
      16
      19
      25
      27
      21
      14
      16
      12
      24
      20
      17
      18
      12
      21
      15
      13
      24
      18
      24
      15
      20
      12
      17
      12
      20
      14
      19
      19
      24
      12
      16
      15
      23
      12
      15
      20
      26
      20
      11
      16
      16
      15
      23
      23
      20
      23
      25
      15
      16
      11
      19
      25
      23
      17
      18
      19
      18
      14
      19
      22
      16
      16
      21
      16
      16
      16
      25
      20
      20
      13
      15
      24
      19
      14
      21
      16
      20
      11
      15
      13
      17
      22
      26
      25
      24
       9
      12
      15
      24
      14
      12
      20
      30
      20
      16
      11
      21
      17
      23
      13
       9
      14
      16
      19
      15
      23
      21
      27
      18
      16
      10
      25
      19
      21
      16
      16
      26
      15
       9
      23
      15
      24
      17
      17
      13
      20
      26
      16
      16
      17
      18
      11
      23
      22
      12
      22
      22
      16
      20
      16
      11
      19
      17
      22
      20
      14
      18
      15
      15
      25
      13
      16
      18
      21
      23
      15
       8
      16
      16
      15
      13
      16
      12
       8
      16
      22
      12
      20
      17
      14
      13
      20
       6
      17
      17
      14
      13
      11
       8
      14
      23
      25
      18
      22
      21
      22
      20
      21
      17
      19
      17
      13
      15
      17
      11
      15
      15
      17
      18
      17
      16
      14
      14
      16
      16
      11
       8
      15
      12
      19
      15
      12
      16
      17
       9
      15
      17
      20
      16
      21
      18
      22
      16
      13
      20
      12
      15
      17
      19
      10
      21
      19
      13
      17
      17
      17
      11
      18
      11
      19
      17
      18
      20
      16
      29
      22
      11
      15
      16
      13
      16
      15
      17
      12
      19
      18
      25
      13
      21
      19
      19
      14
      16
      14
      11
      23
      17
      17
      14
      23
      13
      22
      25
      25
      14
      21
      15
      15
      16
      17
      19
       9
      22
      20
      12
      14
      14
      15
      18
      14
      11
      23
      11
      13
      17
      17
      18
      15
      15
      21
      15
      17
      13
      18
      17
      14
      11
      12
      11
      14
      18
       9
      13
      13
      25
      24
      16
      22
      22
      11
      25
      13
      17
      20
      16
      24
      21
      20
      19
      18
       8
      21
      18
      23
      16
      16
      25
      14
      19
      13
      17
      24
      18
      11
      17
      16
      16
      11
      26
      16
      18
      13
      17
      22
      16
      20
      20
      17
      14
      25
      13
      18
      23
      23
      10
      18
      17
      24
      13
      15
      15
      22
      13
      15
      21
      11
      13
      18
      19
      15
       8
      13
      15
      15
      15
      11
      15
      22
      24
      10
      14
      13
      10
      11
      21
      15
      12
      22
      19
      22
      21
      16
      15
      20
      13
       9
      22
      13
      19
      12
      24
      23
      19
      15
      11
      14
      14
      21
      18
      18
      20
      16
      16
      19
      17
      20
      13
      19
      14
      24
      18
      16
      22
      16
      21
      17
      17
      16
      18
      19
      18
      24
      13
      15
      14
      17
      16
      22
      16
      20
      16
      16
      21
       9
      15
      20
      16
      12
      21
      11
      12
      25
      15
      19
      20
      24
      16
      17
      12
       8
      20
      15
      19
      20
      13
      29
      12
      14
      12
      13
      19
      20
      18
      21
      10
      21
      14
      12
      12
      15
      12
      14
      12
      16
      14
      15
      10
      15
      16
      22
      24
      13
      14
      20
      18
      17
      19
      20
      19
      13
      14
      22
       9
      20
      12
      14
      14
      10
      17
      15
      15
      17
      19
      16
      23
      11
      11
      14
      14
      15
      17
      16
      10
      17
      19
      14
      11
      20
      12
      17
      16
      17
      18
      18
      13
      18
      16
      17
      16
      11
      22
      15
      19
      17
      22
      25
      17
      25
      22
      10
      13
      14
      15
      20
      21
      16
      15
      19
      12
      17
      19
      15
      19
      16
       8
      20
       9
      23
      17
      17
      19
      17
      17
      21
      19
      10
      15
      21
      19
      16
      14
      14
      15
      16
      11
      14
      18
      11
      28
      16
      18
      13
      13
      16
      13
      15
       8
      20
      20
      16
      17
      22
      16
      12
      19
      21
      10
      12
      16
      21
       8
      16
      15
      19
      22
      11
      14
      26
      12
      15
      15
      19
      22
      17
      19
      21
      20
      22
      22
       5
      14
      17
       8
      19
      17
      21
      18
      13
      21
      21
      16
      20
      17
      19
      18
      25
      19
      12
      16
      13
      12
      14
      12
      16
      17
      18
      14
      22
      14
      10
      10
      14
      16
      18
      16
      13
       9
      24
      21
      18
      14
      13
      11
      17
      25
      12
      22
      20
      17
      17
      15
      19
      17
      16
      18
      11
      16
      12
      18
      14
      18
      12
      25
      14
      17
      20
      19
      12
      16
      15
      13
      14
      14
      17
      21
      17
      19
      13
      20
       9
      19
      11
      10
      15
      18
      14
      13
      20
      22
      17
      13
      18
      18
      18
      17
      10
      12
      15
      20
      12
      19
      16
      12
      25
      12
      23
      14
      14
      17
      21
      17
      16
      17
      16
      16
      21
      12
      17
      16
      22
      15
      25
      19
       9
      17
      23
      22
      12
      19
      12
      24
      17
      23
      14
      14
      15
      23
      17
      17
      13
      19
      20
      23
      13
      13
      27
      17
      20
      17
      23
      18
      18
      20
      21
      17
      15
      18
      18
      14
      21
      24
      24
      20
      10
      13
      16
      15
      28
      17
      19
      15
       7
      24
      18
      27
      15
      14
       8
      13
      13
      23
      12
      23
      10
      13
      15
      19
      12
      11
      17
      23
      18
      27
      25
      21
      20
      19
      12
      13
      12
      22
      20
      18
      19
      18
      20
      17
      21
      10
      23
      13
      20
      19
      14
       9
      21
      23
      14
      28
      19
      21
      25
      13
      17
      11
      18
      15
      27
      15
      17
      15
      17
      14
      18
      12
      19
      29
      15
      13
      12
      16
      21
      14
      17
      14
      25
      16
      17
      13
      16
      23
      17
      17
      26
      17
      21
      17
      11
      25
      14
      17
      20
      19
      14
      23
      17
      19
      17
      18
      24
      22
      16
      16
      13
      14
      14
      18
      10
      13
      19
      20
      16
      16
      25
      20
      22
      23
      20
      12
      22
      14
      15
      16
      14
      24
      21
      13
      13
      21
      20
      16
      16
      17
      15
      11
      15
      17
      18
      26
      16
      20
      15
      18
      23
      13
      20
      23
      17
      11
      20
      21
      22
      25
      17
      20
      22
      18
      14
      15
      22
      31
      23
      25
      16
      19
       9
      17
       8
      21
      16
      16
      21
      19
      22
      14
      11
      20
      22
      21
      16
      23
      17
      20
      19
      21
      15
      21
      13
      18
      20
      22
       9
      19
      18
      13
      15
      17
      17
      19
      16
      23
      14
      23
      20
      20
      15
      22
      24
      23
      22
      20
      18
      15
      17
      19
      10
      19
      12
      11
      17
      20
      15
      19
      14
      14
      20
      20
      18
      23
      18
      16
      18
      22
      20
      19
      25
      15
      19
      13
      20
      21
      27
      22
      19
      26
      23
       8
      11
      20
      25
      21
      30
      23
      22
      20
      21
      23
      14
      26
      29
      15
      20
      32
      39
      47
      46
      91
      79
      85
      94
     134
     132
     147
     114
     147
     130
     108
      97
      60
      65
      47
      25
      22
      16
      17
      17
      22
      18
      20
      13
      18
      19
      22
      18
      17
      15
      18
      19
      19
      22
      22
      19
      20
      18
      20
      21
      17
      19
      15
      18
      25
      19
      19
      17
      22
      27
      22
      28
      19
      20
      18
      20
      24
      15
      20
      23
      20
      18
      20
      19
      20
      16
      12
      19
      18
      21
      20
      20
      17
      16
      19
      31
      26
      20
      19
      26
      22
      16
      19
      19
      16
      20
      23
      14
      15
      21
      15
      31
      15
      20
      19
      21
      28
      25
      22
      13
      19
      30
      16
      29
      23
      21
      20
      22
      27
      28
      24
      20
      27
      22
      23
      17
      21
      19
      14
      17
      17
      22
      27
      17
      21
      23
      14
      28
      18
      24
      25
      25
      26
      23
      16
      30
      19
      18
      23
      17
      27
      20
      21
      17
      24
      23
      25
      26
      13
      19
      22
      15
      17
      17
      14
      27
      28
      19
      19
      17
      17
      25
      18
      20
      20
      21
      23
      22
      19
      26
      20
      19
      23
      15
      27
      14
      26
      25
      22
      17
      20
      23
      19
      16
      17
      18
      16
      21
      23
      25
      17
      35
      17
      21
      30
      14
      30
      15
      19
      23
      21
      29
      15
      24
      18
      21
      17
      19
      24
      30
      28
      23
      24
      29
      17
      15
      22
      23
      23
      20
      23
      26
      15
      28
      30
      18
      18
      26
      25
      20
      26
      17
      16
      24
      20
      14
      18
      23
      21
      32
      20
      24
      14
      24
      20
      11
      20
      27
      21
      23
      25
      18
      14
      24
      26
      21
      20
      17
      22
      17
      28
      21
      19
      30
      12
      25
      22
      25
      21
      18
      20
      23
      24
      25
      26
      21
      26
      22
      14
      21
      17
      19
      28
      17
      14
      25
      29
      16
      25
      13
      25
      24
      20
      29
      19
      15
      18
      15
      29
      26
      27
      26
      24
      22
      20
      21
      27
      20
      21
      21
      23
      24
      30
      20
      16
      24
      23
      14
      24
      26
      24
      21
      24
      23
      17
      24
      22
      17
      30
      25
      23
      24
      20
      29
      18
      22
      25
      23
      31
      17
      19
      18
      17
      14
      23
      26
      14
      21
      19
      18
      29
      23
      17
      26
      13
      21
      24
      18
      24
      18
      18
      21
      22
      19
      20
      19
      29
      25
      22
       9
      20
      19
      26
      26
      21
      21
      18
      22
      22
      13
      27
      17
      20
      30
      19
      27
      18
      22
      17
      18
      13
      17
      19
      20
      21
      14
      17
      17
      18
      17
      19
      20
      17
      18
      20
      29
      16
      12
       9
      18
      19
      17
      12
      14
      20
      20
      22
      21
      14
      24
      18
      19
      11
       7
      21
      18
      15
      13
      14
      13
      19
      16
      18
      19
      26
      11
      17
      13
      21
      18
      11
      14
      17
      21
      20
      20
      11
      20
      19
      10
      16
      20
      15
      17
      24
       8
      16
      12
      20
      15
      12
      15
      17
      13
      17
      15
      27
      31
      17
      12
      15
      12
      14
      11
      18
      18
      19
      16
      15
      11
      10
      20
      19
      19
      12
      16
      14
      17
      13
      11
      10
      21
      15
       9
      17
      22
      16
      18
      18
      22
      13
      17
      25
      21
      17
      17
      17
      22
      16
      14
      15
      20
      20
      14
      21
      10
      17
      17
      20
      18
      15
      19
      22
      12
      11
      17
      16
      13
      17
      11
      17
      13
      13
      14
      14
      16
      20
      22
      15
      15
      12
      20
      19
      14
       8
      12
       9
      17
      19
      19
      10
      21
      15
      14
      12
      18
      12
      16
      13
      16
      17
      19
      25
      21
      16
      14
      11
      22
      17
      17
      14
      13
      14
      22
      12
      21
      15
      16
      13
      10
      20
      14
      14
      18
       9
      18
       6
      25
      16
      24
      21
      13
      15
      12
      14
      18
      15
       9
      13
      12
      19
      20
      15
      11
      15
      13
      17
      13
      16
      12
      13
      21
      13
      13
      11
      22
      11
      14
      18
      21
      16
      13
      13
      21
      13
      16
      13
       9
      20
      14
      14
      18
      12
       9
      12
      15
      16
      12
      13
      20
      18
      13
      21
      16
      18
      17
      20
      12
      22
      13
      21
      16
      16
      15
      11
      18
      13
      13
      14
      20
      10
      14
      11
      14
      15
      23
      16
      13
      18
      19
      18
      16
      19
      12
      22
      13
      12
      22
      18
      22
      14
      16
      15
      13
      14
      15
      12
      27
      12
      15
      15
      20
      17
      13
      15
       8
      15
      15
      21
      16
      25
      19
      17
      15
      13
      14
      15
      18
      10
      16
      12
       8
       8
      15
      21
      13
      13
       9
       6
      14
      12
      16
      17
      15
      13
      17
      22
      10
      14
      15
      15
      21
      14
      10
      16
      11
      12
      17
      15
      12
      13
      11
      20
      17
      13
      16
      18
      17
      16
      14
      17
      17
      10
      15
      29
      22
      13
      26
      15
      15
      19
      15
      19
      10
      21
      13
      12
      23
       8
      20
       8
      18
      18
      15
      16
      22
      10
      21
      18
       9
      17
      15
      16
      14
       7
      23
      11
      14
      18
      18
       9
      15
      18
      16
      27
      17
      15
      19
      20
      20
      25
      13
      16
      22
      25
      11
      18
      11
       7
       9
      20
      10
      15
      16
      16
      21
      12
      22
      12
      12
      14
      12
      21
      15
      13
      14
      13
      13
      11
       8
      16
      21
      17
      11
      16
      10
      12
      17
      17
      20
      11
      17
      14
      15
      12
      12
      17
      18
      18
      14
      15
       9
      18
      22
      15
      14
      13
      19
      17
      18
      24
      11
      13
      15
      15
      10
      15
      15
      17
      18
      22
      17
      11
      16
      12
      14
      10
      15
      12
      15
      14
      18
      10
      14
      20
      14
       7
      14
      14
      15
      10
      18
      15
      22
      10
      14
      13
      18
      19
      11
      13
      13
      21
      13
      13
      10
       7
      21
      15
      15
      16
      13
      15
      23
       7
      15
       9
      21
      15
      16
      22
      22
      17
      16
       9
      18
      15
      14
      18
      10
      11
      16
      19
      11
      14
      15
      12
      19
      15
      14
      11
      10
       7
      13
      13
      15
      14
      16
      10
      12
      16
       9
      10
      18
      15
      13
       8
      13
      22
      15
      17
      16
      12
      16
      17
      16
      25
      14
      10
      10
      14
      24
      19
       7
      15
      14
      16
      12
      13
      23
      15
      16
      14
      12
      22
      15
      12
      20
      10
      17
      13
       8
      11
      20
      21
      10
      16
      16
      19
       8
       7
      12
      23
      12
      15
      13
      10
      15
      20
      16
      13
      10
      20
      15
      16
      14
      17
      12
      10
      10
      15
      18
      16
      15
      20
      18
      14
      12
      18
      14
      23
      11
      15
      14
      19
      10
      13
      17
      14
      20
      13
      20
       8
      16
      15
      19
      13
      13
      20
      10
      14
      17
      14
      20
      20
      23
      15
      15
      18
      18
      16
       9
      20
      15
      17
      10
      10
      13
      20
      13
      17
      21
      17
      16
      14
      14
      15
      12
      13
      31
      24
      18
      15
      15
       8
      19
      15
      21
      16
      17
      12
      16
      16
       9
      14
      20
      11
      13
      13
      19
      13
      14
      13
      17
      28
      18
      17
      17
      20
      10
      17
      18
      15
      12
      24
      15
      18
      14
      20
      23
      11
      22
      16
      18
       9
      15
      18
       9
      14
      16
      27
      15
      18
      20
      13
      16
      17
      27
      17
      10
      18
      19
      14
      18
      16
      23
      12
      16
      15
      20
      22
      22
      18
      19
      17
      14
      15
      21
      17
      18
      20
      10
      17
      18
      29
      11
      14
      14
      18
      16
      19
      16
      17
      16
      20
      18
      17
      14
      23
      22
      21
      15
      15
      29
      23
      14
      21
      16
      16
      21
      22
      13
      15
      23
      18
      15
      24
      16
      20
      22
      20
      24
      15
      23
      13
      24
      15
      11
      19
      27
      16
      19
      21
      23
      18
      18
      23
      12
      21
      12
      25
      12
      20
      18
      33
      18
      19
      15
      21
      16
      14
      22
      18
      21
      16
      22
      15
      18
      20
      17
      20
      20
      22
      22
      23
      16
      20
      22
      15
      19
      28
      27
      26
      18
      22
      15
      23
      17
      26
      12
      16
      18
      17
      19
      14
      13
      24
      20
      17
      23
      22
      18
      18
      16
      20
      24
      24
      23
      20
      18
      27
      16
      20
      23
      27
      17
      19
      15
      20
      21
      22
      22
      20
      15
      21
      17
      20
      16
      14
      16
      16
      16
      23
      25
      18
      23
      24
      16
      19
      17
      27
      15
      16
      17
      11
      24
      12
      20
      18
      21
      19
      20
      12
      18
      26
      20
      17
      13
      23
      20
      12
      15
      16
      17
      21
      20
      18
      16
      13
       8
      20
      17
      12
      14
      10
      16
      15
      18
      20
      20
      13
      11
      16
      23
      13
      18
      14
      15
      22
       8
      17
      11
       6
      10
      13
      11
      11
      18
      12
      15
      20
      10
      13
      17
       8
      20
      14
      11
      14
      12
       9
      19
      13
      13
      10
      13
      14
      18
      17
      20
      19
      23
      19
      22
      15
      29
       9
      20
      18
      20
      21
      12
      19
      19
      17
      14
       7
      14
      23
       9
       5
      25
      17
      21
      29
      23
      27
      25
      26
      42
      39
      56
      63
      74
     108
     120
     148
     200
     218
     250
     287
     352
     338
     362
     334
     325
     329
     293
     273
     218
     194
     152
     125
      90
      57
      33
      18
      16
      17
      12
      17
       8
       6
       9
      13
       7
       9
       8
       6
       8
      13
      14
      13
      13
       8
       8
      13
      10
      16
      10
       9
       9
       6
      12
      12
      15
      11
       8
      13
      12
       7
       9
       9
      13
       7
      11
      11
       8
      14
      10
      11
      11
      11
       7
       4
      13
      12
      14
       6
       7
       9
      10
      10
       7
       4
       7
      10
      10
       5
       7
       5
       9
      10
       5
       5
       7
       8
       6
       9
       8
       8
       8
      14
      12
      10
       8
       9
      11
       8
       7
       7
       6
       7
       5
       9
      13
       9
       7
      11
      10
       8
       9
      10
       9
      11
      10
       9
       8
       9
      10
       6
      11
       6
       6
      11
      13
      11
      10
      10
       9
       8
      10
       8
       9
      11
      11
      11
       6
       7
      10
       6
      11
       8
      16
      19
       3
      13
       4
      12
       8
       9
      12
       8
      11
      13
       5
       9
      10
       8
       7
       9
       8
       8
      10
      11
      10
      14
      11
       6
       6
       5
       9
      10
       4
      16
       6
       6
       7
       6
      13
       8
      10
       8
      10
      12
      13
       3
       8
       6
       6
      12
      10
       9
      13
       1
       5
      11
      10
       6
       5
       3
       5
       8
       4
       7
       7
       8
       7
      17
       8
      14
       7
       7
       7
       9
       8
       5
       7
       6
       9
       7
      13
       8
       9
       5
       5
       5
      10
      14
      12
       4
      14
       6
       7
       4
      10
       2
       5
       8
       5
       8
      10
      10
       4
       7
       5
       6
       8
       3
       9
       6
      13
       9
       6
       7
       5
       7
       6
       7
       5
       7
       6
       5
      11
       6
       5
      12
       6
       9
      10
       6
       6
       8
       3
      10
       6
       5
       9
       7
       7
       4
       9
       8
       8
       6
       5
       5
      10
      10
       6
       5
       9
       7
       2
       7
       6
       6
       4
      10
       5
       4
       7
       8
       7
       5
       7
       7
       5
       7
       5
       6
       9
      11
      12
       4
       7
       6
       7
       2
       4
       6
       4
       9
      11
       8
       9
       9
       8
       7
      12
       3
       8
       3
      13
       7
      10
       7
       5
       5
       8
       8
       8
       4
       5
       7
       8
       6
       7
       9
       9
       3
      11
       2
       4
       7
      12
       8
       6
       5
       4
       4
       6
       4
       7
       3
       6
       5
      11
       5
       4
       2
       3
       2
       2
       7
       5
       4
       6
       8
       7
       5
       8
       9
       2
       4
       4
       9
       9
       5
      11
       7
       5
       5
      10
       9
       2
       5
       4
       6
       6
       5
       2
       7
       2
       5
       5
       3
       3
       9
       2
       4
       4
       7
       5
       5
       4
       8
       3
       4
       9
       6
       4
       4
       6
       8
       3
       5
       4
       5
       9
       8
       4
       3
       4
       3
       6
       0
       9
       6
       3
       5
       5
       4
       8
       4
       7
       6
       2
       3
       3
       7
       6
       5
       3
       2
       4
       3
       7
       6
       5
       9
       4
       4
       5
       4
       7
       4
       5
       5
       4
       6
       3
      11
       3
       4
       0
       4
       3
       2
       2
       4
       4
       3
       3
       2
       6
       1
       7
       6
       4
       3
       5
       3
      10
       4
       2
       2
       4
      11
       1
       5
       6
       4
       3
       4
       3
       5
       2
       4
       5
       6
       2
       1
       2
       4
       5
       0
       6
       3
       2
       8
       4
       6
       4
       7
       6
       4
       0
       9
       4
       3
      12
       7
       3
       1
       2
       5
       2
       5
       6
       7
       4
       3
       2
       2
       2
       3
       1
       9
       4
       5
       5
       4
       5
       5
       8
       3
       2
       6
       4
       5
       2
       6
       4
       4
       4
       3
       5
       3
       4
       5
       5
       2
       2
       4
       3
       2
       4
       5
       4
       4
       2
       3
       4
       6
       2
       5
       1
       5
       5
       2
       5
       3
       2
       2
       3
       2
       2
       5
       6
       6
       3
       5
       3
       6
       6
       4
       4
       5
       4
       3
       4
       3
       4
       2
       3
       2
       5
       1
       3
       2
       2
       7
       2
       4
       8
       4
       1
       2
       1
       4
       7
       6
       1
       6
       5
       4
       5
       1
       3
       1
       6
       8
       4
       3
       3
       5
       4
       3
       3
       6
       5
       2
       3
       4
       3
       5
       3
       1
       6
       4
       4
       7
       6
       3
       6
       2
       6
       3
       4
       6
       3
       1
       0
       7
       6
       5
       4
       4
       1
       2
       2
       2
       4
       4
       5
       2
       6
       3
       6
       5
       3
       4
       4
       8
       3
       2
       8
       4
       4
       5
       3
       9
       4
       5
       1
       3
       8
       3
       4
       6
       6
       4
       2
       6
       4
       4
       5
       4
       4
       6
       3
       5
       3
       5
       6
       2
       7
       3
       2
       7
       3
       0
       5
       2
       4
       4
       4
       9
       1
       4
       2
       7
       3
       3
       5
       5
       6
       2
       2
       3
       4
       2
       1
       6
       1
       1
       1
       4
       9
       3
       9
       3
       1
       4
       3
       4
       4
       4
       4
       6
       5
       1
       3
       3
       4
       7
       2
       4
       2
      10
       4
       7
       7
       3
       3
       4
       6
       3
       6
       4
       3
       5
       5
       2
       0
       4
       2
       6
       2
       8
       7
       4
       5
       8
       5
       6
       7
       3
       4
       3
       6
       3
       7
       6
       3
       4
       5
       8
       4
       7
       2
       3
       5
       3
       3
       7
       2
       2
       5
       6
       2
       3
       4
       3
       2
       6
       3
       5
       4
       2
       6
       3
       1
       4
       5
       1
       6
       4
       5
       6
       5
       8
       3
       4
       3
       7
       2
       4
       6
       2
       3
       3
       5
       2
       2
       2
       6
       5
       9
       5
       5
       6
       6
       5
       4
       5
      12
       9
       4
       3
       1
       2
       2
       7
       5
       7
       5
       2
       5
       4
       2
       7
       5
       2
       7
       4
       3
       3
       5
       4
       2
       4
       3
       3
       6
       8
       5
       5
       3
       2
       4
       4
       3
       4
       2
       6
       4
       3
       5
       3
       5
       2
       6
       5
       2
       5
       3
       9
       4
       2
       3
       2
       4
       4
       9
       8
       6
      12
       4
       9
       3
       5
      10
       2
       4
       6
       8
       3
       5
       5
       3
       5
       2
       3
       7
       6
       8
       9
       4
       5
       8
       4
       2
       2
       7
       3
       3
       6
       5
       8
       6
       5
       8
       6
       4
       3
       7
       4
       5
       4
       4
       9
       7
      10
      12
      12
       4
      16
      16
      19
      16
      20
      32
      42
      51
      58
      74
     106
     110
     171
     160
     194
     249
     245
     316
     318
     319
     353
     336
     356
     344
     348
     295
     300
     283
     233
     171
     142
     104
      61
      39
      26
      16
      14
       2
       4
       4
       2
       2
       4
       1
       1
       3
       3
       3
       3
       0
       1
       7
       1
       3
       2
       1
       1
       4
       2
       4
       3
       2
       1
       3
       3
       2
       3
       3
       1
       2
       3
       4
       1
       0
       4
       1
       0
       2
       5
       1
       4
       0
       1
       4
       2
       4
       2
       2
       2
       1
       4
       2
       3
       5
       3
       3
       1
       3
       1
       1
       2
       2
       6
       2
       0
       5
       2
       1
       4
       4
       4
       3
       1
       1
       3
       3
       2
       3
       3
       1
       4
       1
       4
       3
       3
       1
       4
       2
       1
       4
       3
       3
       2
       3
       2
       3
       2
       1
       3
       0
       3
       2
       4
       2
       1
       3
       4
       1
       4
       1
       4
       1
       0
       3
       0
       1
       3
       3
       4
       1
       0
       2
       3
       3
       1
       4
       2
       2
       3
       3
       1
       1
       2
       3
       3
       4
       2
       2
       3
       1
       1
       2
       2
       3
       3
       1
       2
       3
       4
       2
       1
       3
       3
       1
       3
       2
       0
       2
       4
       4
       2
       1
       1
       3
       1
       2
       5
       3
       1
       0
       3
       2
       4
       2
       2
       1
       0
       1
       0
       0
       1
       2
       3
       2
       1
       5
       2
       1
       4
       3
       0
       3
       1
       3
       1
       1
       2
       4
       1
       0
       1
       6
       2
       2
       3
       3
       2
       0
       1
       5
       2
       3
       1
       3
       0
       2
       3
       5
       3
       1
       2
       1
       2
       4
       2
       1
       2
       3
       1
       1
       0
       2
       1
       3
       2
       2
       3
       3
       0
       1
       0
       1
       1
       0
       1
       5
       5
       0
       3
       1
       1
       1
       1
       0
       0
       2
       1
       0
       3
       4
       1
       3
       1
       2
       2
       2
       2
       4
       1
       1
       3
       3
       0
       2
       0
       0
       1
       3
       1
       3
       1
       2
       2
       3
       1
       3
       3
       1
       0
       1
       2
       2
       2
       2
       0
       1
       2
       3
       0
       5
       3
       2
       4
       3
       1
       3
       3
       0
       1
       2
       4
       5
       0
       1
       1
       3
       2
       2
       2
       1
       0
       2
       0
       1
       1
       3
       3
       0
       2
       3
       1
       2
       2
       0
       0
       5
       1
       2
       0
       4
       3
       1
       2
       2
       4
       2
       1
       3
       2
       2
       2
       1
       1
       4
       3
       1
       4
       5
       0
       2
       1
       5
       0
       0
       2
       2
       4
       1
       3
       4
       3
       1
       2
       5
       2
       0
       1
       3
       0
       3
       1
       0
       3
       2
       0
       3
       4
       1
       1
       1
       1
       1
       5
       3
       3
       1
       2
       1
       0
       1
       1
       3
       2
       0
       2
       1
       2
       1
       0
       2
       1
       1
       3
       1
       2
       1
       0
       1
       1
       0
       0
       1
       0
       3
       2
       2
       1
       2
       2
       2
       0
       0
       3
       3
       2
       2
       1
       1
       0
       2
       2
       0
       2
       1
       1
       2
       2
       2
       1
       2
       3
       0
       2
       1
       1
       0
       0
       4
       1
       2
       3
       2
       1
       0
       2
       3
       0
       1
       4
       3
       3
       1
       1
       0
       2
       4
       0
       1
       6
       2
       0
       3
       0
       3
       0
       2
       1
       1
       3
       2
       3
       2
       4
       2
       1
       3
       3
       1
       1
       0
       1
       0
       3
       1
       3
       3
       2
       0
       2
       1
       1
       2
       0
       3
       1
       5
       1
       0
       1
       3
       4
       2
       3
       2
       3
       2
       4
       0
       1
       1
       3
       1
       3
       3
       0
       2
       1
       1
       3
       2
       0
       1
       3
       0
       2
       1
       1
       3
       1
       1
       2
       3
       0
       3
       1
       1
       2
       4
       1
       0
       3
       1
       2
       0
       2
       3
       4
       2
       0
       1
       1
       1
       1
       3
       2
       2
       2
       1
       1
       2
       0
       6
       0
       0
       1
       2
       0
       0
       2
       3
       5
       0
       1
       1
       2
       1
       2
       2
       1
       1
       2
       2
       0
       2
       2
       1
       0
       1
       0
       1
       3
       1
       5
       2
       3
       2
       0
       0
       3
       2
       1
       0
       0
       2
       3
       1
       2
       2
       0
       3
       1
       2
       0
       1
       4
       1
       1
       0
       1
       2
       1
       2
       0
       1
       2
       1
       2
       0
       0
       1
       3
       1
       0
       1
       0
       0
       0
       1
       0
       1
       0
       1
       2
       2
       2
       2
       1
       3
       4
       4
       4
       0
       2
       1
       7
       0
       0
       2
       2
       1
       0
       2
       0
       0
       3
       4
       2
       8
       0
       1
       2
       4
       1
       4
       2
       2
       1
       2
       2
       3
       4
       1
       2
       2
       1
       0
       0
       1
       4
       1
       0
       1
       3
       2
       1
       0
       0
       1
       1
       2
       0
       0
       1
       2
       1
       0
       2
       3
       0
       0
       1
       0
       4
       1
       1
       2
       3
       2
       5
       2
       0
       2
       2
       1
       4
       2
       0
       1
       3
       5
       3
       2
       0
       1
       1
       1
       1
       1
       2
       3
       1
       2
       1
       1
       2
       4
       0
       4
       1
       2
       2
       4
       2
       2
       1
       5
       3
       0
       2
       3
       2
       2
       2
       0
       1
       0
       4
       4
       1
       3
       1
       3
       2
       1
       1
       0
       2
       0
       2
       1
       6
       2
       1
       2
       0
       2
       1
       7
       3
       3
       1
       2
       1
       1
       2
       4
       1
       1
       5
       0
       0
       0
       4
       1
       0
       0
       3
       1
       4
       2
       4
       3
       2
       0
       3
       2
       1
       1
       2
       3
       3
       2
       3
       1
       1
       3
       1
       0
       1
       1
       2
       0
       3
       0
       2
       1
       3
       0
       1
       2
       0
       2
       1
       2
       3
       0
       1
       2
       1
       0
       4
       0
       1
       0
       3
       0
       1
       4
       3
       3
       3
       2
       1
       0
       2
       0
       1
       1
       3
       1
       0
       1
       1
       3
       2
       2
       2
       1
       0
       2
       2
       3
       1
       1
       2
       3
       1
       1
       3
       0
       3
       1
       2
       3
       3
       3
       2
       1
       0
       2
       2
       0
       3
       3
       2
       1
       1
       0
       0
       1
       6
       2
       1
       0
       5
       2
       1
       2
       1
       1
       2
       0
       3
       1
       4
       2
       2
       1
       2
       2
       0
       1
       2
       2
       1
       2
       0
       1
       0
       2
       0
       1
       2
       1
       0
       0
       0
       2
       1
       2
       3
       0
       2
       2
       0
       0
       2
       0
       1
       2
       0
       1
       1
       1
       2
       2
       1
       4
       1
       1
       2
       1
       2
       1
       3
       3
       2
       0
       2
       1
       0
       0
       0
       2
       3
       2
       7
       2
       1
       0
       1
       0
       2
       3
       3
       0
       3
       2
       0
       1
       1
       1
       3
       0
       1
       2
       0
       0
       2
       0
       4
       0
       0
       1
       0
       0
       1
       3
       6
       0
       1
       2
       4
       1
       1
       2
       1
       5
       2
       2
       2
       3
       1
       0
       2
       3
       6
       4
       2
       3
       5
       3
       8
       9
       7
       5
      10
      18
      17
      20
      19
      19
      24
      33
      41
      36
      31
      34
      32
      32
      34
      39
      28
      25
      24
      15
      19
      15
       8
       9
       4
       2
       5
       3
       4
       3
       1
       0
       0
       2
       1
       0
       0
       4
       1
       2
       2
       4
       2
       0
       1
       2
       1
       1
       2
       0
       1
       0
       6
       2
       3
       3
       1
       2
       2
       2
       2
       2
       0
       1
       0
       0
       1
       1
       0
       3
       0
       2
       1
       1
       0
       3
       1
       1
       1
       2
       1
       2
       2
       1
       0
       2
       0
       0
       1
       3
       2
       2
       1
       2
       1
       2
       1
       0
       2
       2
       3
       1
       2
       1
       1
       1
       3
       1
       0
       2
       2
       1
       1
       1
       1
       3
       1
       0
       0
       2
       1
       1
       1
       0
       0
       1
       2
       2
       3
       1
       1
       1
       0
       1
       0
       0
       5
       2
       2
       0
       2
       2
       0
       2
       1
       1
       2
       2
       0
       1
       1
       1
       4
       1
       0
       1
       3
       0
       1
       1
       0
       1
       3
       1
       2
       2
       2
       1
       0
       0
       0
       0
       3
       2
       0
       0
       1
       1
       1
       1
       3
       3
       1
       1
       1
       0
       0
       2
       1
       0
       1
       0
       0
       1
       1
       1
       2
       2
       1
       1
       1
       1
       2
       0
       3
       1
       1
       1
       1
       2
       1
       0
       1
       1
       4
       0
       2
       3
       1
       1
       2
       3
       2
       2
       2
       1
       2
       0
       0
       1
       0
       0
       2
       1
       1
       1
       3
       1
       2
       3
       1
       3
       1
       4
       1
       1
       0
       2
       1
       1
       2
       2
       2
       1
       1
       1
       0
       2
       3
       0
       1
       2
       2
       1
       3
       1
       4
       0
       1
       2
       4
       2
       0
       2
       2
       2
       0
       2
       0
       1
       2
       2
       1
       0
       2
       1
       3
       1
       2
       2
       0
       1
       2
       1
       4
       1
       0
       1
       1
       0
       0
       2
       2
       0
       1
       0
       2
       0
       0
       2
       1
       3
       2
       2
       1
       2
       2
       2
       0
       0
       3
       1
       1
       2
       0
       1
       2
       1
       0
       0
       2
       1
       0
       1
       1
       0
       0
       0
       2
       1
       2
       2
       1
       3
       0
       1
       2
       1
       1
       0
       0
       0
       0
       0
       0
       0
       0
       0
       0
       0
       0
       0
       0
       0
       0
       0
       0
       0
       0
       0
       0
       0
       0
       0
       0
       0
       0
       0
       0
       0
       0
       0
       0
       0
       0
       0
       0
       0
       0
       0
       0
       0
       0
       0
       0
       0
       0
       0
       0
       0
       0
       0
       0
       0
       0
       0
       0
       0
       0
       0
       0
       0
       0
       0
       0
       0
       0
       0
       0
       0
       0
       0
       0
       0
       0
       0
       0
       0
       0
       0
       0
       0
       0
       0
       0
       0
       0
       0
       0
       0
       0
       0
       0
       0
       0
       0
       0
       0
       0
       0
       0
       0
       0
       0
       0
       0
       0
       0
       0
       0
       0
       0
       0
       0
       0
       0
       0
       0
       0
       0
       0
       0
       0
       0
       0
       0
       0
$ROI:
1
4146 4168
$PRESETS:
Live Time
600
0
$ENER_FIT:
-1.504534 0.196418
$MCA_CAL:
3
-1.504534E+000 1.964177E-001 -1.544040E-007 keV
$SHAPE_CAL:
3
0.000000E+000 0.000000E+000 0.000000E+000
