$SPEC_ID:
HFNG Beamline
$SPEC_REM:
DET# 2
DETDESC# EasyMCA
AP# Maestro Version 7.01
$DATE_MEA:
06/22/2018 13:56:39
$MEAS_TIM:
600 603
$DATA:
0 8191
       0
       0
       0
       0
       0
       0
       0
       0
       0
       0
       0
       0
       0
       0
       0
       0
       0
       0
       0
       0
       0
       0
       0
       0
       0
       0
       0
       0
       0
       0
       0
       0
       0
       0
       0
       0
       0
       0
       0
       0
       0
       0
       0
       0
       0
       0
       0
       1
      86
     178
     173
     135
     150
     176
     173
     172
     157
     178
     161
     146
     167
     166
     184
     163
     162
     174
     169
     174
     153
     144
     155
     161
     158
     146
     165
     153
     149
     149
     162
     151
     151
     133
     130
     154
     139
     150
     155
     120
     131
     119
     146
     142
     141
     133
     152
     132
     139
     142
     124
     143
     136
     145
     139
     137
     138
     146
     142
     133
     143
     130
     127
     135
     126
     113
     112
     121
     148
     119
     138
     144
     121
     122
     119
     120
     124
      99
     130
     134
     128
     121
     118
     124
     103
     120
     119
     112
     127
     126
     120
     128
     101
     120
     109
     119
     122
     125
     114
     128
     120
     129
     120
     111
     114
     105
     105
     105
     107
     127
     109
     117
     116
     119
     110
     121
     124
     124
     113
     121
      93
     113
     112
     115
     103
     109
      99
      93
     120
     129
     108
     100
     110
     129
     100
      89
     100
     112
     117
     121
     115
      86
     102
     106
      89
     112
     100
     107
      91
     111
     107
      99
     102
     100
      84
      89
      90
     106
      86
      94
     103
      99
      97
     111
     116
      95
     102
      82
      85
      96
      94
      97
     100
      86
     114
     127
     104
      94
     117
     110
     104
      90
      90
     108
     106
      87
      91
      90
     109
      96
     100
     111
     109
      92
     107
     108
      90
      86
      97
      96
      89
      93
      91
      96
     101
      86
      92
      82
      94
      87
      85
      91
      92
     102
     106
      80
      99
      93
      87
     105
      96
     102
      88
     105
      96
      90
     109
      97
      90
      94
     112
      79
     110
      89
      85
      93
      95
      81
      84
      96
      94
      85
     108
      90
      90
      85
     103
      88
      94
      70
      88
      93
      90
      95
      90
      96
     100
      82
     105
      85
      97
     111
      89
     105
      80
      95
      97
      84
      93
      86
     101
      89
      88
      90
     105
      85
      97
      98
      89
      85
      82
      92
      91
      84
      79
      87
     109
      74
      87
      69
      94
     100
      89
     105
      87
      70
     100
      97
      81
      97
     104
     100
     102
     106
      99
      90
     100
     106
      83
      88
      97
     106
     106
     104
      85
     102
     113
     108
      94
     104
     102
      89
     117
     130
     162
     172
     192
     175
     135
     111
      80
      96
      88
     130
     151
     210
     243
     294
     252
     172
     104
      92
      91
      69
      58
     100
      87
      95
      73
     105
      88
      86
      78
      85
     101
      96
      74
      93
      81
      92
      84
      72
      85
      99
      83
      86
      74
      85
      73
      91
      94
      96
      85
     101
      83
      66
     103
      93
      88
      78
     104
      97
      85
     104
     129
     143
     163
     172
     181
     148
     122
     110
      92
      85
      85
      77
      99
      98
     102
     117
     121
     117
     114
      96
      79
      82
      71
      77
      92
      85
      77
      88
      71
      73
      80
      80
      85
      72
      90
      96
      90
      82
      82
      75
      84
      83
      76
      92
      95
      91
      81
      88
      92
     101
      86
      81
      83
      82
      71
      94
      82
      94
      85
      74
      82
      71
      84
      68
      76
      80
      71
      65
      93
      72
      86
      85
      69
      81
      77
      74
      92
      65
      89
      64
      96
      76
      84
      83
      78
      87
      70
      67
      85
      97
      67
      89
      77
      88
      75
      92
      88
      81
      97
     100
     101
      80
      86
      73
      83
      98
      78
      81
      89
      79
      94
      69
      80
      83
      74
      76
      91
      72
      87
      83
      92
      81
      82
      85
      76
      80
      67
      95
      86
      71
      78
      92
      93
      78
      79
      82
      82
      83
      74
      90
      92
      86
      75
      87
     102
      83
      89
      74
      96
      76
      81
      92
      82
      74
      83
      90
      90
      79
      77
     101
      90
      73
     104
      72
      85
      70
      78
      84
      80
      80
      78
      75
      92
      93
      69
      80
      92
      97
      89
      86
      93
      80
      72
      81
      73
      99
      71
      97
      92
      94
      86
      79
      81
      82
      77
      80
      87
      83
      79
      70
      85
      68
      62
      76
      84
      80
      91
      98
      94
     104
      91
      84
      89
     103
      95
      92
      99
      89
      84
      79
      83
      87
      80
     103
      87
      86
     103
      97
      83
      79
      70
      82
     102
      91
      93
      90
      72
      83
      88
     105
     111
      91
      78
      88
      89
      82
      90
      75
     115
      93
      87
      80
      85
      89
      90
      91
     108
      89
      91
      75
      86
      89
      92
      83
     102
     104
      85
      89
      82
      90
      90
     108
     108
      87
     115
     159
     247
     324
     405
     363
     273
     143
     104
      96
      95
      80
      90
      86
      92
      78
      92
     100
      89
      78
      94
      76
      89
      84
     109
     106
      98
      95
     103
      87
      84
      97
     102
     104
      87
     103
      96
      91
      80
     105
      84
      99
     107
      91
     108
     104
     108
     105
     120
      93
      90
     104
      96
      95
     111
     118
     123
      98
     120
      94
     109
     123
     101
     107
     109
     109
     115
     112
      97
     122
     111
      96
     125
     108
      88
     106
      88
     103
      99
      99
     100
      94
     109
      99
     104
     116
     103
     104
     103
     138
     100
     117
     111
      92
     120
     108
      96
     114
     108
     100
      99
      94
      92
     122
     104
     100
      96
     111
     126
     103
     116
     113
      99
     118
     122
     109
      93
     100
     102
      95
      96
      94
     117
     112
     130
     133
      96
     122
     104
     115
      96
     110
     103
     120
     124
     111
     107
     102
     110
     113
     104
     117
     101
      93
     140
     108
     103
     105
     124
     108
     109
     102
     115
     107
      93
     113
     105
     116
     102
     101
     116
     109
     124
     100
     116
     110
     107
     119
     106
     108
      94
      97
     108
      83
     107
     101
     105
     106
     102
     100
     110
     133
      92
     112
     102
     123
     100
     109
     112
     115
     112
     122
     112
     103
     111
     100
     100
     112
      90
     118
     109
     108
     105
     103
     112
      90
     133
     106
      92
     122
      98
     108
      93
     115
     107
     102
      97
      95
     104
      95
     112
     109
     112
      99
      93
     116
     103
     105
     120
     100
     125
     105
     105
     122
     117
     109
     117
     109
     114
     105
     107
     120
     126
     104
     105
     111
     112
     105
     120
     106
     117
      97
      95
     101
     115
     107
     108
      94
      94
     106
     102
      97
      90
     100
     105
     106
     110
      84
      98
     101
      98
      95
      97
     106
      95
      96
     107
      85
     105
      74
     101
     106
      87
      84
      92
      92
      75
      85
      89
      92
      94
      98
      84
      78
      86
     107
      94
      89
      91
      80
      90
      76
      89
      73
     103
      89
      91
      91
      83
      83
      99
      82
      77
      88
      79
      88
      90
      88
      86
      67
      86
      77
      81
      85
      80
      84
      83
      94
      68
      90
      95
      92
      81
      73
      89
      77
      89
      90
      79
      74
      80
      83
      77
      79
      78
      87
     105
      83
      76
      73
      79
      75
      90
      86
      83
      77
      80
      77
      91
      80
      78
      88
      82
      78
      80
      80
      70
      67
      71
      65
      93
      87
      70
      76
      78
      74
      86
      73
      84
      88
      77
      73
      73
      74
      76
      70
      74
      70
      87
      88
      72
      81
      81
      83
      88
      77
      66
      80
      84
      70
      89
      81
      74
      71
      87
      74
      66
      66
      88
      72
      82
      71
      66
      86
      67
      69
      66
      82
      63
      77
      81
      86
      78
      75
      86
      74
      72
      70
      88
      82
      74
      70
      86
      74
      88
      65
      71
      59
      81
      67
      74
      85
      83
      69
      65
      64
      79
      68
      70
      76
      68
      69
      73
      71
      74
      80
      52
      73
      59
      65
      68
      58
      74
      78
      79
      71
      72
      66
      82
      69
      77
      78
      82
      74
      71
      80
      71
      73
      68
      81
      78
      72
      73
      83
      75
      60
      69
      77
      73
      77
      79
      84
      69
      65
      69
      71
      73
      64
      73
      74
      84
      82
      73
      79
      66
      59
      63
      69
      66
      68
      68
      62
      73
      73
      59
      70
      76
      69
      78
      81
      93
      55
      64
      75
      69
      69
      68
      78
      60
      58
      89
      65
      64
      52
      59
      49
      83
      85
      78
      73
      52
      60
      58
      73
      66
      61
      66
      59
      76
      67
      78
      68
      82
      62
      70
      82
      63
      58
      65
      63
      44
      62
      63
      58
      73
      73
      81
      70
      62
      63
      71
      81
      80
      49
      81
      71
      74
      66
      67
      70
      49
      56
      72
      77
      63
      65
      64
      68
      62
      70
      64
      62
      67
      58
      61
      56
      56
      59
      59
      53
      59
      58
      56
      61
      67
      54
      70
      63
      64
      56
      64
      53
      62
      60
      66
      54
      56
      53
      54
      63
      52
      56
      43
      53
      65
      62
      61
      65
      66
      56
      57
      59
      52
      53
      61
      57
      65
      56
      46
      54
      58
      62
      70
      50
      59
      55
      74
      63
      47
      58
      63
      56
      58
      55
      57
      59
      58
      47
      51
      54
      47
      62
      51
      59
      48
      45
      35
      52
      52
      44
      60
      54
      49
      55
      59
      53
      48
      45
      61
      47
      45
      53
      51
      62
      62
      61
      60
      39
      57
      51
      50
      48
      56
      51
      48
      49
      49
      43
      54
      48
      56
      49
      39
      47
      57
      40
      43
      50
      46
      38
      52
      44
      43
      53
      42
      46
      68
      43
      41
      49
      44
      61
      54
      53
      58
      53
      49
      40
      53
      61
      50
      50
      50
      47
      44
      45
      40
      42
      53
      39
      36
      44
      45
      57
      45
      42
      43
      48
      51
      41
      48
      48
      47
      48
      55
      46
      49
      46
      48
      39
      43
      56
      39
      36
      49
      47
      42
      42
      46
      29
      37
      43
      38
      50
      44
      36
      56
      36
      49
      42
      40
      46
      39
      60
      50
      47
      39
      47
      60
      39
      39
      39
      40
      35
      44
      46
      43
      39
      46
      33
      47
      46
      32
      49
      41
      44
      50
      31
      39
      41
      40
      38
      33
      42
      43
      49
      35
      36
      53
      41
      54
      38
      45
      44
      44
      44
      41
      39
      33
      41
      31
      34
      46
      36
      35
      49
      41
      43
      48
      48
      45
      33
      36
      41
      51
      53
      54
      43
      46
      32
      39
      45
      45
      45
      50
      43
      44
      39
      46
      42
      40
      56
      43
      49
      40
      35
      34
      38
      29
      32
      37
      25
      32
      42
      34
      42
      37
      49
      45
      40
      38
      33
      38
      27
      51
      46
      30
      40
      46
      41
      32
      39
      35
      41
      37
      39
      41
      41
      36
      40
      43
      33
      41
      41
      36
      42
      39
      29
      41
      36
      48
      33
      35
      38
      40
      47
      29
      37
      38
      41
      39
      41
      46
      44
      37
      47
      38
      39
      48
      39
      47
      35
      40
      41
      42
      24
      46
      39
      49
      40
      36
      53
      47
      28
      33
      37
      39
      45
      30
      40
      35
      41
      45
      53
      42
      40
      36
      38
      43
      50
      48
      43
      38
      32
      33
      33
      41
      43
      28
      40
      33
      43
      43
      33
      29
      45
      38
      44
      38
      31
      35
      30
      45
      34
      34
      45
      50
      27
      35
      34
      36
      41
      32
      44
      39
      39
      40
      47
      41
      40
      37
      49
      49
      46
      64
      48
      56
      69
      66
      69
     111
     161
     221
     370
     655
    1070
    1729
    2414
    2795
    2995
    2789
    2177
    1480
     877
     413
     177
      81
      44
      26
      29
      28
      26
      38
      23
      24
      22
      25
      30
      31
      26
      24
      35
      29
      24
      32
      25
      25
      31
      21
      17
      26
      26
      18
      24
      29
      35
      49
      26
      27
      24
      27
      22
      18
      31
      32
      23
      33
      32
      28
      25
      28
      27
      30
      24
      24
      26
      22
      18
      24
      19
      14
      32
      33
      19
      24
      28
      30
      20
      26
      25
      18
      15
      17
      28
      23
      26
      13
      30
      18
      21
      24
      33
      21
      29
      23
      18
      27
      23
      33
      21
      34
      20
      34
      34
      43
      48
      54
      45
      42
      53
      38
      32
      28
      22
      31
      24
      21
      21
      29
      30
      26
      24
      28
      29
      20
      27
      31
      17
      24
      29
      30
      15
      25
      22
      21
      20
      18
      20
      18
      25
      16
      27
      31
      21
      17
      21
      22
      15
      25
      18
      22
      28
      19
      22
      22
      17
      28
      24
      16
      24
      25
      20
      23
      24
      17
      30
      24
      27
      23
      21
      26
      30
      29
      19
      24
      20
      20
      23
      31
      23
      26
      20
      26
      15
      23
      19
      25
      13
      23
      17
      24
      20
      23
      12
      22
      13
      31
      24
      30
      24
      23
      14
      20
      29
      26
      20
      26
      23
      30
      27
      22
      19
      18
      11
      29
      22
      29
      34
      23
      24
      21
      30
      29
      27
      24
      24
      26
      16
      32
      21
      22
      22
      25
      27
      28
      21
      26
      13
      31
      22
      26
      21
      28
      18
      22
      23
      20
      19
      20
      24
      28
      17
      29
      23
      21
      23
      24
      24
      21
      29
      23
      30
      27
      30
      30
      20
      16
      21
      24
      19
      24
      27
      19
      25
      25
      21
      16
      20
      23
      23
      22
      25
      29
      23
      33
      23
      36
      45
      67
      95
     115
     160
     166
     176
     174
     161
     128
      82
      49
      29
      27
      24
      25
      21
      17
      14
      17
      18
      26
      13
      21
      15
      20
      18
      27
      19
      19
      13
      15
      20
      15
      19
      21
      29
      17
      25
      19
      17
      22
      20
      26
      19
      33
      17
      20
      24
      22
      20
      17
      18
      20
      18
      26
      14
      18
      13
      33
      16
      22
      22
      18
      25
      18
      14
      22
      14
      18
      15
      27
      27
      24
      23
      21
      19
       8
      23
      16
      18
      19
      23
      20
      18
      27
      20
      21
      14
      25
      18
      14
      29
      23
      28
      27
      20
      25
      29
      23
      12
      22
      23
      24
      23
      17
      17
      23
      19
      19
      22
      25
      15
      16
      24
      21
      21
      19
      30
      24
      28
      21
      25
      26
      30
      29
      36
      62
      92
     113
     196
     314
     424
     554
     659
     724
     696
     627
     497
     325
     216
     125
      53
      36
      25
      24
      20
      18
      20
      17
      21
      16
      15
      19
      20
      20
      18
      22
      19
      21
      21
      12
      22
      17
      11
      24
      28
      20
      23
      22
      14
      15
      18
      18
      19
      16
      25
      10
      25
      19
      14
      31
      16
      16
      20
      18
      16
      20
      13
      20
      18
      21
      12
      13
      17
      18
      15
      22
      16
      12
      20
      17
      18
      12
      19
      19
      10
      11
      22
      21
      19
      20
      22
      13
      17
      20
      15
      16
      14
      17
      21
      20
      22
      17
      14
      19
      14
      27
      29
      22
      23
      18
      18
      13
      15
      15
      26
      14
      25
      18
      21
      16
      19
      16
      23
      16
      11
      24
      19
      24
      15
      14
      13
      17
      17
      19
      23
      15
      15
      22
      12
      18
      21
      28
      15
      22
      19
      23
      20
      13
      15
      18
      15
      21
      15
      18
      27
      13
      25
      17
      26
      16
      10
      13
      16
      16
      13
      12
      23
      24
      16
      16
      17
      23
      20
      19
      27
      11
      23
      18
      16
      10
      21
      14
      29
      20
       9
      17
      16
      19
      18
      16
      16
      18
      18
      18
      21
      26
      21
      19
      12
      21
      16
      22
      20
      18
      16
      24
      16
      10
      17
      20
      17
      14
      13
      20
       8
      15
      16
      15
      19
      11
       9
      20
      13
      18
      15
      19
      21
      11
      20
      15
      19
      10
      22
      13
      19
      19
      19
      21
      24
      25
      15
      17
      11
      14
      13
      32
      26
      27
      32
      30
      41
      28
      25
      24
      29
      16
      24
      14
      18
      24
      15
      27
      12
      18
      17
      17
      10
      13
      12
      14
      17
      13
      23
      17
      19
      17
      18
      14
      17
      19
      19
      13
      17
      27
      17
      19
      30
      22
      20
      21
      17
      17
      24
      13
      17
      15
      14
      22
      21
      16
      16
       7
      19
      15
      13
       9
      20
      21
      21
      15
      14
      22
      21
      15
      11
      10
      16
      12
      21
      11
       7
      11
      22
      17
      14
      11
      15
      15
      18
      25
      13
      22
      18
      15
      15
      14
      19
      20
      19
      14
      13
      16
      23
      14
      18
      15
      21
      23
      20
      25
      15
      11
      12
      26
      16
      16
      16
      17
      13
      20
      21
      20
      14
      11
      19
      17
      13
      13
      19
      19
      17
      20
      13
      22
      14
      26
      14
      24
      18
      17
      15
      23
      16
      13
      21
      17
      12
      13
      15
      14
      20
      26
      15
      18
      19
      16
      21
      16
      11
      21
      11
      12
      20
      14
      11
      13
      10
      17
      14
      24
      16
      16
      22
      14
      18
      22
      19
      18
      16
      24
      14
       8
      17
      16
      18
      13
      13
      17
      18
      18
      14
      19
      18
      21
      12
      18
      20
      17
      16
      17
      15
      10
      16
      13
      17
      16
      18
      11
       8
      16
      14
      16
      11
      22
      12
      15
      19
      17
      25
      12
      19
       9
      19
      15
      10
      22
      18
      21
      18
      20
      19
      17
      19
      19
      19
      13
      23
      22
      24
      22
      17
      11
      22
      21
      16
      15
      23
      23
      22
      29
      26
      26
      35
      39
      19
      35
      34
      25
      22
      13
      27
      25
      28
      20
      17
      23
      16
      24
      19
      18
      16
      13
      15
      21
      10
      16
      27
       9
      14
       9
      13
      15
       5
      19
      18
      15
      21
      20
      12
      17
      16
      24
      18
      21
      14
      16
      15
      17
      16
      11
      19
      14
      12
      15
      19
      21
      14
      16
      19
      14
      14
      12
      14
      20
      15
      14
      19
      12
      22
      20
      22
      15
      17
      15
      18
      18
      23
      17
      12
      13
      14
      20
      20
      11
      11
      22
      19
      14
      17
      17
      12
      18
      22
      23
      17
      18
      17
      16
      13
      22
      16
      12
      19
      12
      16
      13
      19
      19
      16
      18
      17
      13
      14
      17
      18
      15
      13
      20
      18
      19
      15
      17
      16
      11
      20
      13
      10
      18
      14
      15
      16
      17
      13
      15
      12
      17
      21
      21
      18
      16
      16
      21
      17
      23
      16
      10
      19
      18
      15
      14
      14
      19
      14
      20
      19
      17
      15
      16
      18
      16
      10
      21
      20
      15
      23
      16
      10
      22
      15
      20
      15
      19
      18
      13
      11
       8
      14
      22
      13
      20
      15
       7
      13
      13
      16
      15
       9
      16
      17
      15
      20
      18
      20
      12
      25
      11
      18
      12
      14
      19
      18
      16
      10
      17
      17
      16
      12
      17
      13
      16
      17
      12
      18
      17
      16
      10
       7
      18
      10
      20
      13
      20
      17
       7
      10
      15
      19
      16
      14
      18
      18
       9
       7
      19
      13
      17
      22
      17
      12
      15
      13
      16
      20
      19
      13
      17
      17
      14
      27
      16
      25
      18
       9
      20
      12
      19
      17
      18
      14
      13
      19
      13
      22
      21
       8
      31
      21
       9
      11
       9
      19
      19
      17
      18
      17
      23
      13
      18
      15
      19
      23
      21
      25
      13
      15
      13
      21
      16
      20
      16
      14
      18
      18
      13
      13
      18
       9
      22
      19
       9
      12
      19
      25
      18
      19
      15
      12
      18
      16
      10
      22
      21
      19
      17
      17
      14
      15
      17
      20
      18
      16
      20
      15
      21
      18
      16
      14
      18
      12
      17
      17
      18
      17
       9
      13
      10
      19
      13
      22
      10
      24
      22
      14
      15
      15
      10
      17
      22
      11
      13
      20
      19
      16
      17
      10
      18
      17
      16
      16
      15
      15
      12
      13
      18
      26
      18
      13
      15
      15
      14
      10
       9
      15
      13
      24
      19
      19
      21
      18
      19
      22
      24
      13
      17
      14
      21
      26
      20
      10
      19
      23
      19
      14
      18
      21
       9
      20
      18
      14
      14
      21
      16
      16
      13
      22
      19
      17
      16
      15
      18
      14
      13
      17
      24
      17
      12
      20
      19
      15
      21
      17
      14
      18
      18
      18
      20
      23
      27
      11
       8
      21
      16
      13
      22
       9
      17
      15
      15
      16
      20
      17
      20
      12
      20
      19
      15
      17
      15
      16
      13
      16
      19
      19
      12
      16
      19
      16
      24
      15
      13
      15
      18
      23
      22
      23
       9
      19
      16
      20
      17
       9
      14
      21
      14
      11
      16
      18
      11
      18
      15
      11
      20
      20
      21
      13
      13
       9
      21
      11
      11
       9
      14
      16
      23
      18
      11
      13
      14
      14
      16
      19
      12
      17
      17
      14
      15
      14
      16
      20
      15
      22
      17
      11
      19
      19
      23
      10
      20
      17
      18
      17
      13
      16
      14
      18
      30
      16
       9
      19
      18
      27
      17
      17
      12
      18
      26
      18
      19
      15
      17
      18
      12
      20
      15
      16
      17
      17
      21
      14
      20
      17
      16
      17
      17
      15
      10
      23
      21
      16
      15
      10
      18
      19
      18
      15
      16
      12
      14
      14
      14
      16
      17
      16
      18
      17
      15
      17
      24
      11
      23
      15
      18
      16
      13
      16
      20
      15
      12
      12
      15
      16
      15
      13
      12
      14
      19
      22
      15
      10
      11
      11
      17
      13
      11
      21
      19
      16
      17
      16
      20
      12
      13
      16
      18
      12
      21
      14
      15
      14
       8
      17
      10
      18
      22
      11
      21
      18
      13
      12
      14
      19
      11
      11
      18
      16
      21
      21
       5
      13
      14
      12
      18
      19
      13
      14
      16
      18
      11
      23
      16
      13
      19
      20
      16
      20
      13
      12
      15
      18
      23
      11
      16
      15
      15
      16
      20
      18
      26
      18
      21
      20
      15
      13
      20
      18
      12
      15
      13
      18
      14
      19
      15
      21
      15
      13
      15
      18
      15
      18
      16
      15
      17
      20
      19
      10
      15
      16
      11
      26
      14
      19
      19
      14
      18
      16
      12
      19
       8
       9
      14
      15
      18
      15
      12
      13
      19
      11
      10
      17
      19
      15
      19
      19
       9
      11
      14
      12
       8
      10
      17
      18
      13
      19
      18
      15
      16
      13
       9
      12
      15
      14
      20
      14
      13
      19
      15
      16
      13
      12
      12
      21
      16
      10
      16
      15
      17
      16
      22
      17
      14
      17
      18
      18
      16
      16
      12
      20
      15
      17
      14
      19
      14
      20
      19
      16
      13
      11
      13
      12
      17
      19
      11
      16
       7
      11
      14
      13
      18
      12
      14
       9
      14
      12
      15
      18
       8
      12
      13
      14
      13
      18
      21
      11
      15
      13
      16
      14
      19
      19
      15
      17
      16
      17
      13
      22
      11
      13
      21
      14
      14
      14
      11
      21
      21
      10
      15
      16
      27
      11
      11
      19
      15
      17
      16
      14
      12
      18
      13
       6
      10
      13
      19
       9
       8
      17
       8
      12
      13
      15
       9
      21
      20
       6
       7
      19
      12
      18
      18
      12
      15
      17
      17
      13
      14
      12
      17
      12
      13
      16
      14
      12
      14
      11
      20
      19
      17
      16
      18
       8
      12
      14
      16
      15
       6
      18
      19
      14
       8
      17
      17
      16
      14
      14
      17
      15
      15
       8
      13
      14
      14
      18
      11
      12
      20
      15
      14
      16
      17
      15
       9
      17
      20
      15
      17
      13
      19
      18
      21
      19
      18
      18
      11
      16
      20
      11
      12
      19
      19
      23
      25
      13
      21
      14
      13
      15
      15
      17
      19
      19
      12
      16
      18
      15
      17
      14
      13
      16
      12
      14
      16
      15
      13
       6
      12
      15
      18
      15
      14
      12
      12
      13
       7
      16
      15
      11
      20
      13
       9
      15
       9
      14
      15
      16
      14
      11
      17
      17
      13
      17
      15
      14
      13
      16
      21
       7
       8
      12
      15
       9
      12
      16
      14
      15
      14
      16
      14
      19
      15
      16
      14
      11
      23
       8
      14
      17
      12
      23
      16
      21
      15
      19
      12
      21
      15
      16
      18
      16
      14
      11
       9
       8
       9
      13
      16
      13
      16
      17
      13
      22
      17
      13
      19
      19
      12
      20
      14
      17
      15
      24
      12
       8
      12
      11
      16
      14
      23
      12
      10
      17
       9
      11
      12
      20
       9
      23
      12
      11
      18
      20
      11
      16
      13
      15
       8
       9
       9
      20
      16
      16
      10
       8
      16
      17
      12
      17
       9
      15
      14
       7
      18
      14
      10
      18
      16
      14
       8
      20
      25
       7
      12
      14
      22
       8
      14
      12
       6
      19
      11
      13
      14
       9
      18
      14
      23
      12
      22
      18
      20
      15
      16
      14
      19
      20
      13
      16
       8
      20
      15
      10
       9
       9
      15
      12
      10
      15
      22
      10
      15
      19
      13
      19
      12
      19
      12
      14
      15
      17
      15
      16
      18
      11
       8
      17
      13
      14
      16
      10
      17
      20
      13
      14
      12
      22
      22
      12
      22
      15
      18
      13
      11
      11
      17
      10
      18
      18
      18
      15
      16
      19
      13
      16
      17
      10
      18
      20
      15
      23
      16
      17
      15
      10
      12
      18
      17
      13
      13
      18
      13
      17
      13
      14
      19
      16
      15
      22
      20
      14
      12
      25
      22
      12
      11
      17
      13
      15
      12
      19
       9
      17
      19
      17
      19
      15
      21
      13
      19
      13
      14
      11
      12
       9
       9
       9
      13
       9
      14
       9
      15
      14
      18
      15
      15
      18
      12
      16
      12
      14
      22
      15
      14
      11
      22
      18
      14
      19
      11
      14
      13
      20
      21
      17
      11
      14
      15
       9
      13
      24
      14
       8
      12
      11
      15
      18
      19
      14
      23
      15
      12
      12
      13
      18
      17
      17
      13
      15
      13
      18
      20
      16
      14
      16
      14
      14
      18
      13
      15
      20
      20
      16
      16
      19
      16
      19
      19
      16
      15
      11
      13
      16
      14
       7
      15
      16
       9
      13
      21
      18
      11
      13
      16
      12
      20
      12
      11
      14
      13
      15
      13
      14
      23
      18
      11
      17
      15
      13
      19
      16
      17
      12
      12
      17
      13
      16
      20
      15
      13
       9
      14
      16
      15
      13
      14
      10
      17
      16
      18
      12
      12
      19
      26
      16
      17
      14
      22
      17
      15
      21
      14
      18
      18
       9
      11
      13
      11
      24
      11
      22
      14
      15
      29
      18
      20
      22
      14
       6
       8
      10
      13
      16
      14
      21
      14
      12
      21
      22
      17
      17
      21
      14
      20
      12
      16
      24
      23
      20
      20
      11
       7
      19
      29
      19
      20
      15
      18
      16
      13
      19
      11
      19
      19
      17
      22
      14
      10
      12
       9
      21
      12
      10
      22
      16
      19
      23
      19
      19
      22
      13
      17
      20
      15
      15
      12
      12
      21
      14
      20
      10
      12
      11
      16
      13
      20
      20
      16
      18
      19
      18
      15
      20
      11
      17
      17
      14
      31
      15
      10
      12
      10
       7
      19
      10
      29
      17
      27
       7
      22
      12
      17
      19
      14
      14
      20
       9
      15
      12
      22
       9
      15
      21
      18
      11
      16
      18
      21
      12
      14
      10
      16
      15
      16
      14
      19
      14
      12
      15
      17
      21
      20
      19
      14
      18
      14
       9
      13
      14
      15
      14
      17
      16
      17
      18
      18
      15
      13
      17
      20
      11
      17
      23
      22
      20
      13
      18
      18
      14
      16
      13
      26
       8
      15
      12
      17
      17
      17
      17
      21
      19
      16
      14
      16
      15
      17
      20
      19
      20
      12
      21
      15
      13
      23
      13
      17
      16
      17
      19
      16
      17
      15
      11
      20
      14
      24
      15
      18
      20
      19
      21
      14
      27
      17
      25
      24
      28
      32
      43
      64
      68
      81
      74
     106
      96
     107
     123
     104
     122
      95
      95
      74
      60
      45
      33
      21
      22
      18
      24
      15
      12
      16
      21
      19
      12
      18
      20
      24
       9
      22
      14
      17
      25
      20
      24
      18
      20
      16
      14
      14
      16
      16
      10
      17
      13
      18
      16
      11
      12
      19
      17
       8
      20
      10
      23
      21
      20
      21
      21
      14
      20
      18
      12
      18
      18
      18
      23
      19
      14
      15
      13
      16
      29
      21
      20
      10
      17
      21
      16
      15
      18
      14
      21
      23
      18
      18
      16
      21
      17
      16
      23
      19
      16
      21
      12
      24
      10
      14
      17
      16
      15
      20
      14
      20
      20
      22
      23
      19
      21
      12
      13
      14
      15
      13
      19
      25
      14
      17
      11
      16
      17
      21
      20
      18
      24
      15
      19
      21
      13
      19
      20
      17
      20
      17
      12
      15
      20
      19
      16
      21
      24
      26
      20
      18
      16
      22
      16
      19
      16
      29
      16
      21
      15
      23
      17
      17
      22
      24
      12
      21
      20
      28
      23
      17
      12
      18
      22
      20
      20
      19
      20
      18
      20
      14
      12
      17
      24
      29
      15
      28
      17
      21
      18
      20
      14
      14
      20
      18
      26
      21
      21
      19
      17
      25
      17
      24
      17
      21
      23
      18
      20
      19
      17
      18
      23
      26
      17
      15
      16
      24
      22
      16
      15
      26
      12
      13
      21
      16
      23
      18
      13
      10
      18
      18
      25
      11
      15
      16
      22
      18
      21
      27
      20
      20
      17
      13
      10
      23
      12
      17
      18
      16
      19
      26
      21
      26
      18
      19
      27
      16
      13
      19
      27
      24
      17
      21
      24
      19
      20
      21
      21
      17
      22
      23
      25
      14
      24
      17
      13
      20
      17
      10
      19
      28
      21
      16
      16
      24
      22
      30
      17
      21
      26
      18
      21
      22
      14
      18
      22
      28
      20
      23
      23
      17
      21
      17
      20
      19
      18
      20
      26
      16
      23
      21
      19
      20
      28
      24
      21
      18
      17
      23
      20
      19
      14
      20
      20
      19
      15
      26
      11
      27
      17
      14
      28
      24
      23
      24
      17
      15
      14
      13
      22
      29
      25
      24
      20
      20
      14
      15
      13
      19
      21
      23
      26
      17
      18
      23
      20
      10
      19
      20
      20
      23
      29
      22
      25
      18
      19
      20
      20
      20
       8
      20
      16
      10
      23
      15
      23
      23
      15
      13
      15
      16
      14
      18
      16
      20
      11
      16
       8
      18
      18
      17
      24
      11
      16
      21
      14
      13
      16
      18
      18
      20
      16
      19
      12
      12
      17
      22
      13
      16
      15
      23
      21
      16
      18
      10
      17
      15
      10
      10
      20
      12
      17
      19
      10
      13
      19
       9
      23
      10
      21
      11
      12
      11
      20
      18
      16
      14
      22
      15
      15
      15
      20
      14
      15
      18
      11
      15
      11
      16
      20
      15
      22
      13
      17
      15
      13
      15
      12
      14
      17
      18
       8
      17
      19
      17
      13
      11
      20
      10
      14
      18
      12
      12
      16
      15
      14
      13
      16
      18
      13
      17
       8
      17
      12
      20
      13
      13
      16
      17
      21
      11
      20
      13
      19
      24
      18
       8
      10
       8
      13
      20
      14
      16
      10
      18
      14
      13
      15
      14
      13
      12
      13
      12
      18
      12
      20
      16
      10
      22
      15
      11
       9
      16
      15
      15
      14
       9
      13
      18
      16
      19
      14
      19
      15
      11
      18
      13
      26
      12
       9
       6
      15
      15
      11
      18
       9
      14
      12
      20
      15
      17
      14
      18
      12
      13
      14
      17
       9
      16
      15
      16
      14
      12
       9
      20
      10
      16
      10
      20
      13
      17
      19
      14
      14
      12
      14
       9
      15
      13
      20
       6
      11
      11
      25
      20
       9
      13
      11
      18
      19
      19
      23
      19
      20
      16
      16
      19
      16
      12
      20
      15
      13
      19
      19
      15
      12
      12
      10
      18
      18
      13
      14
      16
      17
       9
      15
       9
      11
       8
      20
      12
      12
       8
      20
      15
      21
      12
      16
      15
      17
      17
      18
      15
      11
      22
      14
      19
      11
      13
      12
      18
      10
       9
      16
      13
      13
      12
      10
      15
      15
      15
       8
      15
      19
      13
      20
      17
      14
      13
      10
      12
      10
      17
      13
       9
       8
       8
      19
      15
      17
      15
      17
      13
      16
      14
      14
      10
      11
       8
      14
       9
      10
      11
      16
       8
      17
      12
      13
      21
      17
      17
      11
      16
      22
      12
      15
      14
       8
      14
      14
      14
      15
      14
      10
      13
       8
      17
      17
      13
      13
       8
      19
       7
      14
       7
       9
       7
      11
      19
      12
      17
      14
       6
      18
      12
      18
      18
       9
      17
      11
      17
      14
      15
       8
      18
      15
      19
       7
       9
      11
      12
      10
      17
      19
      17
      13
      19
       7
      15
      18
      14
      13
      15
       6
      11
      11
      14
      13
      14
       8
      11
      17
      14
       9
      10
      13
      15
      14
      11
      11
      17
      10
       7
      15
      12
      11
      11
      10
       9
      14
      20
      13
      12
      19
       6
      13
      13
      16
      10
      13
       9
      19
      22
      19
      15
      22
      14
      17
       9
      21
      12
      17
      17
      29
      18
      20
      16
      17
      18
      22
      13
      12
      15
      14
       8
      13
      14
       8
      10
      15
       7
      11
      14
      16
      10
      10
      12
      21
       6
      14
      13
      10
      11
      13
      13
       9
      16
      13
      13
      16
      14
      14
       7
      11
      13
      15
      17
      16
      12
      12
      15
      11
      12
      17
      23
      11
      16
      13
      15
      18
      17
       9
      19
      10
      14
      23
      10
      13
      18
      17
      10
      18
      16
      11
      10
      12
      17
       9
      16
      12
      12
      12
      20
      12
       8
      13
      20
      17
       7
      10
       9
      10
      11
      13
      23
      13
      11
      11
       9
      13
      10
       5
       7
      10
      23
      11
      15
      11
      16
      10
      18
      15
       9
      11
      23
      15
       9
      12
       8
      15
      15
       9
      14
      13
      17
      17
      13
      11
      11
      12
      13
      12
       5
      16
       8
      20
      12
      16
      11
       8
       9
      11
      15
      15
      18
      14
      13
       8
      11
      11
      16
       6
      14
      10
      23
      16
      13
      10
       8
      12
      10
      14
      13
      11
      11
      13
      14
      19
      13
      17
      15
      15
      14
      11
       8
      14
      16
      10
       9
      10
       8
      14
      18
      10
      17
      15
      12
      11
      12
      13
      14
       9
       9
      18
       7
      10
      12
      14
      10
      10
       8
      20
       8
      12
      10
      11
      11
       8
      23
      17
      23
      12
      16
      16
      13
      14
      12
      17
      15
      12
      13
      10
      13
       9
      14
      14
      17
      19
      11
      22
      14
      19
       9
      11
      17
      13
       9
      18
      13
      16
       9
      16
      14
      20
      11
      17
      16
      13
      14
      15
      17
      18
      16
      13
      19
      13
      16
      15
      13
      12
       8
      14
      17
       8
      12
       5
      14
      16
      15
      14
      13
      17
      15
      14
      11
      15
      14
       8
      10
      10
      18
      10
      17
      17
      15
      13
      14
      18
      14
      19
      20
      12
      17
      10
      15
      20
      11
       9
      18
      23
      19
      19
      10
       6
      10
      12
       6
      18
      10
      14
      12
      17
      13
      15
      12
      13
      15
      19
      15
      13
      33
      14
      12
      15
      15
      15
      19
      14
      18
      18
      12
      14
      12
       7
      19
      15
      14
      19
      18
      11
      16
      17
      19
      14
      17
      26
      30
      18
      19
      15
      17
      15
      11
      13
      11
      14
       8
       8
      13
      17
      12
      14
      20
      12
       8
      18
      19
      12
      19
      13
      15
      19
      10
      14
      17
      14
      19
      21
      18
      12
      17
      14
      18
      19
      19
      13
      16
       7
      17
      16
      12
      12
      20
      18
      22
      13
      18
      15
      23
      18
      17
      11
      16
      15
      18
      21
       7
      22
      18
      13
      13
      17
      19
      10
      15
      19
      20
      14
      15
      15
       9
      23
      20
      10
      19
      14
      11
      14
      14
      17
      22
      19
      17
      13
      10
      18
      17
      20
      14
       9
      18
      18
      19
      12
      19
      13
      20
      14
      10
      16
      14
      14
      18
      12
      16
      10
      18
      13
      17
       9
      16
      11
      15
      16
      14
      22
      12
      13
      18
      15
      23
      22
      22
      25
      15
      13
      18
      12
      23
      17
      17
      14
      18
      19
      18
      18
      18
      12
      16
      23
      10
      15
      23
      15
      21
      12
      13
      15
      12
      13
      18
      26
      19
      25
       8
      20
      12
      23
      10
      18
       8
      16
      19
      15
      12
      21
       9
      10
      25
      20
      21
      12
      11
      17
      19
      12
      19
      11
      18
      17
      18
      20
      19
      14
      16
      12
      12
      19
      19
      17
      25
      24
      16
      11
       7
      21
      13
      11
      17
      17
      19
      12
      14
      24
      17
      20
       9
      14
      11
      10
      12
      17
      13
       8
      17
      12
       9
       7
      14
      12
      13
      10
      13
      13
      15
      13
      13
      13
       9
      12
      11
      12
      20
      12
       8
       7
      12
      11
       6
      16
      12
      12
       9
      12
      19
      16
      12
      12
      14
      13
      15
      13
       7
      13
      12
      10
      15
      19
      15
      17
      18
      11
       9
      13
      11
      13
      19
      13
       7
      19
      15
      24
      23
      23
      18
      29
      23
      47
      53
      62
      78
      77
     108
     154
     184
     208
     216
     240
     282
     266
     284
     274
     300
     301
     266
     230
     208
     156
     131
      99
      60
      53
      31
      18
      12
      18
      13
       9
       6
      11
       7
       7
       3
       8
       9
      10
       7
      11
       7
      12
       7
      10
      11
       8
       5
       5
      14
       2
       8
       5
       8
      14
      10
       3
      12
       9
       3
      10
       7
       6
       3
       9
      10
      12
      11
       7
       9
       7
      10
       4
      11
       9
       6
       5
       5
      10
       7
       9
       8
       4
       7
       4
       8
      12
       5
      10
       9
       5
       7
      12
       8
       4
       2
       9
      13
       4
       7
       5
       9
      10
       7
      10
       6
      12
       9
       9
       5
       6
       3
       9
      16
       5
       5
      12
      12
      12
       9
       8
       8
      10
      11
       7
      14
       6
       6
      11
      10
      12
       6
      12
       2
       4
       3
       4
       4
      10
       9
       9
       6
       9
       5
       8
       3
       9
       8
       4
       7
       6
       7
       5
      11
       6
       5
       4
       7
       6
       7
       5
      11
       6
       2
       6
       8
       6
       5
       9
       8
       9
       5
       8
       5
       7
       5
      10
       8
       6
       8
       9
       5
       1
      12
      11
       6
       8
       8
       7
       9
       8
       4
       7
      10
       6
       7
       3
       2
       3
       7
      10
       7
       3
       5
       5
       8
       7
       2
       3
      13
       6
       9
      11
       8
       4
       7
       4
       7
       2
       5
       5
       7
      10
       6
      10
       6
       6
       7
       9
       7
       9
       7
       6
       6
       8
       7
       7
       7
       7
      13
       7
       9
       4
       6
       6
       7
       6
       2
      12
       3
      12
       9
      11
      10
       6
       2
       5
       7
       9
       5
       8
       7
       9
       3
       8
       7
       8
       5
       5
       9
       9
       9
       2
       5
       8
       9
       3
       4
       7
       7
       6
       6
       7
      10
       5
      10
       9
       6
       6
       1
       2
       2
       4
       8
       7
       6
       5
      10
       7
       8
       6
       9
       8
       7
       4
       3
       8
       8
       8
       2
       8
       5
       2
       1
       9
       7
      12
       7
       4
       6
       7
       3
       4
       3
      11
       4
      10
       4
       7
       5
       8
       8
       5
       5
       3
      10
       5
       4
       6
       6
       3
       2
       5
       9
       4
       6
       1
       5
       4
       8
       3
       5
       4
       4
       2
       7
       5
       9
       3
       2
       4
       2
       4
       4
       5
       5
       6
       6
       3
       5
       6
       7
       4
       3
       8
       3
       2
       4
       4
       5
       4
       7
       4
       4
       5
       5
       3
       1
       5
       5
       2
       7
       6
       6
       5
       1
       9
       5
       5
       8
       6
       3
       0
       3
       5
       3
       2
       5
       3
       7
       1
       8
       8
       1
      10
       8
       5
       6
       3
       2
       3
       6
       6
       5
       7
       3
       0
       8
      11
       9
       9
       8
       3
       9
       2
       5
       4
       4
       4
       4
       1
       4
       4
       8
       2
       2
       5
       4
       3
       3
       3
       3
       4
       1
       2
       2
       3
       8
       1
       5
       5
       5
       8
       7
       2
       8
       3
       4
       1
       1
      11
       3
       6
       4
       4
       2
       8
       0
       4
       4
       4
       7
       4
       2
       4
       3
       7
       1
       2
       5
       2
       5
       5
       2
       7
       6
       3
       7
       2
       1
       8
       4
       3
       3
       3
       3
       3
       4
       5
       1
       8
       6
       4
       7
       4
       4
       5
       2
       6
       2
       4
       5
       1
       5
       4
       4
       5
       0
       1
       0
       2
       3
       4
       2
       5
       1
       4
       6
       5
       8
       4
       3
       5
       1
       3
       2
       7
       1
       2
       6
       3
       3
       1
       5
       4
       4
       3
       3
       2
       3
       2
       3
       6
       2
       2
       6
       2
       4
       3
       4
       3
       3
       6
       4
       2
       1
       2
       1
       1
       1
       2
       3
       5
       7
       2
       0
       3
       4
       2
       3
       2
       3
       1
       5
       6
       6
       2
       3
       4
       3
       5
       6
       2
       4
       4
       4
       5
       0
       4
       4
       8
       6
       1
       3
       3
       2
       6
       4
       5
       4
       1
       5
       5
       2
       4
       4
       2
       1
       2
       6
       2
       7
       6
       6
       2
       3
       4
       3
       2
       2
       1
       8
       1
       3
       2
       4
       4
       2
       4
       3
       3
       2
       2
       5
       0
       3
       0
       3
       1
       6
       6
       4
       3
       2
       3
       4
       7
       4
       5
       3
       3
       3
       8
       5
       4
       7
       3
       3
       2
       1
       5
       1
       3
       5
       5
       5
       1
       8
       1
       2
       3
       3
       3
       5
       2
       1
       2
       5
       3
       2
       3
       4
       0
       3
       7
       6
       5
       5
       2
       5
       2
       6
       1
       4
       6
       5
       8
       5
       5
       2
       4
       6
       3
       5
       8
       5
       6
       1
       4
       8
       5
       3
       6
       4
       2
       6
       6
       7
       4
       7
       3
       7
       2
       5
       6
       4
       5
       1
       2
       0
       2
       5
       5
       3
       6
       1
       5
       3
       2
       2
       2
       2
       7
       2
       4
       3
       3
       2
       0
       6
       5
       2
       3
       2
       3
       3
       0
       5
       6
       4
       2
       4
       4
       2
       6
       4
       3
       2
       2
       1
       2
       6
       3
       6
       2
       7
       8
       2
       4
       1
       4
       6
       3
       3
       5
       1
       1
       5
       4
       2
       4
       5
       3
       3
       0
       6
       4
       1
       2
       5
       4
       5
       2
       2
       6
       1
       3
       3
       2
       1
       2
       3
       3
       4
       4
       5
       5
       6
       5
       4
       3
       4
       1
       4
       9
       2
       4
       2
       1
       5
       0
       2
       2
       3
       1
       3
       3
       4
       2
       6
       3
       5
       2
       3
       3
       3
       5
       4
       4
       3
       3
       6
       5
       6
       4
       2
       6
       2
       3
       5
       5
       0
      10
       4
       4
       1
       5
       6
       5
       3
       2
       1
       3
       1
       6
       2
       4
       1
       2
       8
       2
       5
       4
       4
       5
       3
       2
       2
       4
       5
       6
       3
       3
       3
       4
       4
       6
       2
       3
       6
       2
       1
       2
       7
       7
       2
       5
       3
       6
       6
       3
       2
       2
       3
       7
       5
       7
       5
       7
       5
       5
       3
       1
       2
       4
       2
       3
       2
       6
       6
       2
       3
       3
       2
       5
       1
       6
       4
       0
       6
       6
       3
       4
       3
       6
       4
       7
       6
       3
       2
       3
       2
       3
       3
       7
       4
       3
       3
       8
       5
       9
       3
       5
       8
       6
       5
       8
       1
      10
       7
       6
       6
       5
       6
       8
      12
       7
       8
       8
      13
      18
      23
      26
      27
      33
      53
      56
      63
      78
      95
     143
     138
     190
     210
     248
     265
     265
     300
     322
     307
     318
     323
     312
     299
     292
     240
     184
     141
     116
     101
      59
      48
      37
      17
      12
       7
       4
       2
       4
       1
       2
       0
       2
       1
       1
       5
       4
       5
       4
       0
       2
       5
       3
       4
       3
       5
       1
       1
       3
       3
       5
       0
       2
       3
       4
       2
       1
       2
       1
       2
       2
       0
       2
       0
       0
       3
       3
       2
       3
       4
       1
       2
       3
       4
       1
       2
       1
       5
       2
       1
       4
       2
       3
       2
       1
       3
       2
       3
       2
       2
       1
       1
       0
       6
       2
       2
       5
       1
       2
       2
       1
       0
       6
       2
       1
       3
       3
       2
       0
       1
       3
       1
       0
       0
       3
       0
       1
       4
       3
       2
       3
       0
       4
       5
       0
       3
       2
       3
       2
       3
       2
       2
       2
       1
       4
       2
       0
       1
       1
       5
       1
       3
       0
       2
       3
       1
       2
       4
       3
       1
       1
       4
       1
       3
       0
       3
       5
       1
       1
       1
       1
       4
       3
       4
       1
       0
       3
       4
       2
       2
       3
       3
       3
       2
       4
       2
       3
       1
       0
       2
       1
       5
       1
       2
       2
       2
       0
       2
       4
       4
       3
       2
       2
       2
       3
       4
       3
       4
       1
       3
       2
       1
       1
       2
       1
       1
       1
       2
       5
       2
       3
       3
       1
       1
       0
       4
       0
       2
       4
       4
       3
       2
       4
       0
       2
       2
       3
       2
       0
       1
       0
       2
       2
       1
       0
       3
       3
       1
       2
       1
       0
       3
       2
       4
       2
       1
       2
       0
       6
       2
       2
       1
       3
       1
       1
       4
       2
       3
       0
       4
       0
       2
       1
       0
       3
       1
       3
       3
       1
       0
       2
       5
       3
       1
       2
       2
       1
       2
       2
       3
       0
       1
       5
       3
       0
       1
       0
       6
       0
       3
       3
       3
       1
       1
       3
       1
       0
       4
       0
       2
       2
       2
       1
       2
       1
       2
       1
       3
       1
       1
       2
       1
       0
       3
       2
       2
       1
       1
       1
       4
       1
       0
       0
       1
       0
       1
       1
       1
       2
       0
       0
       2
       1
       4
       2
       1
       1
       1
       1
       2
       0
       0
       2
       4
       1
       3
       1
       2
       3
       1
       1
       1
       3
       0
       2
       1
       2
       3
       1
       2
       0
       3
       1
       2
       2
       2
       1
       1
       1
       1
       3
       3
       0
       2
       3
       3
       2
       3
       1
       3
       0
       0
       2
       3
       1
       3
       5
       1
       2
       1
       3
       2
       1
       3
       2
       3
       0
       6
       2
       1
       3
       2
       2
       2
       3
       0
       3
       2
       1
       4
       2
       1
       1
       1
       4
       0
       0
       2
       0
       1
       4
       0
       0
       1
       0
       0
       1
       3
       3
       2
       2
       1
       4
       1
       2
       1
       2
       2
       2
       0
       1
       2
       1
       0
       3
       0
       1
       2
       0
       0
       2
       1
       2
       5
       2
       1
       1
       2
       1
       1
       2
       0
       1
       1
       0
       2
       0
       1
       1
       2
       1
       0
       2
       0
       0
       1
       3
       5
       3
       1
       2
       0
       4
       0
       4
       1
       1
       1
       1
       2
       3
       2
       1
       2
       0
       2
       1
       0
       0
       2
       1
       1
       1
       0
       1
       0
       2
       3
       1
       2
       1
       4
       1
       1
       0
       2
       1
       3
       2
       0
       2
       2
       2
       1
       1
       3
       1
       2
       3
       0
       0
       1
       2
       0
       2
       2
       0
       0
       2
       2
       2
       1
       1
       0
       4
       2
       1
       2
       1
       2
       1
       2
       1
       0
       1
       2
       2
       2
       1
       2
       3
       4
       0
       0
       0
       1
       0
       3
       2
       1
       2
       0
       2
       0
       2
       0
       2
       2
       1
       1
       2
       2
       7
       1
       2
       1
       2
       1
       3
       2
       2
       0
       1
       0
       2
       2
       1
       2
       2
       3
       5
       1
       1
       4
       0
       0
       4
       1
       0
       2
       2
       1
       1
       2
       0
       1
       2
       2
       1
       2
       3
       3
       2
       1
       1
       0
       1
       0
       0
       1
       1
       1
       1
       1
       1
       5
       2
       2
       0
       1
       3
       0
       3
       2
       2
       2
       1
       1
       1
       1
       4
       1
       4
       2
       0
       4
       0
       2
       3
       2
       0
       2
       1
       1
       3
       2
       2
       2
       0
       2
       2
       0
       1
       4
       1
       0
       2
       2
       3
       4
       1
       4
       2
       0
       0
       1
       1
       0
       1
       1
       2
       0
       3
       1
       2
       1
       0
       1
       1
       1
       0
       1
       1
       0
       1
       2
       1
       1
       3
       1
       2
       1
       0
       0
       2
       2
       0
       2
       1
       0
       3
       1
       1
       3
       3
       0
       0
       3
       2
       2
       2
       0
       2
       0
       0
       1
       3
       2
       3
       3
       1
       0
       1
       0
       1
       2
       0
       1
       2
       2
       1
       1
       0
       2
       2
       1
       1
       1
       1
       2
       1
       2
       5
       4
       1
       0
       1
       3
       1
       2
       2
       2
       0
       1
       2
       3
       2
       0
       3
       1
       0
       0
       1
       0
       1
       2
       3
       2
       2
       1
       0
       2
       3
       1
       2
       2
       1
       0
       0
       0
       2
       3
       4
       0
       1
       2
       3
       1
       1
       2
       1
       1
       2
       0
       4
       4
       2
       1
       0
       0
       0
       2
       3
       1
       2
       0
       1
       2
       1
       0
       1
       1
       0
       2
       1
       0
       3
       3
       3
       3
       2
       1
       2
       0
       1
       3
       0
       0
       2
       1
       1
       1
       5
       1
       3
       0
       1
       0
       1
       1
       4
       1
       1
       3
       0
       4
       0
       2
       1
       2
       4
       3
       2
       1
       4
       1
       4
       1
       1
       2
       0
       2
       2
       2
       1
       1
       0
       1
       0
       0
       1
       2
       1
       2
       1
       0
       0
       1
       3
       1
       1
       0
       1
       1
       2
       1
       1
       1
       3
       1
       0
       3
       1
       0
       3
       2
       4
       0
       1
       1
       0
       2
       2
       2
       1
       1
       3
       1
       2
       0
       1
       1
       1
       1
       3
       2
       0
       3
       1
       0
       1
       1
       2
       0
       2
       3
       3
       0
       0
       2
       0
       4
       0
       2
       1
       1
       0
       1
       2
       1
       4
       1
       1
       0
       0
       2
       0
       4
       1
       3
       1
       2
       1
       0
       1
       0
       0
       1
       1
       1
       1
       4
       0
       0
       2
       0
       2
       0
       2
       1
       1
       3
       2
       0
       1
       1
       3
       0
       1
       2
       1
       0
       1
       2
       2
       1
       0
       4
       2
       2
       1
       2
       0
       0
       0
       0
       0
       1
       1
       1
       3
       3
       2
       2
       1
       1
       0
       1
       3
       1
       3
       0
       0
       0
       2
       1
       2
       1
       0
       1
       2
       1
       2
       1
       0
       3
       1
       1
       1
       0
       3
       3
       0
       2
       0
       1
       1
       2
       3
       0
       0
       1
       2
       3
       1
       0
       4
       2
       1
       3
       1
       1
       1
       1
       0
       1
       1
       0
       2
       2
       5
       1
       3
       4
       3
       3
       4
       5
       5
       7
       6
       7
       7
       9
       6
       8
      15
      18
      21
      19
      18
      26
      28
      37
      37
      30
      21
      33
      34
      28
      25
      31
      16
      25
      16
      12
       9
       2
       6
       2
       4
       4
       3
       1
       0
       0
       0
       3
       1
       3
       1
       4
       2
       1
       1
       1
       3
       1
       0
       1
       0
       0
       2
       1
       1
       0
       2
       0
       1
       3
       1
       2
       2
       2
       0
       1
       2
       2
       0
       2
       1
       1
       0
       1
       2
       1
       1
       3
       2
       0
       3
       1
       3
       1
       0
       3
       1
       1
       1
       3
       2
       1
       4
       3
       2
       2
       2
       1
       0
       2
       2
       2
       1
       0
       1
       3
       1
       1
       2
       2
       1
       1
       2
       3
       1
       2
       0
       1
       1
       0
       4
       1
       2
       1
       2
       1
       0
       1
       0
       1
       1
       0
       3
       2
       0
       2
       1
       3
       1
       0
       0
       1
       0
       1
       1
       1
       1
       1
       2
       0
       0
       2
       0
       3
       3
       0
       2
       2
       0
       0
       1
       2
       0
       2
       1
       0
       1
       0
       1
       2
       1
       2
       1
       0
       2
       1
       1
       2
       0
       2
       0
       0
       1
       0
       0
       1
       1
       2
       1
       1
       0
       0
       1
       0
       0
       1
       2
       2
       1
       3
       2
       1
       2
       1
       1
       0
       3
       1
       1
       1
       3
       1
       2
       2
       0
       3
       3
       0
       0
       1
       0
       0
       0
       2
       1
       2
       1
       1
       1
       2
       0
       0
       0
       1
       1
       2
       1
       4
       1
       0
       0
       2
       1
       0
       1
       1
       2
       1
       0
       0
       2
       0
       1
       2
       0
       5
       1
       1
       0
       1
       1
       1
       4
       1
       0
       1
       1
       0
       3
       1
       2
       1
       1
       1
       1
       1
       1
       0
       1
       1
       1
       2
       0
       0
       1
       0
       3
       1
       2
       0
       3
       1
       0
       1
       0
       3
       1
       0
       4
       0
       1
       0
       0
       1
       1
       0
       0
       0
       1
       3
       0
       1
       2
       0
       0
       1
       0
       0
       0
       2
       1
       1
       0
       2
       1
       2
       4
       0
       0
       1
       2
       1
       2
       1
       0
       2
       0
       1
       1
       1
       0
       2
       1
       0
       4
       2
       5
       1
       1
       0
       1
       0
       0
       0
       0
       0
       0
       0
       0
       0
       0
       0
       0
       0
       0
       0
       0
       0
       0
       0
       0
       0
       0
       0
       0
       0
       0
       0
       0
       0
       0
       0
       0
       0
       0
       0
       0
       0
       0
       0
       0
       0
       0
       0
       0
       0
       0
       0
       0
       0
       0
       0
       0
       0
       0
       0
       0
       0
       0
       0
       0
       0
       0
       0
       0
       0
       0
       0
       0
       0
       0
       0
       0
       0
       0
       0
       0
       0
       0
       0
       0
       0
       0
       0
       0
       0
       0
       0
       0
       0
       0
       0
       0
       0
       0
       0
       0
       0
       0
       0
       0
       0
       0
       0
       0
       0
       0
       0
       0
       0
       0
       0
       0
       0
       0
       0
       0
       0
       0
       0
       0
       0
       0
       0
       0
       0
       0
       0
       0
       0
       0
$ROI:
1
4146 4168
$PRESETS:
Live Time
600
0
$ENER_FIT:
-1.504534 0.196418
$MCA_CAL:
3
-1.504534E+000 1.964177E-001 -1.544040E-007 keV
$SHAPE_CAL:
3
0.000000E+000 0.000000E+000 0.000000E+000
