$SPEC_ID:
HFNG Beamline
$SPEC_REM:
DET# 2
DETDESC# EasyMCA
AP# Maestro Version 7.01
$DATE_MEA:
06/22/2018 13:06:17
$MEAS_TIM:
600 605
$DATA:
0 8191
       0
       0
       0
       0
       0
       0
       0
       0
       0
       0
       0
       0
       0
       0
       0
       0
       0
       0
       0
       0
       1
       0
       0
       0
       0
       0
       0
       0
       0
       0
       0
       0
       0
       0
       0
       0
       0
       0
       0
       0
       0
       0
       0
       0
       0
       0
       0
       1
     129
     327
     253
     187
     245
     225
     270
     250
     274
     265
     251
     264
     298
     283
     267
     262
     252
     261
     223
     252
     225
     239
     263
     239
     272
     230
     233
     233
     253
     266
     205
     226
     256
     222
     216
     222
     233
     232
     242
     249
     216
     221
     250
     211
     225
     204
     209
     226
     222
     215
     226
     212
     232
     182
     215
     190
     194
     195
     209
     195
     199
     189
     222
     220
     206
     190
     216
     201
     178
     186
     174
     192
     187
     208
     190
     193
     194
     191
     158
     191
     172
     177
     172
     217
     183
     209
     196
     159
     186
     190
     171
     191
     190
     173
     169
     201
     180
     196
     167
     171
     171
     164
     197
     166
     158
     165
     162
     175
     173
     168
     183
     193
     195
     151
     175
     169
     160
     177
     188
     185
     183
     172
     167
     191
     159
     172
     187
     195
     138
     156
     187
     161
     178
     148
     142
     173
     150
     168
     185
     157
     171
     151
     170
     186
     153
     186
     159
     180
     184
     162
     159
     161
     144
     156
     157
     178
     188
     160
     169
     149
     149
     164
     174
     139
     175
     168
     163
     183
     164
     151
     143
     157
     149
     171
     144
     173
     171
     169
     171
     177
     155
     142
     181
     136
     159
     162
     170
     145
     150
     135
     156
     165
     139
     155
     152
     160
     141
     147
     149
     165
     138
     161
     137
     136
     169
     146
     178
     136
     138
     123
     135
     149
     164
     139
     153
     142
     156
     127
     140
     161
     161
     154
     152
     157
     158
     131
     139
     151
     139
     134
     146
     161
     146
     149
     122
     136
     137
     134
     132
     167
     144
     149
     155
     151
     147
     140
     124
     128
     145
     136
     143
     136
     149
     128
     142
     146
     149
     154
     147
     136
     152
     144
     132
     156
     140
     136
     146
     149
     133
     128
     156
     142
     151
     126
     115
     144
     160
     125
     147
     156
     129
     131
     158
     126
     146
     140
     142
     141
     144
     134
     172
     132
     130
     137
     141
     147
     143
     140
     138
     121
     125
     122
     147
     141
     144
     144
     140
     133
     166
     136
     151
     122
     154
     133
     128
     147
     142
     155
     137
     134
     135
     166
     174
     178
     241
     279
     275
     257
     207
     190
     127
     155
     170
     188
     249
     329
     380
     471
     376
     283
     192
     136
     124
     152
     134
     137
     136
     166
     132
     133
     136
     138
     121
     142
     105
     138
     123
     129
     135
     116
     130
     137
     158
     160
     157
     131
     129
     128
     131
     138
     122
     132
     128
     140
     124
      99
     130
     146
     142
     149
     119
     148
     158
     164
     188
     224
     239
     272
     284
     231
     183
     156
     160
     112
     135
     154
     134
     149
     169
     192
     166
     196
     185
     165
     133
     108
     148
     121
     152
     142
     127
     128
     134
     132
     120
     143
     133
     119
     123
     148
     117
     134
     139
     122
     133
     143
     136
     155
     136
     146
     149
     111
     142
     119
     115
     123
     120
     129
     120
     121
     134
     124
     135
     122
     121
     127
     145
     135
     129
     123
     123
     126
     139
     131
     122
     116
     106
     134
     137
     138
     119
     156
     128
     128
     146
     134
     130
     129
     107
     132
     122
     127
     130
     140
     119
     123
     118
     134
     141
     122
     118
     118
     132
     131
     137
     138
     133
     125
     117
     133
     138
     116
     142
     103
     119
     146
     121
     129
     134
     124
     149
     123
     149
     137
     125
     139
     137
     127
     120
     139
     134
     120
     138
     127
     148
     129
     117
     130
     136
     131
     145
     135
     124
     141
     115
     135
     137
     133
     143
     138
     124
     142
     157
     152
     129
     133
     119
     129
     144
     123
     141
     119
     118
     122
     155
     136
     118
     138
     129
     119
     127
     127
     152
     135
     135
     134
     132
     142
     119
     130
     136
     128
     121
     139
     120
     112
     114
     125
     132
     140
     110
     128
     118
     146
     126
     137
     131
     139
     128
     156
     137
     129
     126
     157
     159
     115
     134
     144
     137
     117
     120
     113
     150
     135
     124
     133
     145
     130
     128
     153
     137
     140
     144
     136
     147
     150
     150
     136
     140
     138
     144
     147
     128
     116
     117
     139
     142
     124
     114
     123
     121
     153
     126
     144
     139
     143
     144
     133
     127
     124
     142
     161
     138
     127
     159
     131
     119
     141
     138
     139
     159
     138
     141
     147
     151
     129
     133
     158
     133
     133
     148
     135
     125
     144
     135
     132
     143
     156
     192
     297
     436
     626
     699
     615
     444
     310
     191
     169
     123
     132
     144
     140
     125
     132
     143
     126
     123
     116
     149
     143
     133
     134
     135
     146
     134
     160
     146
     147
     130
     140
     144
     144
     150
     159
     150
     149
     171
     150
     160
     151
     153
     151
     146
     152
     138
     138
     166
     145
     147
     160
     142
     147
     144
     167
     146
     139
     133
     159
     159
     149
     157
     139
     182
     134
     167
     138
     172
     161
     177
     139
     162
     146
     167
     174
     162
     153
     158
     160
     172
     164
     150
     134
     163
     133
     142
     152
     141
     159
     163
     144
     175
     160
     139
     160
     159
     159
     165
     134
     161
     160
     162
     140
     165
     166
     132
     164
     159
     156
     179
     156
     198
     170
     165
     174
     179
     162
     166
     170
     170
     149
     155
     161
     160
     167
     175
     147
     168
     178
     158
     158
     156
     182
     173
     162
     168
     176
     143
     161
     149
     158
     172
     160
     142
     171
     154
     142
     127
     160
     168
     151
     158
     173
     141
     168
     140
     180
     176
     149
     154
     159
     156
     143
     158
     151
     156
     160
     166
     162
     166
     167
     163
     155
     183
     151
     177
     149
     163
     158
     162
     200
     149
     165
     170
     151
     198
     163
     148
     161
     168
     143
     162
     179
     154
     149
     151
     152
     188
     176
     165
     140
     160
     166
     172
     171
     148
     162
     151
     157
     147
     171
     177
     145
     161
     149
     166
     181
     164
     153
     137
     157
     158
     170
     148
     165
     163
     166
     157
     143
     170
     168
     143
     167
     170
     135
     167
     139
     151
     164
     157
     170
     164
     202
     155
     163
     154
     154
     157
     183
     170
     159
     138
     162
     140
     171
     162
     147
     154
     164
     163
     155
     150
     146
     140
     151
     144
     165
     163
     141
     148
     157
     145
     137
     152
     149
     145
     164
     143
     131
     134
     139
     133
     139
     159
     150
     114
     130
     156
     126
     151
     135
     148
     127
     128
     115
     142
     143
     145
     132
     148
     152
     147
     141
     131
     133
     124
     106
     130
     140
     120
     112
     144
     137
     151
     138
     127
     127
     123
     153
     140
     121
     101
     128
     149
     140
     136
     134
     116
     121
     110
     131
     139
     111
     118
     126
     117
     134
     137
     133
     126
     135
     129
     130
     111
     132
     123
     136
     151
     128
     122
     119
     147
     151
     126
     102
     110
     145
     125
     130
     137
     134
     127
     120
     130
     164
     124
     137
     152
     138
     117
     158
     135
     121
     124
     147
     124
     116
     129
     136
     131
     135
     133
     153
     140
     126
     132
     121
     122
     120
     111
     129
     119
     122
     130
     119
     145
     142
     129
     130
     138
     142
     123
     140
     117
     131
     127
     119
     143
     146
     142
     123
     122
     123
     128
     144
     117
     116
     129
     126
     133
     132
     128
     135
     139
     128
     118
     125
     133
     120
     125
     142
     125
     160
     126
     135
     128
     127
     134
     151
     143
     127
     113
     120
     110
     124
     131
     151
     120
     147
     122
     142
     122
     124
     112
     117
     140
     111
     137
     112
     128
     140
     111
     131
     120
     118
     127
     125
     114
     145
     125
     116
     126
     129
     132
     132
     116
     139
     105
     123
     109
     130
     130
     111
     116
     121
     121
     112
     125
     119
     111
     108
     117
     131
     127
     100
     113
     125
     122
     147
     115
     125
     124
     124
     110
     122
     133
     122
      99
     141
     117
     108
     130
     140
     131
     106
     117
     118
     109
     113
     109
     119
     138
     132
     144
     112
     105
     120
     117
     110
     125
     129
     130
     122
     122
     118
     119
     118
     118
     111
     109
     103
     132
     106
     110
     112
     105
     110
     113
     134
      96
     107
     103
     103
     115
     109
     123
     100
     125
      93
     115
     117
     115
     121
     100
     107
     129
      95
     119
     125
     110
     127
     111
     109
     101
     114
     105
     114
      99
      97
     102
     124
      98
     101
     114
     106
      99
     108
     118
     117
     104
     126
     125
     100
     109
     113
     110
      95
     100
      98
      95
     109
     101
     107
     116
      99
      99
     112
     105
      92
      99
      94
     108
      84
      89
      90
     116
     106
      95
     100
     106
     122
     106
      99
     114
      87
      94
      89
      89
      98
      93
     100
      90
      79
     105
      91
      92
      91
      74
      96
     105
      93
      94
     104
     102
      82
      91
     102
      78
      85
     111
     104
      91
      98
     114
      76
      83
      98
      86
      96
      93
      86
      84
      94
      74
      95
      89
      98
     106
      86
     101
      77
      75
      93
      70
      79
      82
      88
      88
      71
      87
      77
     110
      79
      96
      99
      92
      89
      99
      97
      81
      81
      85
      87
      83
      78
      90
      82
      92
      74
      99
      99
      87
      74
      76
      87
      88
      85
      77
      94
      91
      99
      78
      97
      80
      85
      83
      84
      91
      73
      89
      81
      88
     100
      92
      91
      74
      86
      92
      89
      97
      78
      83
      78
     100
      65
      80
      80
      88
      78
      91
      69
      93
      99
      82
      78
      77
      92
      96
     101
      86
      85
      85
      92
      83
      79
      95
      73
      85
      85
      80
      74
      72
      81
      75
      71
      64
     101
      64
      89
      71
      79
      70
      92
      74
      69
      91
      66
      90
      69
      74
      80
      86
      89
      75
      66
      93
      69
      67
      63
      58
      80
      72
      76
      67
      77
      68
      68
      71
      68
      75
      91
      85
      58
      69
      77
      85
      77
      78
      95
      75
      52
      80
      74
      74
      73
      69
      76
      63
      74
      93
      83
      73
      73
      74
      54
      69
      64
      70
      54
      61
      73
      63
      70
      68
      75
      74
      74
      77
      69
      71
      83
      60
      73
      69
      77
      71
      80
      68
      73
      73
      74
      87
      86
      87
      63
      89
      70
      75
      69
      65
      62
      78
      74
      83
      65
      79
      82
      61
      67
      72
      53
      60
      78
      66
      72
      71
      73
      72
      69
      68
      67
      71
      69
      66
      70
      67
      80
      74
      80
      76
      66
      50
      60
      69
      57
      67
      60
      70
      68
      70
      47
      67
      92
      66
      68
      79
      59
      71
      68
      68
      77
      71
      70
      62
      76
      56
      64
      53
      52
      75
      55
      59
      75
      79
      74
      59
      57
      60
      60
      52
      61
      71
      65
      65
      82
      53
      65
      65
      70
      69
      73
      70
      70
      65
      55
      65
      75
      55
      60
      43
      63
      64
      73
      69
      59
      62
      67
      70
      70
      69
      63
      57
      51
      61
      49
      70
      60
      78
      67
      56
      66
      61
      71
      63
      66
      74
      68
      67
      56
      66
      61
      71
      81
      76
      76
      60
      55
      52
      59
      73
      59
      66
      55
      68
      78
      72
      76
      68
      68
      76
      78
      86
      85
      82
      81
      90
      91
     103
     126
     146
     200
     296
     423
     771
    1184
    1892
    2659
    3136
    3266
    3214
    2560
    1769
     993
     501
     249
     144
      81
      50
      53
      50
      59
      49
      58
      58
      43
      39
      51
      39
      50
      54
      41
      51
      55
      42
      53
      46
      42
      43
      44
      59
      52
      45
      50
      46
      41
      49
      53
      51
      45
      40
      48
      55
      54
      49
      45
      54
      55
      52
      50
      47
      55
      70
      40
      50
      54
      50
      37
      63
      55
      42
      51
      47
      47
      40
      47
      49
      41
      45
      32
      44
      57
      50
      46
      39
      53
      42
      56
      45
      34
      48
      42
      52
      52
      52
      37
      55
      55
      43
      52
      55
      53
      54
      58
      78
      85
      76
      82
      75
      97
      64
      67
      65
      50
      48
      60
      54
      33
      45
      51
      36
      52
      44
      47
      48
      45
      51
      34
      40
      49
      48
      46
      43
      43
      45
      46
      42
      49
      46
      49
      44
      47
      39
      45
      38
      53
      41
      49
      40
      45
      42
      32
      37
      43
      42
      38
      46
      46
      50
      42
      55
      41
      42
      36
      45
      33
      49
      42
      39
      43
      35
      44
      43
      32
      46
      47
      50
      49
      46
      46
      37
      33
      36
      43
      42
      46
      56
      40
      38
      55
      42
      46
      39
      46
      37
      34
      55
      44
      44
      52
      28
      37
      56
      38
      42
      46
      41
      45
      51
      40
      38
      57
      51
      37
      32
      36
      36
      40
      45
      54
      35
      60
      45
      38
      38
      36
      55
      41
      39
      46
      42
      43
      46
      52
      38
      33
      32
      39
      40
      43
      43
      47
      45
      36
      50
      45
      36
      32
      49
      39
      56
      32
      55
      47
      46
      38
      43
      39
      49
      35
      41
      33
      49
      41
      49
      42
      29
      37
      33
      40
      46
      54
      45
      38
      36
      41
      49
      44
      43
      49
      46
      55
      53
      51
      47
      46
      56
      74
     100
     128
     174
     222
     251
     253
     264
     199
     169
     115
      91
      57
      40
      39
      49
      50
      37
      39
      41
      46
      34
      26
      52
      48
      38
      38
      38
      36
      39
      27
      52
      30
      37
      43
      39
      33
      40
      50
      32
      43
      48
      42
      21
      52
      34
      42
      31
      40
      41
      39
      53
      51
      50
      41
      34
      40
      42
      43
      41
      38
      31
      33
      31
      35
      44
      38
      38
      45
      46
      40
      45
      37
      50
      35
      36
      29
      43
      40
      31
      40
      41
      40
      40
      45
      38
      48
      34
      47
      46
      36
      32
      44
      44
      41
      38
      44
      41
      45
      46
      54
      54
      44
      41
      42
      38
      51
      53
      45
      35
      44
      48
      61
      54
      44
      42
      51
      43
      34
      52
      39
      48
      67
      62
      60
      68
      95
     102
     159
     253
     381
     554
     781
    1072
    1277
    1427
    1472
    1240
     961
     642
     412
     221
     115
      69
      42
      37
      37
      46
      28
      30
      29
      40
      32
      38
      38
      26
      34
      31
      42
      35
      34
      35
      32
      38
      36
      32
      40
      20
      45
      35
      39
      43
      31
      39
      42
      43
      26
      34
      42
      32
      33
      32
      31
      34
      31
      36
      35
      36
      45
      35
      45
      28
      37
      30
      27
      42
      27
      24
      38
      40
      25
      29
      25
      36
      29
      34
      33
      30
      34
      30
      29
      22
      34
      43
      39
      41
      25
      35
      36
      41
      41
      33
      33
      28
      33
      31
      39
      32
      39
      43
      33
      31
      38
      31
      42
      31
      41
      42
      26
      33
      32
      31
      32
      40
      31
      33
      40
      31
      25
      29
      26
      38
      25
      30
      45
      19
      36
      26
      31
      40
      37
      33
      28
      36
      25
      30
      40
      30
      26
      33
      17
      41
      27
      32
      40
      32
      27
      39
      34
      38
      35
      39
      31
      31
      36
      24
      39
      37
      29
      32
      32
      38
      35
      26
      43
      29
      31
      25
      31
      35
      27
      47
      33
      35
      35
      27
      38
      32
      45
      34
      28
      29
      35
      28
      29
      39
      40
      42
      24
      31
      29
      27
      24
      26
      29
      25
      20
      29
      23
      30
      33
      28
      30
      34
      27
      25
      32
      38
      27
      21
      21
      34
      39
      28
      21
      40
      38
      32
      39
      44
      23
      31
      33
      38
      31
      32
      33
      28
      46
      30
      36
      45
      31
      47
      32
      33
      42
      30
      44
      42
      62
      56
      62
      45
      52
      52
      40
      42
      34
      45
      41
      27
      33
      30
      30
      34
      30
      28
      30
      41
      24
      33
      33
      24
      27
      35
      34
      33
      35
      39
      29
      45
      30
      31
      22
      37
      33
      26
      29
      29
      29
      28
      39
      24
      34
      32
      32
      30
      34
      23
      32
      32
      26
      27
      35
      34
      35
      35
      32
      31
      28
      28
      38
      30
      32
      36
      27
      29
      25
      35
      27
      36
      35
      28
      32
      38
      36
      30
      23
      38
      30
      33
      21
      34
      41
      32
      30
      40
      30
      32
      29
      30
      39
      36
      30
      26
      32
      30
      40
      35
      23
      36
      30
      30
      32
      31
      36
      38
      28
      41
      44
      45
      39
      35
      32
      38
      33
      27
      26
      45
      38
      36
      34
      27
      42
      24
      36
      33
      42
      37
      26
      41
      23
      27
      21
      39
      34
      26
      36
      36
      37
      34
      26
      37
      28
      34
      38
      30
      38
      34
      28
      37
      31
      44
      25
      32
      21
      34
      34
      38
      27
      29
      35
      36
      37
      34
      34
      26
      35
      29
      44
      29
      33
      28
      37
      28
      38
      38
      33
      36
      40
      26
      27
      36
      22
      35
      29
      36
      25
      30
      31
      36
      30
      26
      29
      32
      30
      29
      41
      30
      36
      36
      32
      28
      31
      37
      24
      30
      38
      33
      39
      25
      24
      34
      38
      30
      28
      28
      32
      32
      36
      37
      29
      36
      37
      31
      38
      27
      33
      37
      29
      38
      40
      37
      36
      33
      38
      45
      36
      48
      44
      42
      40
      49
      45
      37
      49
      58
      54
      53
      57
      56
      35
      43
      42
      50
      40
      37
      33
      34
      27
      32
      36
      41
      30
      31
      23
      30
      37
      35
      37
      28
      29
      33
      29
      30
      33
      45
      33
      27
      33
      29
      30
      33
      23
      32
      35
      31
      32
      30
      32
      27
      33
      40
      24
      28
      28
      25
      28
      25
      30
      29
      29
      21
      33
      26
      30
      31
      31
      25
      31
      26
      28
      29
      34
      23
      28
      21
      39
      26
      32
      39
      26
      32
      25
      38
      22
      25
      34
      26
      39
      31
      37
      20
      38
      22
      31
      39
      26
      26
      35
      29
      31
      40
      31
      32
      26
      28
      36
      31
      29
      27
      35
      27
      27
      29
      39
      23
      35
      35
      29
      26
      36
      37
      35
      29
      32
      36
      35
      38
      39
      47
      24
      24
      34
      32
      32
      40
      39
      47
      27
      32
      24
      37
      23
      27
      40
      36
      37
      33
      26
      31
      30
      43
      31
      22
      28
      34
      32
      43
      35
      29
      20
      23
      21
      41
      32
      36
      31
      21
      28
      25
      34
      37
      33
      34
      25
      26
      28
      29
      25
      25
      33
      32
      29
      32
      26
      25
      22
      31
      33
      32
      21
      36
      27
      30
      27
      28
      28
      28
      37
      34
      25
      25
      27
      37
      36
      27
      29
      34
      31
      33
      32
      31
      37
      30
      26
      36
      29
      30
      36
      28
      30
      26
      22
      36
      32
      29
      25
      24
      37
      31
      31
      32
      30
      29
      36
      20
      28
      31
      33
      29
      34
      29
      26
      25
      27
      21
      19
      30
      38
      43
      40
      30
      28
      25
      28
      33
      26
      29
      29
      23
      36
      23
      39
      39
      28
      33
      31
      26
      26
      30
      26
      27
      25
      35
      19
      26
      34
      41
      26
      23
      20
      29
      26
      29
      38
      29
      39
      30
      27
      29
      28
      30
      39
      29
      29
      31
      33
      24
      29
      22
      26
      20
      34
      37
      28
      32
      27
      35
      30
      40
      20
      26
      32
      23
      30
      38
      33
      23
      24
      45
      35
      45
      39
      31
      34
      31
      27
      36
      37
      43
      24
      36
      32
      24
      33
      31
      33
      40
      33
      38
      34
      32
      30
      34
      25
      23
      50
      34
      23
      23
      32
      41
      26
      31
      30
      42
      33
      38
      22
      27
      28
      30
      32
      28
      28
      32
      30
      25
      23
      28
      26
      30
      30
      26
      31
      33
      30
      34
      31
      40
      41
      28
      21
      30
      24
      37
      31
      35
      41
      33
      28
      31
      25
      30
      25
      33
      35
      34
      31
      34
      32
      24
      34
      35
      29
      32
      21
      26
      22
      31
      35
      35
      29
      32
      28
      28
      33
      34
      36
      25
      31
      36
      27
      32
      30
      25
      27
      29
      31
      29
      26
      29
      32
      33
      11
      30
      27
      36
      28
      40
      35
      37
      27
      32
      33
      28
      32
      37
      32
      36
      40
      47
      38
      35
      24
      26
      22
      35
      41
      20
      21
      29
      28
      21
      19
      31
      33
      36
      27
      40
      35
      32
      39
      35
      29
      40
      24
      25
      28
      41
      30
      31
      31
      18
      36
      37
      25
      36
      25
      28
      28
      27
      40
      37
      25
      19
      39
      27
      30
      34
      37
      23
      27
      33
      30
      36
      38
      33
      36
      32
      23
      32
      37
      27
      35
      41
      36
      32
      31
      31
      34
      36
      41
      33
      45
      40
      33
      23
      27
      25
      30
      21
      31
      26
      34
      34
      42
      37
      37
      26
      32
      26
      36
      27
      17
      31
      26
      20
      31
      34
      29
      33
      28
      36
      18
      37
      27
      25
      39
      30
      28
      30
      29
      30
      22
      29
      34
      28
      36
      19
      27
      20
      28
      23
      29
      33
      27
      33
      25
      32
      34
      39
      39
      32
      27
      24
      28
      21
      30
      20
      44
      34
      28
      38
      38
      26
      27
      30
      33
      24
      39
      39
      24
      25
      30
      22
      24
      39
      30
      33
      26
      29
      28
      26
      30
      25
      48
      37
      25
      29
      28
      38
      24
      33
      20
      34
      33
      34
      34
      25
      34
      38
      23
      32
      26
      36
      24
      21
      23
      39
      34
      34
      31
      35
      39
      27
      24
      24
      26
      24
      26
      45
      27
      33
      37
      33
      32
      23
      24
      39
      32
      39
      37
      26
      26
      25
      27
      26
      27
      34
      28
      31
      20
      31
      30
      41
      43
      26
      19
      26
      25
      32
      31
      22
      27
      20
      33
      31
      27
      25
      31
      30
      22
      30
      28
      28
      33
      25
      31
      33
      45
      26
      23
      27
      27
      28
      23
      25
      28
      32
      29
      31
      22
      25
      26
      19
      33
      25
      28
      25
      24
      28
      36
      37
      28
      27
      21
      26
      29
      25
      35
      31
      35
      38
      20
      31
      36
      30
      26
      32
      26
      30
      28
      24
      32
      37
      32
      28
      34
      19
      25
      26
      29
      29
      26
      24
      30
      31
      31
      23
      34
      23
      35
      21
      23
      39
      31
      33
      29
      26
      28
      33
      30
      33
      24
      28
      30
      29
      40
      32
      25
      30
      29
      24
      29
      25
      20
      29
      20
      35
      24
      29
      35
      20
      31
      33
      36
      43
      27
      31
      29
      28
      27
      32
      25
      18
      31
      29
      30
      31
      32
      33
      25
      38
      30
      28
      29
      35
      37
      28
      33
      17
      29
      25
      30
      40
      25
      24
      20
      27
      32
      30
      25
      27
      27
      35
      31
      21
      20
      35
      37
      27
      21
      36
      22
      34
      23
      27
      32
      36
      38
      26
      37
      27
      34
      27
      28
      30
      27
      18
      40
      19
      29
      24
      41
      23
      28
      23
      37
      33
      22
      20
      27
      28
      33
      25
      26
      25
      24
      23
      26
      30
      38
      34
      24
      29
      28
      26
      41
      31
      31
      26
      27
      26
      25
      38
      21
      27
      34
      21
      36
      30
      24
      29
      27
      32
      28
      35
      34
      27
      31
      24
      22
      35
      34
      31
      25
      35
      20
      32
      36
      29
      31
      31
      30
      29
      27
      29
      26
      29
      30
      22
      34
      27
      29
      37
      27
      36
      29
      35
      28
      25
      23
      27
      40
      29
      22
      23
      34
      27
      24
      23
      16
      36
      24
      22
      38
      25
      28
      24
      27
      36
      29
      20
      24
      27
      23
      23
      29
      28
      20
      28
      24
      24
      27
      25
      36
      28
      22
      27
      25
      28
      31
      20
      31
      37
      24
      26
      23
      19
      27
      30
      26
      23
      22
      31
      34
      33
      29
      26
      28
      19
      32
      32
      32
      31
      36
      26
      33
      31
      28
      20
      28
      32
      37
      20
      36
      35
      26
      24
      33
      30
      20
      34
      20
      26
      29
      22
      27
      27
      21
      27
      29
      29
      32
      26
      28
      20
      22
      27
      28
      32
      29
      30
      29
      29
      33
      21
      32
      33
      18
      24
      34
      33
      17
      18
      34
      28
      29
      25
      30
      26
      25
      17
      28
      29
      26
      21
      35
      18
      28
      21
      38
      30
      35
      23
      21
      34
      30
      37
      24
      20
      24
      27
      19
      24
      27
      29
      20
      29
      24
      21
      35
      26
      19
      28
      18
      23
      31
      24
      34
      19
      26
      26
      21
      27
      24
      33
      25
      24
      25
      33
      27
      23
      28
      32
      28
      26
      31
      26
      20
      23
      30
      30
      27
      22
      20
      25
      36
      31
      30
      29
      33
      36
      34
      31
      32
      31
      24
      37
      18
      19
      19
      27
      26
      30
      30
      33
      29
      32
      36
      24
      31
      22
      28
      29
      18
      37
      28
      26
      22
      31
      24
      25
      30
      32
      33
      29
      26
      24
      34
      29
      20
      20
      21
      24
      31
      27
      30
      32
      33
      27
      27
      21
      34
      20
      24
      24
      27
      27
      25
      45
      24
      30
      30
      29
      28
      29
      39
      23
      30
      29
      24
      21
      25
      24
      32
      29
      34
      22
      31
      41
      31
      25
      38
      22
      26
      31
      21
      20
      31
      23
      28
      31
      33
      24
      30
      32
      31
      32
      34
      29
      36
      38
      23
      28
      28
      27
      32
      36
      20
      21
      30
      27
      25
      27
      24
      24
      26
      27
      23
      21
      31
      29
      28
      32
      32
      32
      30
      29
      31
      30
      28
      21
      27
      34
      32
      39
      34
      28
      28
      30
      35
      18
      36
      29
      33
      28
      24
      33
      31
      25
      31
      15
      32
      35
      26
      33
      27
      27
      29
      28
      23
      29
      27
      30
      19
      28
      32
      26
      21
      35
      36
      31
      31
      26
      31
      36
      30
      29
      38
      33
      38
      41
      21
      32
      28
      29
      28
      28
      26
      32
      22
      26
      25
      27
      30
      25
      21
      28
      27
      24
      29
      35
      25
      27
      30
      37
      33
      27
      25
      32
      27
      32
      21
      33
      28
      32
      31
      40
      28
      25
      39
      23
      31
      33
      29
      32
      33
      25
      29
      25
      30
      37
      34
      36
      40
      28
      28
      26
      30
      34
      34
      36
      31
      40
      30
      21
      33
      22
      36
      24
      30
      40
      39
      38
      37
      47
      30
      23
      30
      40
      39
      27
      22
      28
      26
      31
      38
      32
      29
      29
      37
      33
      30
      31
      36
      38
      24
      45
      43
      25
      19
      23
      33
      27
      41
      35
      33
      31
      31
      34
      22
      21
      34
      30
      30
      26
      31
      27
      25
      32
      33
      33
      38
      37
      32
      35
      34
      39
      36
      37
      13
      29
      24
      32
      34
      30
      30
      28
      35
      18
      19
      22
      32
      32
      12
      26
      25
      23
      35
      37
      22
      23
      26
      30
      30
      23
      35
      32
      26
      42
      26
      30
      31
      40
      32
      29
      40
      22
      22
      37
      28
      31
      23
      41
      22
      32
      26
      42
      32
      35
      32
      35
      30
      28
      25
      29
      30
      33
      36
      31
      35
      30
      29
      23
      22
      37
      32
      25
      30
      30
      28
      35
      32
      34
      19
      34
      33
      20
      34
      36
      38
      33
      38
      32
      27
      34
      32
      38
      30
      34
      24
      28
      38
      33
      27
      32
      30
      19
      29
      36
      36
      33
      33
      29
      30
      44
      30
      19
      24
      30
      34
      27
      33
      26
      41
      32
      29
      23
      29
      48
      22
      31
      44
      27
      30
      34
      38
      31
      37
      46
      64
      60
      79
      84
     118
     142
     168
     182
     153
     227
     237
     243
     211
     188
     140
     148
     129
      85
      70
      41
      38
      34
      46
      31
      41
      23
      39
      26
      40
      41
      27
      34
      25
      31
      34
      31
      35
      29
      32
      43
      47
      34
      30
      32
      38
      21
      29
      33
      34
      32
      24
      35
      28
      28
      28
      32
      26
      28
      27
      34
      31
      44
      21
      33
      30
      26
      47
      43
      25
      35
      32
      44
      23
      28
      37
      39
      39
      26
      35
      34
      24
      38
      36
      35
      25
      41
      23
      35
      36
      33
      40
      29
      31
      41
      37
      34
      37
      38
      39
      32
      23
      27
      29
      29
      35
      21
      32
      45
      39
      31
      41
      41
      35
      39
      47
      31
      28
      24
      40
      33
      33
      33
      30
      21
      24
      36
      38
      40
      37
      36
      32
      30
      30
      25
      34
      28
      22
      39
      33
      33
      36
      38
      34
      34
      38
      30
      39
      30
      34
      30
      39
      43
      27
      35
      39
      30
      42
      42
      31
      42
      39
      26
      31
      38
      33
      19
      36
      34
      31
      43
      34
      38
      31
      44
      36
      34
      32
      41
      41
      26
      30
      42
      29
      31
      36
      31
      30
      26
      45
      40
      35
      32
      34
      28
      32
      45
      45
      41
      41
      38
      35
      45
      47
      42
      38
      30
      31
      47
      36
      47
      37
      31
      43
      36
      42
      35
      32
      44
      24
      27
      37
      33
      24
      44
      45
      45
      31
      31
      27
      41
      37
      30
      37
      40
      39
      38
      41
      39
      35
      39
      43
      36
      43
      39
      38
      42
      44
      37
      31
      34
      49
      49
      44
      46
      29
      35
      40
      32
      40
      39
      35
      39
      43
      34
      40
      45
      42
      39
      43
      38
      34
      50
      52
      34
      32
      41
      43
      39
      29
      34
      41
      34
      41
      33
      34
      47
      48
      35
      33
      47
      26
      43
      45
      46
      34
      49
      34
      35
      32
      35
      30
      42
      36
      29
      43
      28
      35
      32
      36
      43
      35
      38
      42
      40
      43
      38
      25
      34
      40
      47
      22
      37
      45
      41
      50
      31
      50
      38
      37
      43
      38
      58
      36
      47
      40
      36
      35
      39
      38
      31
      50
      47
      36
      41
      54
      40
      31
      41
      36
      43
      42
      37
      36
      34
      34
      46
      40
      42
      35
      26
      43
      34
      37
      51
      29
      48
      42
      37
      32
      47
      40
      30
      23
      36
      31
      20
      41
      41
      30
      44
      38
      36
      36
      35
      30
      48
      35
      45
      31
      38
      28
      40
      32
      42
      32
      37
      39
      36
      24
      29
      32
      35
      25
      27
      29
      31
      27
      26
      30
      24
      33
      31
      28
      26
      44
      33
      30
      31
      26
      28
      25
      24
      24
      28
      33
      39
      30
      37
      36
      28
      24
      27
      27
      27
      27
      34
      33
      31
      29
      27
      21
      41
      24
      34
      25
      30
      29
      23
      28
      31
      27
      30
      30
      24
      38
      27
      19
      25
      36
      31
      21
      23
      30
      17
      30
      32
      33
      24
      21
      31
      26
      28
      19
      29
      37
      22
      27
      25
      26
      32
      36
      22
      22
      37
      32
      23
      27
      25
      28
      24
      23
      26
      33
      35
      16
      20
      25
      34
      27
      25
      35
      38
      29
      30
      31
      35
      21
      32
      26
      27
      30
      27
      24
      30
      31
      25
      42
      27
      27
      23
      38
      25
      37
      32
      24
      22
      32
      16
      22
      27
      29
      30
      24
      21
      26
      30
      33
      26
      22
      23
      27
      22
      26
      25
      25
      27
      29
      22
      27
      29
      24
      29
      23
      26
      34
      29
      20
      25
      25
      26
      13
      22
      29
      27
      29
      27
      27
      27
      16
      22
      23
      19
      40
      28
      32
      22
      34
      21
      25
      31
      22
      30
      12
      29
      27
      25
      23
      16
      32
      23
      31
      33
      31
      22
      31
      23
      28
      27
      18
      28
      31
      23
      27
      37
      21
      29
      28
      25
      25
      29
      36
      25
      27
      27
      20
      23
      26
      20
      20
      26
      27
      20
      32
      24
      31
      36
      18
      26
      23
      24
      23
      29
      27
      42
      25
      24
      25
      38
      25
      33
      18
      20
      21
      34
      21
      26
      33
      30
      22
      23
      25
      34
      26
      16
      20
      26
      20
      19
      31
      16
      24
      19
      22
      22
      19
      23
      21
      25
      24
      36
      26
      23
      21
      32
      28
      27
      24
      19
      19
      28
      32
      26
      26
      33
      15
      22
      22
      26
      27
      25
      33
      38
      30
      33
      28
      22
      30
      31
      26
      37
      23
      28
      13
      28
      24
      27
      27
      20
      23
      25
      26
      17
      28
      13
      26
      27
      33
      28
      37
      25
      22
      27
      30
      21
      28
      28
      28
      28
      21
      27
      29
      22
      26
      18
      23
      13
      32
      28
      18
      18
      26
      36
      27
      27
      30
      27
      27
      28
      32
      30
      31
      17
      17
      26
      32
      27
      27
      21
      25
      24
      24
      33
      24
      28
      25
      26
      20
      24
      30
      29
      28
      26
      20
      26
      23
      21
      24
      25
      30
      28
      23
      30
      25
      34
      26
      32
      25
      25
      21
      18
      31
      29
      27
      36
      27
      29
      31
      31
      34
      30
      30
      24
      31
      36
      26
      31
      21
      25
      20
      29
      26
      24
      31
      23
      27
      19
      27
      26
      26
      22
      27
      29
      27
      25
      20
      25
      28
      14
      19
      25
      21
      28
      20
      25
      33
      26
      28
      26
      24
      31
      25
      23
      29
      16
      29
      31
      23
      26
      26
      31
      22
      30
      23
      22
      25
      27
      25
      21
      23
      26
      24
      27
      19
      23
      21
      24
      27
      23
      27
      28
      19
      21
      25
      21
      18
      29
      25
      29
      29
      34
      18
      20
      20
      22
      18
      20
      22
      33
      23
      29
      24
      19
      25
      29
      28
      26
      29
      27
      19
      31
      30
      15
      22
      28
      27
      27
      21
      23
      29
      24
      30
      26
      30
      28
      28
      23
      25
      27
      16
      27
      23
      18
      30
      33
      31
      24
      29
      28
      26
      23
      23
      25
      35
      27
      31
      20
      29
      24
      27
      22
      18
      26
      17
      25
      21
      22
      26
      33
      28
      19
      32
      28
      27
      24
      29
      26
      31
      23
      20
      21
      26
      29
      30
      23
      21
      25
      21
      20
      29
      31
      14
      17
      23
      16
      25
      29
      34
      24
      26
      21
      25
      27
      26
      17
      29
      25
      25
      23
      26
      22
      22
      29
      28
      28
      23
      16
      28
      24
      22
      20
      35
      26
      22
      23
      34
      23
      28
      24
      29
      25
      26
      24
      24
      24
      22
      22
      16
      35
      20
      24
      25
      27
      27
      22
      34
      30
      25
      25
      37
      31
      24
      21
      31
      23
      28
      15
      28
      27
      29
      31
      29
      25
      22
      26
      25
      20
      18
      32
      30
      22
      34
      27
      31
      21
      23
      23
      23
      22
      25
      13
      25
      22
      23
      17
      30
      27
      27
      26
      20
      29
      33
      27
      25
      25
      16
      31
      26
      28
      22
      25
      39
      19
      27
      25
      30
      37
      36
      28
      31
      36
      22
      25
      34
      20
      28
      32
      27
      24
      28
      21
      27
      25
      27
      26
      24
      30
      33
      28
      25
      29
      26
      26
      41
      42
      24
      24
      35
      28
      32
      30
      25
      27
      32
      29
      33
      35
      21
      33
      17
      32
      26
      41
      38
      31
      29
      21
      30
      34
      33
      30
      28
      22
      26
      24
      25
      21
      36
      27
      31
      26
      32
      34
      25
      32
      29
      32
      25
      30
      25
      39
      31
      30
      26
      28
      35
      24
      27
      26
      23
      18
      29
      22
      26
      30
      28
      28
      20
      30
      24
      22
      30
      23
      21
      28
      24
      27
      29
      29
      32
      33
      27
      26
      25
      37
      33
      31
      24
      40
      34
      25
      37
      39
      27
      25
      24
      23
      26
      21
      35
      29
      35
      32
      27
      25
      37
      30
      27
      34
      43
      24
      33
      38
      22
      30
      34
      33
      27
      35
      36
      28
      29
      25
      29
      30
      27
      24
      29
      22
      35
      37
      38
      24
      29
      25
      19
      31
      31
      30
      29
      34
      46
      31
      24
      31
      35
      29
      37
      18
      25
      34
      29
      22
      38
      34
      30
      25
      28
      37
      29
      38
      23
      31
      26
      35
      25
      39
      35
      32
      24
      29
      34
      33
      33
      22
      46
      34
      37
      32
      28
      30
      38
      34
      34
      28
      27
      36
      27
      40
      26
      29
      34
      38
      37
      30
      32
      43
      26
      34
      39
      33
      41
      30
      24
      30
      26
      30
      34
      29
      34
      39
      34
      33
      31
      32
      28
      30
      40
      26
      40
      29
      34
      36
      32
      29
      37
      23
      32
      30
      32
      23
      32
      25
      31
      32
      30
      25
      28
      30
      28
      27
      19
      24
      27
      24
      27
      24
      29
      26
      27
      24
      24
      23
      18
      26
      21
      21
      19
      20
      15
      29
      40
      25
      24
      24
      28
      21
      28
      20
      15
      28
      23
      31
      21
      17
      20
      20
      23
      20
      22
      32
      18
      20
      27
      32
      30
      30
      26
      35
      25
      17
      34
      29
      35
      34
      27
      25
      26
      32
      29
      28
      31
      31
      35
      27
      28
      34
      33
      28
      44
      46
      43
      53
      67
      53
      68
      95
      96
     146
     176
     202
     230
     289
     342
     393
     483
     529
     564
     549
     589
     575
     545
     503
     458
     374
     355
     229
     197
     148
     105
      64
      38
      26
      34
      22
      19
      23
      10
       9
       9
      16
      20
      18
       9
      16
      18
      19
      11
      14
      14
      13
      25
      19
      15
      15
      27
      22
      22
      12
      24
      19
      19
      17
      22
      19
      18
      13
      18
      19
      15
      10
      18
      15
      19
      13
      13
      13
       8
      13
      15
      15
      15
      12
      16
      12
      14
      23
      12
      18
      19
      13
      22
      17
      23
      13
      13
      16
      12
      15
      22
      16
      14
      21
      13
      12
       9
       7
      15
      12
      17
      16
      11
      19
      13
      14
      19
      12
      12
      17
      18
      10
      15
      18
      11
      15
      16
      12
      14
      15
       5
      13
      14
      11
      19
       9
      10
      13
      17
      11
      20
      17
      18
      11
      11
      11
      14
      16
      11
      13
      11
      16
      19
      15
       8
      12
      11
      10
      15
      17
      19
      16
      14
      12
      10
      13
      16
      16
      18
      24
      15
       9
      13
      13
      16
      12
      13
      14
      16
      13
      11
      11
      13
      14
      19
      16
      18
      15
      14
      14
      10
      16
      19
       7
      22
      14
       6
       9
      17
      18
      13
      16
      20
      12
      17
      18
       8
      15
      13
       5
      13
      14
      10
      15
      12
      15
      14
      15
       9
      11
      10
      13
      15
      16
      13
      13
      20
       8
      16
      17
      16
      12
       8
      17
       9
      11
      15
      11
      18
      15
      13
      10
      12
       7
      12
      12
      16
      12
      15
      11
      10
      15
      19
      18
      15
       9
      19
      15
      13
      12
      16
      11
      22
       7
       9
       7
      15
      12
      13
      11
      15
      18
      19
      15
       9
      10
      13
      13
      18
      10
       9
      13
      11
      11
       8
      12
      15
      14
      11
      14
      10
      14
      11
       9
       6
       8
      15
      12
      17
      10
       9
       7
       6
       9
      13
      13
      12
       7
      10
      19
      11
       8
       8
       9
      10
      12
      12
       7
      13
      15
      14
      10
       8
      10
      14
      19
      13
       9
       4
      13
      11
      12
      14
       5
      14
      16
       9
      16
       9
      12
       9
      11
      11
       9
      10
       9
      13
      14
      11
      10
       7
      11
      11
       9
      13
      10
      14
       8
       7
      12
       9
      14
       8
      13
      17
      12
       8
      12
      12
      11
       8
      11
      12
      12
      16
       7
      11
       9
      12
      11
      11
       9
      11
       6
       6
       7
      12
       9
      11
      11
       7
       9
      12
      13
       7
       6
       7
      11
       8
       5
       6
      13
      11
       7
      12
      14
      11
       4
       7
      15
       6
      10
      10
      12
      16
       4
       6
      11
      13
       7
       6
       6
      11
       6
      10
       8
       6
      21
       6
       3
      14
      15
       7
       6
       7
       8
       7
       5
       7
       9
       6
       8
      10
       4
      10
       6
      10
      10
      13
       5
       9
       5
       9
      12
      10
       5
       8
       3
       8
      11
      11
       9
       9
       9
      13
       7
      10
      12
       8
      13
      10
       6
       8
      10
       9
      10
      12
      11
      12
       7
       6
       7
       9
       8
      16
       6
       8
       9
       8
       5
       5
       6
      12
       8
       8
      11
       7
       4
      14
      15
      12
      12
       5
       6
       4
       9
       9
       4
      11
       9
       7
       9
       6
       8
       3
      10
       9
       7
       6
       5
       7
       6
      11
       3
       9
       6
       9
       3
      12
       8
       6
      11
       2
       4
       8
       8
       7
       5
       7
       9
       6
       6
       7
       6
      11
      12
       6
      10
      11
      12
       4
       8
       8
       6
       5
       8
       9
      12
       5
       8
       9
       9
       9
       8
       7
       5
       9
      10
       7
       5
       9
       7
       8
       7
       8
       2
       5
       6
       6
       4
       7
       7
       6
       8
      11
      11
       6
       7
       6
       7
       8
       8
      10
       4
       8
       4
      13
       3
       9
       7
       5
       9
       4
       8
       4
      14
      12
       4
       3
       7
       4
       9
       9
       9
       9
      11
       5
       8
       3
       1
       8
       4
       5
       8
      12
       5
      10
      12
       7
       3
       6
       6
       6
       7
       7
       2
       7
       3
       5
      12
       9
       9
       4
       6
       4
       6
       9
       8
       3
       4
       6
       5
       6
       6
      10
      16
       7
       6
       7
       5
       8
       6
       3
       6
      10
       8
       4
       5
      11
       5
       8
       7
       8
       7
       9
       6
       4
       7
       9
       6
       6
      10
      13
       5
       7
      10
       6
      12
       7
       8
       9
       5
      12
       1
       5
       8
       5
      10
       6
       7
       9
       5
       6
       5
       8
       5
       7
      10
       8
      10
      11
       6
      10
       6
       2
       6
       4
       7
       8
      16
      10
       4
       6
       8
      11
      12
       7
       8
       7
       6
      12
       3
      14
       7
       9
       1
       7
      10
      11
       9
       9
       9
       5
       2
       5
       6
       9
       3
       8
      10
       5
      10
      10
       4
      11
      10
       7
       7
       5
       4
       5
       8
       9
       8
       5
       4
       6
       6
       4
       8
       3
       9
       8
       6
       9
       9
       6
       5
       7
       7
       7
       7
       8
       3
       7
      10
       7
       9
      16
       7
       4
       9
       9
       8
       4
       5
       7
       5
       9
       3
      10
       5
       5
      10
       8
       8
       7
       3
       5
       7
       4
       6
       5
       7
       3
      13
       6
       5
       9
       8
       5
       9
       8
       6
       5
       8
       7
      11
      10
       8
       6
       3
      11
      10
       4
      11
       7
       3
       8
       5
       4
       4
      10
       2
       4
      10
       5
      14
       8
       3
       5
       5
       6
      10
       8
       9
       4
       5
       2
       6
      10
      14
       6
       6
       4
      12
       9
       5
      10
       7
       3
      11
       2
      10
      11
       4
       5
       6
      10
       5
       8
       9
       4
      13
       6
       9
       2
       6
       7
       8
      11
       9
       8
       5
       7
       7
       5
       8
       7
       6
      12
      10
       5
      11
       8
       9
       3
      14
       5
       7
       8
      10
       7
       3
       8
       7
       9
      11
      11
      12
       7
       9
      10
       4
      11
       7
       7
       3
       6
      11
       8
      10
       8
       4
      10
       8
       6
      11
       8
       6
       5
       6
       6
       5
       7
       6
       5
       8
       5
       8
       5
      10
       9
      14
       5
       6
       9
       7
       3
       9
       7
       6
       3
       8
       7
       2
       7
       7
       6
       8
       8
       6
       8
       9
       4
       8
       6
       4
       9
       8
      12
       9
      13
       2
      13
      12
       7
       8
      10
       6
      11
      15
       8
       8
       9
      14
      13
       7
      14
      15
      12
      12
      20
      17
      25
      24
      23
      44
      38
      55
      72
      78
      87
     130
     156
     198
     210
     270
     299
     354
     402
     475
     513
     507
     545
     609
     574
     583
     554
     535
     514
     451
     369
     313
     236
     189
     122
      87
      75
      41
      21
      16
      20
       8
       3
       5
       6
       6
       7
       4
       3
       7
       0
       2
       1
       5
       3
       5
       3
       7
       7
       3
       2
       3
      10
       6
       3
       4
       2
       5
       5
       4
       5
       3
       2
       1
       6
       6
       6
       5
       4
       2
       4
       4
       5
       5
       8
       1
       3
       4
       6
       3
       4
       3
       0
       4
       4
       2
       3
       5
       3
       4
       5
       3
       4
       3
       5
       4
       2
       8
       4
       2
       4
       5
       2
       5
       2
       2
       2
       4
       3
       3
       3
      10
       4
       3
       2
       6
       9
       8
       4
       4
       4
       5
       1
       8
       2
       3
       3
       3
       5
       7
       5
       1
       3
       2
       5
       5
       2
       4
       3
       2
       2
       5
       3
       2
       1
       2
       3
       2
       5
       7
       4
       3
       1
       5
       2
       2
       0
       2
       2
       5
       3
       3
       3
       6
       1
       2
       3
       3
       2
       7
       7
       2
       2
       3
       6
       5
       4
       3
       5
       2
       1
       2
       7
       0
       4
       6
       4
       3
       6
       4
       3
       3
       2
       4
       4
       1
       3
       2
       3
       4
       6
       4
       1
       3
       2
       0
       4
       7
       2
       2
       3
       4
       2
       8
       0
       3
       2
       7
       4
       3
       1
       5
       5
       0
       4
       4
       4
       6
       4
       2
       2
       1
       5
       4
       3
       3
       8
       4
       4
       1
       6
       0
       3
       4
       2
       4
       3
       1
       4
       3
       4
       2
       6
       2
       2
       7
       0
       5
       3
       4
       3
       1
       2
       3
       2
       4
       3
       2
       1
       4
       2
       4
       6
       5
       3
       2
       4
       1
       2
       5
       6
       2
       4
       5
       4
       7
       2
       2
       3
       5
       1
       3
       3
       7
       1
       3
       1
       6
       7
       5
       3
       3
       5
       2
       6
       1
       2
       3
       3
       4
       4
       3
       7
       4
       5
       4
       6
       2
       2
       0
       2
       5
       1
       1
       6
       2
       3
       1
       3
       2
       6
       3
       2
       6
       2
       3
       6
       5
       3
       6
       5
       3
       2
       4
       2
       5
       2
       3
       4
       5
       3
       3
       6
       6
       1
       5
       1
       5
       2
       6
       2
       5
       3
       5
       1
       5
       0
       1
       3
       2
       2
       5
       3
       4
       4
       3
       2
       2
       4
       5
       3
       2
       2
       3
       2
       4
       5
       3
       4
       2
       5
       2
       5
       1
       4
       1
       3
       3
       1
       2
       5
       4
       2
       0
       4
       4
       3
       4
       2
       1
       1
       2
       3
       0
       5
       5
       4
       2
       1
       5
       1
       3
       2
       2
       6
       4
       5
       2
       4
       0
       2
       5
       4
       4
       2
       4
       2
       2
       3
       3
       2
       1
       6
       3
       2
       2
       2
       1
       3
       4
       2
       3
       2
       5
       3
       4
       3
       0
       2
       1
       3
       4
       4
       4
       1
       1
       2
       2
       7
       6
       2
       5
       2
       7
       1
       1
       2
       0
       4
       2
       4
       3
       5
       1
       0
       1
       4
       3
       2
       5
       3
       1
       2
       5
       2
       2
       7
       2
       5
       4
       2
       7
       1
       0
       1
       1
       3
       2
       0
       2
       3
       1
       5
       3
       5
       2
       1
       5
       3
       4
       2
       6
       4
       2
       5
       7
       3
       4
       4
       3
       1
       2
       3
       1
       3
       2
       3
       4
       4
       3
       0
       1
       2
       0
       3
       3
       2
       2
       2
       6
       2
       2
       5
       5
       4
       2
       6
       3
       4
       2
       0
       5
       0
       1
       1
       2
       1
       6
       1
       6
       1
       1
       1
       3
       1
       2
       2
       3
       5
       4
       4
       4
       1
       1
       1
       3
       6
       5
       3
       0
       7
       6
       3
       1
       5
       8
       5
       5
       1
       1
       4
       3
       5
       3
       2
       2
       3
       1
       4
       4
       1
       4
       2
       2
       4
       2
       2
       4
       2
       2
       1
       1
       5
       5
       1
       2
       3
       2
       1
       0
       2
       2
       0
       4
       3
       3
       2
       3
       2
       2
       3
       4
       4
       3
       1
       0
       0
       0
       4
       1
       2
       1
       0
       4
       1
       3
       6
       9
       7
       3
       6
       4
       2
       2
       3
       4
       1
       4
       2
       1
       2
       3
       7
       4
       3
       1
       7
       2
       4
       4
       3
       2
       3
       6
       5
       6
       1
       2
       0
       1
       3
       4
       3
       3
       1
       2
       3
       1
       3
       5
       4
       2
       5
       2
       3
       0
       0
       4
       4
       3
       3
       2
       1
       3
      10
       2
       2
       3
       1
       3
       6
       4
       3
       0
       2
       1
       3
       2
       2
       0
       1
       3
       2
       3
       3
       1
       3
       2
       5
       0
       5
       6
       3
       2
       2
       4
       5
       0
       1
       2
       4
       2
       1
       2
       3
       2
       1
       0
       2
       5
       1
       3
       2
       3
       2
       2
       3
       5
       3
       6
       3
       4
       6
       5
       0
       3
       2
       4
       2
       2
       2
       3
       2
       0
       2
       7
       3
       3
       3
       4
       4
       1
       2
       0
       0
       3
       0
       1
       1
       1
       2
       3
       3
       2
       4
       2
       4
       1
       0
       3
       1
       0
       2
       3
       1
       3
       3
       5
       0
       2
       2
       0
       4
       4
       1
       1
       3
       1
       0
       1
       1
       3
       0
       3
       4
       3
       2
       0
       5
       3
       0
       5
       6
       1
       1
       9
       2
       4
       3
       3
       3
       3
       0
       2
       2
       2
       2
       5
       4
       3
       0
       2
       4
       3
       2
       4
       3
       4
       1
       3
       1
       3
       2
       3
       4
       1
       6
       2
       3
       6
       2
       1
       4
       3
       1
       4
       1
       3
       2
       2
       2
       1
       0
       6
       3
       6
       5
       3
       3
       1
       5
       3
       1
       2
       4
       1
       3
       5
       7
       3
       5
       1
       3
       4
       4
       5
       4
       1
       2
       6
       1
       4
       0
       2
       3
       2
       5
       4
       6
       3
       1
       2
       2
       5
       2
       4
       4
       6
       4
       2
       3
       0
       2
       2
       2
       3
       5
       2
       2
       1
       1
       3
       0
       3
       4
       4
       1
       3
       3
       5
       4
       3
       3
       3
       2
       3
       3
       2
       3
       1
       4
       0
       2
       1
       2
       1
       4
       3
       4
       2
       3
       1
       4
       2
       0
       1
       3
       3
       1
       2
       1
       2
       3
       2
       0
       1
       1
       4
       2
       7
       1
       4
       4
       6
       4
       4
       2
       1
       4
       2
       4
       2
       3
       2
       2
       2
       2
       1
       0
       5
       3
       4
       4
       1
       1
       0
       2
       4
       1
       1
       0
       1
       4
       3
       3
       1
       3
       2
       1
       2
       4
       3
       2
       2
       1
       5
       3
       6
       4
       4
       2
       3
       2
       0
       6
       2
       5
       3
       5
       4
       0
       3
       4
       3
       2
       3
       6
       5
       2
       1
       6
       1
       2
       3
       2
       4
       5
       2
       4
       2
       3
       3
       2
       2
      10
       5
       5
       0
       3
       3
       3
       8
      13
       8
      10
      16
      12
      10
      15
      29
      24
      28
      37
      37
      34
      33
      53
      42
      48
      47
      43
      52
      62
      46
      45
      45
      46
      37
      33
      29
      25
      17
      11
       8
       4
       5
       4
       4
       1
       2
       7
       3
       3
       1
       1
       2
       1
       2
       2
       2
       5
       2
       5
       3
       3
       1
       3
       5
       0
       2
       4
       3
       0
       3
       1
       2
       2
       4
       4
       2
       1
       5
       3
       1
       4
       0
       3
       2
       2
       3
       3
       5
       3
       3
       2
       4
       8
       1
       1
       1
       6
       3
       0
       2
       5
       3
       1
       2
       2
       2
       2
       0
       3
       0
       4
       1
       1
       4
       1
       4
       6
       1
       0
       4
       0
       1
       3
       2
       6
       6
       2
       4
       5
       4
       3
       5
       6
       3
       4
       0
       5
       3
       5
       1
       1
       4
       3
       2
       8
       4
       5
       1
       7
       3
       0
       2
       2
       2
       3
       0
       2
       2
       3
       2
       4
       0
       2
       4
       2
       3
       4
       2
       2
       3
       3
       2
       4
       3
       1
       1
       1
       1
       0
       4
       1
       3
       1
       4
       3
       4
       3
       3
       1
       2
       2
       4
       1
       2
       2
       0
       2
       3
       2
       1
       2
       2
       0
       3
       4
       1
       1
       1
       2
       3
       4
       5
       1
       1
       3
       3
       3
       1
       3
       1
       1
       2
       4
       1
       4
       0
       2
       2
       1
       1
       0
       1
       0
       2
       5
       1
       5
       2
       1
       2
       0
       1
       2
       2
       2
       2
       0
       1
       3
       3
       3
       1
       4
       2
       2
       3
       3
       3
       0
       2
       3
       2
       1
       3
       0
       0
       1
       1
       2
       1
       2
       0
       1
       4
       0
       2
       0
       3
       2
       0
       2
       3
       2
       3
       2
       3
       0
       2
       1
       3
       1
       3
       5
       2
       1
       0
       0
       2
       1
       3
       6
       1
       2
       1
       2
       1
       5
       2
       1
       2
       2
       2
       4
       4
       2
       0
       1
       4
       1
       3
       3
       1
       3
       1
       2
       2
       1
       0
       4
       1
       1
       1
       2
       1
       3
       3
       0
       3
       1
       2
       1
       2
       3
       1
       2
       2
       1
       1
       2
       2
       3
       2
       0
       3
       0
       2
       0
       4
       2
       5
       1
       1
       2
       0
       0
       0
       0
       0
       0
       0
       0
       0
       0
       0
       0
       0
       0
       0
       0
       0
       0
       0
       0
       0
       0
       0
       0
       0
       0
       0
       0
       0
       0
       0
       0
       0
       0
       0
       0
       0
       0
       0
       0
       0
       0
       0
       0
       0
       0
       0
       0
       0
       0
       0
       0
       0
       0
       0
       0
       0
       0
       0
       0
       0
       0
       0
       0
       0
       0
       0
       0
       0
       0
       0
       0
       0
       0
       0
       0
       0
       0
       0
       0
       0
       0
       0
       0
       0
       0
       0
       0
       0
       0
       0
       0
       0
       0
       0
       0
       0
       0
       0
       0
       0
       0
       0
       0
       0
       0
       0
       0
       0
       0
       0
       0
       0
       0
       0
       0
       0
       0
       0
       0
       0
       0
       0
       0
       0
       0
       0
       0
$ROI:
1
4146 4168
$PRESETS:
Live Time
600
0
$ENER_FIT:
-1.504534 0.196418
$MCA_CAL:
3
-1.504534E+000 1.964177E-001 -1.544040E-007 keV
$SHAPE_CAL:
3
0.000000E+000 0.000000E+000 0.000000E+000
