$SPEC_ID:
HFNG Beamline
$SPEC_REM:
DET# 2
DETDESC# EasyMCA
AP# Maestro Version 7.01
$DATE_MEA:
06/22/2018 14:36:51
$MEAS_TIM:
600 602
$DATA:
0 8191
       0
       0
       0
       0
       0
       0
       0
       0
       0
       0
       0
       0
       0
       0
       0
       0
       0
       0
       0
       0
       0
       0
       0
       0
       0
       0
       0
       0
       0
       0
       0
       0
       0
       0
       0
       0
       0
       0
       0
       0
       0
       0
       0
       0
       0
       0
       0
       0
      48
     122
      99
     105
     114
     118
     124
     112
     122
     121
     134
     129
     115
     127
     114
     125
     115
     118
     107
     107
     127
     114
     112
     121
     127
     110
     101
     117
     110
     111
     100
     101
     115
     104
     104
     102
     120
     102
     109
      91
     100
     110
     111
     105
      89
     109
     100
     106
      88
      89
      84
     119
      88
      92
     116
     100
      95
      99
      98
      84
     102
     104
      91
      97
      79
      77
      88
      80
      98
      78
      88
      80
      82
      81
      95
     103
      87
      75
     102
      69
      90
      89
     110
      89
      98
      90
      84
      79
      69
      98
      83
     100
      94
      66
      88
      82
      94
      82
      92
      85
      81
      86
      79
      75
      78
      97
      83
      92
      90
      83
      94
      87
      88
      84
      65
      77
      59
      77
      77
      85
      68
      81
      94
      72
      82
      77
      95
      87
      83
      65
      72
      93
      69
      83
      82
      84
      85
      90
      62
      91
      83
      84
      71
      81
      83
      81
      90
      84
      62
      88
      70
      70
      84
      69
      90
      65
      76
      70
      76
      75
      76
      69
      76
      53
      80
      69
      61
      86
      62
      74
      73
      59
      67
      86
      67
      61
      61
      67
      61
      80
      58
      72
      73
      69
      78
      55
      66
      62
      62
      70
      71
      78
      81
      79
      75
      94
      76
      74
      70
      74
      80
      76
      79
      62
      69
      62
      71
      79
      82
      82
      77
      69
      61
      74
      74
      75
      63
      69
      60
      60
      67
      75
      69
      70
      74
      65
      74
      79
      66
      65
      66
      65
      65
      67
      83
      69
      70
      70
      66
      72
      68
      70
      48
      72
      62
      61
      56
      86
      80
      79
      59
      80
      61
      67
      64
      59
      72
      80
      61
      76
      64
      67
      64
      83
      56
      75
      69
      63
      66
      62
      56
      77
      66
      84
      61
      58
      61
      59
      66
      80
      70
      69
      71
      80
      75
      73
      74
      65
      71
      51
      66
      74
      70
      57
      61
      52
      67
      74
      65
      69
      70
      64
      51
      81
      63
      67
      73
      69
      58
      73
      77
      64
      66
      67
      73
      84
      67
      60
      66
      72
      72
      76
      72
      81
     121
     137
     162
     129
     101
      85
      64
      65
      78
      81
      99
     167
     208
     227
     202
     150
      86
      70
      55
      74
      71
      62
      74
      44
      70
      70
      66
      61
      67
      56
      61
      57
      65
      74
      55
      62
      64
      80
      52
      62
      60
      66
      57
      68
      65
      57
      64
      65
      66
      76
      72
      63
      60
      60
      76
      68
      43
      71
      79
      59
      90
      90
     121
     123
     141
     122
      86
      80
      61
      79
      61
      66
      65
      79
      76
      80
      96
      79
      89
      87
      67
      54
      76
      56
      58
      50
      51
      59
      54
      55
      66
      52
      55
      78
      64
      60
      54
      59
      69
      55
      50
      53
      54
      63
      60
      60
      61
      60
      66
      45
      55
      65
      54
      64
      60
      74
      58
      57
      51
      73
      41
      57
      58
      52
      64
      52
      61
      42
      49
      51
      53
      56
      69
      70
      52
      58
      38
      63
      62
      57
      60
      50
      49
      67
      51
      60
      56
      64
      59
      58
      59
      59
      45
      62
      57
      61
      59
      49
      66
      59
      78
      58
      60
      67
      51
      56
      47
      65
      61
      53
      77
      58
      59
      64
      65
      67
      58
      56
      57
      64
      66
      52
      51
      62
      50
      68
      56
      60
      52
      58
      58
      57
      61
      69
      67
      62
      70
      61
      54
      63
      67
      63
      74
      63
      65
      50
      67
      60
      63
      54
      44
      66
      55
      54
      61
      65
      52
      59
      55
      54
      77
      65
      82
      61
      66
      52
      78
      63
      62
      56
      66
      59
      57
      74
      80
      57
      69
      70
      47
      60
      59
      84
      61
      64
      67
      56
      60
      67
      58
      55
      58
      64
      60
      69
      66
      68
      74
      61
      58
      52
      54
      65
      60
      52
      66
      56
      64
      61
      65
      72
      66
      54
      64
      65
      71
      51
      56
      80
      63
      76
      68
      59
      68
      55
      65
      60
      72
      67
      52
      55
      66
      64
      70
      61
      72
      74
      59
      58
      72
      68
      59
      78
      64
      51
      64
      82
      75
      81
      62
      63
      64
      55
      65
      62
      62
      59
      58
      60
      58
      69
      76
      53
      69
      69
      74
      60
      60
      76
      71
      53
      56
      72
      64
      63
      95
     132
     167
     220
     226
     243
     167
     121
      79
      77
      70
      71
      67
      54
      67
      71
      77
      80
      61
      49
      74
      74
      77
      63
      72
      61
      66
      76
      72
      65
      73
      63
      77
      78
      55
      76
      78
      66
      65
      84
      73
      70
      73
      71
      74
      69
      83
      83
      72
      73
      89
      84
     100
      79
      79
      77
      88
      76
      81
      80
      76
      69
      76
      59
      69
      76
      81
      67
      84
      87
      75
      83
     104
      88
      83
      84
      66
      79
      73
      96
      98
      69
      67
      87
      67
      79
      85
      86
      88
      89
      63
      90
      85
      87
      90
     101
      87
      75
      70
      93
      79
      62
      80
      89
      71
      97
      84
      79
      87
      61
      89
      94
      79
      91
      86
      77
      85
      89
      92
      82
      74
      76
      84
      76
      77
      59
      81
      79
      69
      85
     103
      87
      81
      89
      72
      79
      90
      84
      68
      82
      89
      75
      82
     102
      69
      76
      82
      85
      92
      74
      84
      75
      63
      91
      92
      80
      83
      75
      88
      78
      82
      78
      70
      79
      82
      81
      87
      81
      85
      70
      75
      87
      79
      98
      83
      91
      73
      73
      79
      91
      73
      95
      88
      92
      85
      90
      79
      89
      87
      86
      73
      79
      95
      88
      81
      70
      98
      92
      83
      86
      83
      99
      83
      77
      79
      88
      89
      82
      85
      95
     102
      80
      83
      80
      90
      97
      87
     105
      78
      86
      77
      72
      70
      91
      86
      81
      75
      88
      80
      88
      83
      60
      69
      88
      76
      82
      79
      92
      83
      81
      77
      71
      85
      69
      66
     100
      86
      79
      86
      84
      90
      88
      77
      85
      91
      65
      69
      92
      79
      87
      89
      80
      77
     100
      75
      77
      66
      81
      85
      76
      68
      71
      90
      69
      77
      68
      76
      81
      66
      74
      63
      57
      89
      84
      64
      56
      59
      83
      72
      49
      70
      61
      63
      63
      74
      50
      61
      54
      62
      71
      64
      74
      71
      66
      64
      62
      69
      56
      62
      51
      70
      67
      72
      65
      53
      69
      60
      61
      65
      58
      44
      69
      65
      54
      53
      50
      72
      72
      56
      67
      54
      61
      60
      56
      58
      54
      53
      52
      52
      61
      60
      68
      61
      54
      55
      59
      62
      47
      46
      62
      54
      55
      46
      50
      55
      50
      62
      61
      68
      56
      53
      55
      55
      47
      43
      59
      46
      56
      52
      51
      47
      43
      42
      47
      51
      58
      49
      54
      60
      50
      66
      57
      59
      55
      64
      51
      50
      60
      73
      55
      55
      47
      60
      55
      61
      51
      50
      59
      48
      42
      57
      60
      52
      60
      58
      43
      45
      57
      55
      59
      66
      46
      48
      52
      54
      48
      63
      61
      60
      46
      55
      55
      42
      46
      64
      51
      47
      43
      56
      60
      55
      50
      62
      50
      59
      52
      51
      45
      52
      56
      60
      43
      50
      55
      51
      64
      72
      58
      63
      45
      39
      52
      57
      48
      57
      48
      53
      37
      64
      46
      40
      54
      41
      52
      65
      51
      55
      36
      48
      50
      58
      50
      53
      60
      47
      56
      58
      56
      52
      43
      44
      51
      57
      38
      51
      45
      38
      53
      55
      55
      41
      61
      43
      52
      48
      47
      59
      53
      51
      47
      48
      46
      49
      39
      45
      45
      50
      49
      47
      58
      59
      58
      47
      42
      42
      38
      62
      64
      56
      40
      46
      41
      43
      45
      44
      38
      43
      42
      48
      43
      43
      44
      40
      49
      55
      36
      42
      46
      47
      42
      35
      51
      49
      54
      45
      40
      52
      52
      42
      42
      46
      46
      33
      36
      47
      41
      40
      44
      36
      39
      44
      49
      37
      43
      42
      36
      39
      41
      32
      28
      50
      45
      41
      36
      41
      49
      51
      43
      37
      40
      44
      35
      36
      41
      40
      34
      45
      39
      52
      43
      35
      37
      55
      36
      34
      48
      45
      44
      47
      51
      39
      36
      40
      29
      39
      39
      41
      38
      41
      46
      42
      48
      48
      34
      45
      42
      47
      45
      39
      35
      28
      42
      45
      40
      42
      41
      49
      39
      44
      39
      41
      30
      41
      39
      45
      39
      31
      32
      42
      39
      42
      40
      39
      46
      47
      47
      30
      41
      33
      42
      35
      37
      27
      26
      41
      40
      34
      43
      35
      37
      42
      34
      35
      31
      38
      35
      32
      41
      34
      34
      34
      27
      31
      36
      41
      39
      28
      27
      33
      41
      29
      32
      35
      26
      33
      30
      50
      35
      29
      31
      32
      43
      25
      39
      19
      24
      36
      31
      33
      26
      30
      31
      30
      38
      26
      29
      41
      34
      37
      36
      46
      27
      31
      29
      24
      32
      36
      32
      39
      44
      23
      42
      28
      51
      31
      38
      31
      32
      36
      33
      34
      36
      31
      23
      33
      26
      30
      27
      30
      35
      38
      24
      42
      35
      35
      39
      34
      33
      39
      30
      34
      33
      37
      28
      26
      32
      39
      26
      32
      31
      24
      23
      14
      25
      34
      24
      27
      30
      35
      34
      30
      30
      33
      34
      28
      39
      28
      27
      32
      21
      35
      37
      40
      30
      36
      29
      46
      32
      22
      25
      23
      39
      25
      20
      31
      36
      36
      34
      32
      29
      22
      32
      32
      34
      30
      29
      29
      29
      24
      26
      21
      35
      34
      28
      39
      22
      24
      31
      28
      20
      26
      23
      36
      27
      32
      36
      35
      38
      24
      29
      26
      29
      31
      30
      26
      26
      30
      20
      38
      32
      24
      22
      31
      32
      25
      33
      25
      39
      23
      31
      34
      33
      33
      36
      36
      18
      33
      25
      24
      18
      22
      26
      23
      29
      24
      28
      34
      25
      24
      35
      25
      31
      29
      21
      35
      31
      39
      29
      33
      29
      31
      24
      23
      24
      29
      19
      25
      24
      27
      24
      28
      32
      33
      26
      28
      22
      23
      25
      37
      17
      23
      29
      23
      29
      24
      23
      24
      38
      25
      30
      23
      24
      31
      22
      32
      27
      27
      29
      26
      33
      31
      16
      31
      25
      25
      20
      31
      25
      30
      27
      24
      22
      24
      27
      22
      28
      29
      20
      43
      20
      18
      26
      30
      27
      18
      17
      25
      25
      25
      31
      24
      32
      27
      29
      18
      16
      23
      29
      22
      21
      25
      25
      21
      37
      26
      34
      30
      35
      36
      27
      28
      30
      25
      33
      22
      32
      22
      26
      26
      19
      33
      23
      32
      24
      31
      30
      27
      26
      48
      25
      20
      27
      35
      26
      21
      20
      29
      26
      23
      23
      24
      31
      29
      36
      37
      31
      37
      41
      47
      58
      82
     114
     164
     357
     600
     992
    1479
    2136
    2582
    2734
    2540
    1989
    1283
     791
     348
     155
      63
      31
      17
      11
      18
       9
      18
      17
      19
      16
      11
      15
      15
      19
      20
      18
      21
      17
      14
      12
      14
      13
      13
      23
      16
      18
      15
      20
      18
      15
      16
      18
      23
      15
      19
      11
      15
      14
      14
      18
      12
      18
      15
      10
      18
      14
      20
      19
      10
       9
      13
      23
      13
      23
      13
      20
      11
      10
      16
      17
      15
      15
      14
      15
      14
      12
      20
      16
      15
      14
      13
      13
      22
      14
      18
      10
      10
       9
      24
      17
      12
      12
      16
      18
      21
      15
      22
      18
      20
      18
      25
      33
      32
      26
      13
      21
      15
      19
      19
      15
      18
      23
      16
      17
      13
      18
      12
       7
      12
      12
      15
      14
      12
      15
      13
      14
       7
      12
      15
      10
      11
      16
      11
      14
      14
      10
      11
      16
      12
      12
      26
      13
      14
      11
      17
      12
      16
      19
       6
      16
      10
      10
      10
      13
      20
      11
      16
      18
      16
      11
      18
      12
      16
      17
       6
      13
      16
      16
      14
      16
      16
      15
      15
      14
      14
      20
      14
      18
       8
      11
      12
      13
      13
      15
      12
      12
      17
       4
       9
      15
      18
      20
      18
      20
      12
      10
      14
      11
       9
      16
       7
      16
      15
      20
      13
      16
      16
      11
      15
      20
      15
      17
      14
      10
      17
      17
      14
      13
      13
       9
      15
      15
      10
      13
      17
      10
      14
      12
      12
      10
      11
      18
      11
      21
      15
       9
      20
      20
      11
       8
      17
      16
      18
      19
       8
      10
      10
      22
       8
      13
      14
      13
      12
      12
      14
       8
      12
      11
      18
      13
      11
      10
      18
      15
      14
      19
      12
      13
      17
      19
      16
       8
      11
      15
      12
      15
      15
       8
      13
      20
      23
      44
      48
      47
      84
      89
     101
     143
     117
     113
      73
      46
      51
      20
      16
      19
      16
      11
      14
      13
      18
       8
      18
      22
      11
      12
      15
      21
      11
      12
      15
      13
      11
       9
      19
      10
      13
      12
      12
       9
      15
      10
      17
      16
      14
      12
      15
       7
      12
      15
       7
      10
      12
      11
      17
      10
      16
       9
      15
      10
      13
      10
       9
       9
      16
       5
      14
       7
       9
      21
       9
      15
       8
      10
      11
      17
      12
      11
      11
      11
      15
       6
      11
      13
      12
      17
      16
      14
      20
      19
      16
      10
      19
      11
       8
      17
      12
       9
      13
      11
      10
      17
      12
      17
       8
      11
      19
      16
       8
      18
      14
      14
      15
       9
      15
       7
      17
      13
      15
      17
      19
       9
      18
      20
      22
      17
      23
      16
      29
      42
      66
     129
     196
     260
     355
     425
     518
     447
     406
     309
     204
     101
      58
      26
      13
      12
      12
      14
      11
       6
      11
       6
       9
      10
      12
      11
       9
       8
       5
      11
       6
      18
       6
       7
      14
      13
      15
      17
      15
      10
      12
      11
       5
       8
      19
      15
      12
      14
      15
      10
       9
      16
      12
      15
      11
      12
      14
       6
       8
      11
      10
      13
       9
      15
      12
       7
      11
       8
       7
       6
      14
       5
       7
      13
      14
       7
       3
       9
      10
      19
      10
       5
      12
      12
      11
       5
       9
      14
      13
      12
      14
      11
       6
       8
       8
       8
       9
      11
      12
      14
       8
       8
      14
       4
       8
       6
       7
       7
      15
       7
      13
       9
       7
       6
       9
      13
      18
      10
       8
      14
      17
      13
      19
      12
      16
       9
      14
       7
       7
       9
      13
      10
      15
       9
      12
      11
       6
      11
       5
       7
       5
      15
       8
      12
       4
       7
       8
      15
      11
       9
       8
       7
      20
       8
       9
      14
      10
       8
       6
      10
      21
      14
      10
       9
      11
      12
       9
      11
       8
       9
      19
      14
       6
      12
       9
      12
      11
      11
       7
      15
       9
       9
       6
       9
      13
       7
       6
      14
      11
       9
      12
       4
      14
       7
      13
      11
      15
      11
       7
      12
      13
       7
       9
      14
      15
      16
      11
       7
       9
      20
       4
       4
       7
      17
       7
       6
       8
      13
       9
       7
      13
      12
       8
      10
       7
      15
       9
       9
      15
      11
       6
       9
      10
      12
       8
      12
      10
      13
       7
      13
      11
      18
      21
      25
      18
      12
      16
      13
      16
      13
      13
      17
       8
       7
       7
       6
      11
       8
       8
       8
       7
       4
      15
       7
       8
      11
      12
      12
       7
      14
      15
       7
      15
      11
       9
       9
      17
       9
      12
      10
       9
       9
      13
       9
      11
      12
      15
      15
       7
       7
       9
       6
      10
       8
      10
       8
      12
      11
      11
      10
       9
       9
       9
      10
      12
       7
      12
      12
       6
      14
      10
       9
       7
       5
       5
       8
       6
      12
      12
      11
       6
      16
      10
      14
       8
      16
       9
       4
      15
       9
       9
      12
       4
       9
       8
       6
      13
      15
      11
       6
      11
      10
      10
       8
      12
      10
       6
      13
      11
       7
       7
       7
      12
      11
       6
      15
      13
       9
       9
      12
      11
      13
       8
       5
       9
       7
      12
       6
       5
      10
      12
       8
      12
      13
      16
       7
       6
       7
       8
       8
      14
      10
       5
       6
       5
       9
      10
      16
       7
      14
      10
       7
      12
       9
       6
      17
      10
      10
       7
       8
       8
       8
      10
       4
       6
      15
       8
       8
       9
      15
      10
      12
       9
      12
      13
       6
      12
       9
      10
       8
       9
      17
      13
       8
       9
       8
      13
       7
      14
       8
      10
      10
      10
      10
       6
      11
      12
       9
      13
      10
       6
       8
       9
      14
      11
      14
       5
      12
      13
      12
      10
      12
      11
      11
      13
       5
      10
       4
      12
       8
       5
      13
       7
       8
       7
      12
       2
      11
      16
      10
       5
      10
       7
      12
      16
      11
      14
      12
       8
      13
      11
      14
      11
      16
      21
      13
      23
      17
      17
      26
      11
      12
      16
      13
      13
      12
      12
      10
      12
      10
       7
       5
       9
      13
      11
       9
      11
      11
       5
       9
      10
      13
       5
       7
      15
       9
       6
       6
       9
       3
       9
       7
       9
       7
      15
      12
      14
       9
      11
      11
       9
      11
      13
       7
      10
       3
       8
      12
      13
      10
      16
       9
      15
       8
       9
       8
      10
      12
       9
      10
      11
       6
      12
       8
      12
      10
      11
      11
      13
      16
       7
       8
      18
       9
      10
      10
       6
       7
       6
      10
       8
       5
       4
       7
       7
       9
       9
      15
       9
       8
      16
      10
       4
       7
       9
      12
      12
      10
       7
      11
      14
       8
       8
       9
       5
      12
      10
      13
       8
       8
      21
      12
       6
      10
       9
      13
      11
       9
      10
       8
      10
       7
      18
       8
       8
       6
      13
      16
       9
      11
      12
      14
       8
       8
       9
       6
      15
       9
      17
       6
      12
      10
      14
      11
       9
      13
       5
       2
      10
       9
       9
       5
       8
       6
       8
       7
       5
      15
      12
       5
       9
       8
       7
       8
       8
       9
      12
       6
      13
      12
      11
       4
       9
       5
      15
      11
      14
      16
      18
       8
       8
      14
       6
      14
      15
      13
      11
      10
       9
      10
      12
       9
       9
       7
      10
       6
      14
       7
       7
       8
      12
      11
       8
      10
       6
       8
       9
      13
      12
       8
      10
       6
      10
       7
       8
       3
      10
      11
      12
       4
      12
       6
      11
      10
      15
       9
      14
      11
      12
      14
       8
       6
      11
      11
      11
       7
      12
      11
      10
       3
      13
       7
      12
      13
       9
       7
       4
      10
      13
      12
      12
      12
       9
       8
       6
       7
      10
       8
      11
      13
      10
       9
      10
       8
      11
       8
      10
       7
       9
      10
      10
      13
      12
       8
      12
       7
      14
       6
      11
      10
       8
       8
       8
      10
       9
      10
       6
       9
      13
       9
      11
       8
      15
       4
       8
       8
      13
       9
       7
       9
       5
      13
      11
      10
      12
       9
      12
      13
       8
       9
       7
      11
      10
      10
      12
      12
      10
      10
      11
      10
      10
      13
      15
       9
       5
       9
      10
       8
       8
       8
       4
       6
      10
      14
      12
       8
      11
       9
       7
       8
      16
       8
       9
       8
      12
       8
       8
      10
      10
       8
      14
      10
      16
       8
       9
       7
      15
      12
      19
      10
       4
      10
       9
      10
      14
      13
       6
       7
      13
      15
      12
       8
      15
      18
      13
       9
       8
      21
       6
       4
       9
       6
       6
      14
       7
      13
       9
       7
       5
       9
       6
       8
      11
      16
      16
       9
      14
       9
      15
      12
      17
       9
      11
       6
      12
       9
       9
       7
       7
      13
      14
      11
       9
      16
       9
       8
      10
       8
       5
      12
       6
       8
       6
      10
       8
       7
       8
      10
      11
      11
      12
      14
      12
      11
      11
      15
      13
      10
      15
      14
       5
       9
      10
       9
      11
      17
       8
      12
       8
      11
      12
       7
      10
       7
      13
      11
      12
       6
      11
       9
       6
      11
      16
      12
      15
      14
       4
      11
      13
      12
      11
      13
       6
       7
       6
      13
      13
       7
       6
      12
       9
      13
      11
      14
      14
      11
      10
      12
      11
      12
       9
       9
       7
       6
      17
      12
       9
       6
      13
      13
       8
      11
      17
      13
      13
      11
      10
      11
      18
       7
       4
      12
       3
      11
      15
       8
       7
      12
      11
      11
       8
       8
       8
      14
       9
      13
      11
      12
      18
       9
       8
      11
       5
      11
       6
      11
      10
       6
      10
       7
       5
      12
       9
      14
       4
      15
       7
       9
      14
       9
      15
       7
      14
       8
      11
       5
      10
      10
      10
       9
      12
       7
       7
      11
       9
       9
      14
      10
       9
       9
       7
      10
      15
      10
       9
      10
      16
       7
      12
       8
      13
       7
       7
      11
      12
       4
      15
      13
       8
       8
      11
       8
      16
      10
       4
      11
      10
       5
       7
      13
      15
       9
      11
      14
       9
      13
      10
       5
       4
       6
      16
       5
       9
      10
      11
      12
       4
       6
      17
       6
       6
       9
      10
      14
      10
      11
      10
      10
      16
       7
       9
      17
       7
      10
       4
       9
       7
      11
       5
      10
       8
       4
       8
       7
       9
       6
       9
      16
      10
       5
      11
       7
      11
       9
       1
       9
       6
       8
      10
       5
      16
      11
      11
      12
       7
       3
       6
      11
       7
       9
       8
       7
      11
       6
      14
       9
       8
      10
       9
      17
       9
      12
       6
       7
      10
       9
       8
       8
       6
       5
      10
      10
       8
      14
      10
       9
      16
      11
      12
       7
      15
       6
      12
      12
       9
      10
       6
       9
      10
       6
       7
       8
       4
       9
      10
       7
      12
      13
       9
      14
       9
       9
       8
       8
      10
       7
       6
       5
       7
      11
       7
       9
      14
      11
       7
       6
       7
      12
      10
       5
      10
       7
       5
       8
      10
      17
       6
       6
       5
      11
      11
       6
       7
       8
       8
       8
      14
       5
       9
      14
       6
      14
       6
      12
      10
       8
       4
      10
       5
      12
      13
       5
      13
       8
       9
       8
       8
      15
      12
       8
       9
       5
      10
      10
       3
       7
      10
      10
       8
      13
       9
      14
       8
      13
       6
       8
       9
      10
       9
       9
      15
      12
       6
       6
       8
      11
      10
      11
       6
       9
      11
       3
      11
       8
       8
       7
       9
      10
       3
       6
       9
       5
       7
       9
      10
       6
      11
       9
      10
       5
       9
       7
      11
       9
       8
      12
      10
      12
       7
       7
       9
       5
       4
      10
      11
      16
      13
       6
      10
      10
      10
      10
      12
       6
      13
      10
       9
       8
       6
       6
       6
       3
       6
       5
       8
      10
      15
      11
       7
       6
       7
       9
      10
       9
       9
      12
       7
      12
      10
       7
      12
      16
       8
       6
      10
      10
      10
      10
       7
       6
      10
       9
      10
       9
      11
      13
       8
      13
       8
       7
      10
      10
      12
      17
       8
      10
       9
       7
      16
       6
      12
      10
      10
       9
       9
      11
       7
       8
       5
       7
       5
       9
       7
       5
      17
      11
       7
       6
      12
      12
      13
       1
       6
       9
      11
       9
      17
      10
       8
      14
       6
       6
       8
       6
       5
       9
       7
       9
       9
      10
       9
       4
       9
       8
      10
      15
      11
       6
      12
      14
       9
       7
      13
       7
       8
       7
       7
       9
      11
      11
       6
       7
      12
      14
       6
       4
       8
       5
      10
      10
       8
       5
      12
       7
       8
       6
      10
      12
      12
       6
      11
      12
      12
      11
      12
       9
      10
      10
       9
       7
       7
      10
       9
      11
      13
      10
       5
       7
      12
       8
       7
       5
       8
      12
      10
      11
       9
      11
       2
       8
       5
      11
      11
       8
       6
      13
      10
       7
       7
       8
       8
       4
      11
       9
       3
      10
       9
       6
       6
      14
       4
       9
      10
       9
      10
      10
      12
       5
      12
       7
      10
      11
       4
       6
       9
       5
      10
      12
      10
      14
      12
       8
      17
      10
       8
      11
       6
      11
       8
       6
      10
       7
      11
       9
       6
      10
       8
       9
      12
       6
      15
       9
       7
      10
       2
       7
       9
       8
       7
       7
       4
       6
      12
      14
      11
       4
      11
       8
       6
       7
       8
      12
       6
       9
      13
       9
      11
      10
       6
       6
       7
      14
       9
       8
       6
      11
      18
      15
       8
      12
      10
       7
       7
      13
       8
       7
       6
      13
       7
       5
      11
       8
       8
       5
       9
       7
       5
       7
      11
      15
       6
       7
      13
      11
      14
       7
       6
       9
       6
      15
       8
       8
       9
       9
       7
      10
       8
       7
       5
      10
      14
       5
       7
      10
      10
      11
      10
       8
       7
       6
       7
       8
       7
       2
      10
       8
      17
      14
      11
       9
       9
      13
      10
       5
       5
       9
       9
       7
       4
       5
       7
      12
      10
       9
       8
      10
       8
       9
      11
       8
      10
      10
       5
       8
       7
       8
       9
       7
      10
       9
       9
      15
      10
       7
       6
       8
       6
       8
      11
       6
      12
       5
       8
      11
      10
       8
       9
      12
      10
       8
       7
      10
       6
      12
      14
      10
       7
       7
      10
      10
      10
       8
      10
       8
      14
       9
      11
      15
       6
       8
      10
       6
      11
       2
       8
      12
      12
      10
      11
       9
      10
       6
       9
      11
      15
       7
       8
       9
       3
       7
       3
       5
      11
       7
       9
       5
      12
       4
       8
       4
       6
       5
      12
       8
       4
       8
      11
       3
       4
      10
       8
       7
       6
      10
       8
       7
      10
       9
       9
       8
      10
      11
      12
      10
       8
      12
       8
       9
      10
      11
       6
       8
       5
      11
      11
      11
       7
      10
       7
      11
      12
       9
       8
       5
       7
      11
      14
      11
      11
       8
       5
       5
      10
      11
       4
       7
      11
       8
       9
      10
       5
      11
      14
      14
       5
      16
       9
       6
       5
       8
       6
       5
       5
      18
       7
       9
       8
       9
       7
       9
       8
      14
      11
      11
       6
       6
       5
       8
      14
       4
       7
       6
       4
       8
      11
      11
       4
       8
       6
      11
       8
      11
      16
       7
       7
       8
      11
       7
       9
       7
      14
      13
      10
       6
      10
      12
      10
       8
       6
       8
      13
       9
      11
      13
      10
      14
       9
      10
      13
      11
       8
       9
       9
       8
      10
      10
       7
       8
       3
       8
       8
      11
      11
       9
       6
       9
       6
      15
       5
      12
      11
       5
      13
      10
      10
       8
      11
       9
      10
      12
      12
      12
      14
      10
       7
      10
       8
       6
      11
       8
       9
       5
      13
      10
       7
       8
      11
       9
       8
       7
       7
      10
      12
       8
       8
      10
      16
       6
       9
      12
       7
       6
       4
      11
       5
       5
       5
      10
      12
      20
       8
       7
       9
       8
       9
       5
      13
      14
       6
      16
      11
      17
      12
      12
       7
       7
      18
       9
       8
      12
       3
      14
       7
      10
       7
      10
       3
      15
       6
       7
      12
       6
      10
       9
       9
       6
       7
      11
       7
       5
       4
       9
      15
       9
      10
       7
      16
       8
      10
       6
       8
      13
      15
       7
      11
       9
      10
       6
       8
      11
      15
      12
      12
       9
      18
      16
      10
      15
       6
       9
      16
       9
      13
      14
      12
      15
       8
       9
      12
       6
      13
      19
       9
      15
      11
      11
      24
      19
      29
      36
      44
      45
      56
      64
      78
      68
      58
      65
      66
      54
      34
      47
      16
      19
      19
      16
       8
      11
      13
      16
       9
      13
       6
       8
      13
       9
       9
      19
      10
      12
      13
       7
      14
      11
       8
       9
       7
      14
       9
      10
       5
       6
       9
       6
      10
       9
       9
      13
      17
      14
      11
      13
       7
      10
       8
       4
      10
      10
       9
      14
      11
      12
      11
      15
       9
      14
      11
       4
      13
      10
       6
      13
      15
      11
      15
      14
      13
       7
      14
      20
       5
      17
      12
       7
       7
      12
      10
       9
       9
      12
      15
      10
      11
      13
      11
      12
       7
      11
       7
      12
       4
      10
      15
      12
      14
       6
       8
      10
      13
       7
      11
       9
      11
      13
      14
      13
       8
      12
       5
      17
      16
       6
       5
      12
       6
      16
      10
      12
      11
      10
       5
      12
      12
       7
       7
      17
      10
      11
      12
       3
      14
       9
      15
      15
      12
      15
      11
      18
      13
      12
      13
      12
       7
       6
      15
      13
      12
      17
      14
      15
      16
      10
       3
      11
      14
      16
       9
       7
       7
       9
      12
      13
       8
      11
      11
       9
       9
       9
      10
       7
      10
      10
      11
      12
       5
       8
      12
       8
      11
      11
      12
      10
       9
      13
      12
      10
       8
      12
      10
      12
      18
      14
      12
      15
      14
      10
       8
      10
      12
      12
      13
       6
      11
       9
      12
      12
      11
       3
      21
      11
      13
      12
      13
       7
       9
      12
      13
       6
       7
      13
      10
      10
      11
      16
      13
      12
      11
       9
      10
       7
      13
       8
       7
      18
      13
      10
      10
      11
      12
      14
      14
      11
       9
      13
      12
      13
      11
       7
      16
      13
      16
      11
       9
      16
       8
      10
       8
       8
       8
      16
      16
      11
      11
       7
      11
      17
       9
      15
      17
      13
       7
       7
       8
      14
      12
      12
      14
      10
      10
      11
      11
       6
      10
      15
       9
      11
      21
      11
      13
      15
      13
       9
       7
      14
      19
       9
      11
      12
      12
       6
      16
       7
       8
      14
      10
      12
      15
       8
      14
       8
      16
      15
      15
      11
       7
      13
      11
       7
      12
      19
      12
       9
      10
      17
      12
      12
       6
      10
       9
      16
      17
      14
      14
      12
      19
       8
       9
      18
      21
       8
      14
      10
      22
      13
      11
      14
       9
      17
       7
       3
      13
      14
      18
      13
      18
      10
      16
      13
       8
       5
      16
      10
       9
      11
      13
      16
      10
       9
      11
      11
      15
       6
      10
       9
       5
      10
       8
       9
       6
       7
       6
       9
       6
       8
      10
      11
       8
      13
      10
      13
      11
      10
      11
      11
      11
      10
      10
      11
       6
      12
       8
       7
       7
      10
      10
      10
      10
       9
       7
       5
      13
      11
       3
       6
       8
      10
      11
       9
      10
       9
       5
       8
       8
       4
       5
       7
      12
      11
      10
      10
      14
       8
       9
       9
       8
      10
       6
       5
      12
       9
      13
       6
       9
       7
      11
       6
       8
       7
      12
       8
       8
       4
      15
       7
       5
       2
       5
       9
      17
      10
       5
       7
       9
      11
       7
      16
      10
      12
       6
      10
      10
      10
      10
       8
      21
       4
      10
       7
       6
      11
      12
      11
      12
      16
       6
       7
       8
       4
       4
       7
       7
      11
       8
      10
      10
       5
       9
       9
       4
       7
      11
       7
       6
       2
       8
       7
      10
       7
       8
      10
       7
       8
      10
      12
       9
       8
       4
       8
       6
       2
       7
       8
      13
       8
      12
      11
      11
       9
       5
       8
      10
      10
       6
       6
       8
      12
       5
       8
       5
      11
       8
       9
      10
       9
       7
       7
       7
       8
       8
       7
      13
      11
       5
      11
      10
       8
      10
       4
       4
       9
       8
       8
       8
       8
       3
      11
       9
      11
      11
       4
       7
       8
       4
      13
       8
       9
      12
      10
       4
       8
       7
      11
      10
       8
       5
       8
       7
       4
      13
       7
       7
       9
       6
       8
       3
       7
       9
      11
       5
       7
       8
       9
       8
       7
       3
       8
       6
       6
       9
       3
       8
       5
       8
       6
       6
       9
       9
      16
       9
       6
      14
       9
       7
       3
       5
      14
       8
       9
      13
       7
      10
       6
       8
       9
      11
       3
      11
       6
       6
      18
       6
       4
      11
       7
       7
       5
       3
      10
       7
      13
      15
       8
      11
       8
       7
       7
      12
       8
       5
       6
      14
       6
       9
       7
       6
       5
       5
      11
       4
       8
       9
       8
       6
       9
       9
       8
      11
      12
      11
      10
       4
      13
      11
       8
       7
       8
       4
       9
       9
      13
       8
       8
       7
       5
       2
       8
      10
       7
       7
       5
       8
       8
      11
      10
       9
       9
       7
       4
      10
       5
       9
      11
      12
      11
       6
       8
       8
       7
       2
       6
       8
       5
       5
       3
       5
      12
       9
       5
       9
       6
      14
      13
       8
      11
       3
       6
      12
       8
       9
       6
       8
       7
       6
       6
       6
       5
       9
       7
       6
       3
       8
       9
       6
       7
       7
      12
      10
       5
       4
       6
       8
       5
       9
       8
      10
      10
       5
       9
       5
       9
       4
       8
       4
      13
       8
       5
       8
       8
      19
       3
      10
      10
      10
       9
      14
       4
       8
      12
       6
       9
       9
       9
       6
       4
       7
       6
       9
      10
       5
       5
      10
      13
       7
       8
       6
       6
       7
       5
       6
       9
      12
       6
      10
       7
       9
      13
      12
      12
       6
       5
       6
       6
      11
       8
       8
       7
       7
       7
       6
       8
       8
       4
       9
       6
       4
       6
       9
       6
       8
       5
       6
       6
      10
       6
       8
      10
       4
       9
       2
       8
       7
       7
      13
       3
       3
      10
       5
       7
       7
       4
       4
       7
       5
       7
       5
       4
       8
      10
       6
       4
       7
       5
       7
       5
       7
       6
      10
       3
       9
      11
       9
       6
      12
       7
       4
       6
       7
       3
       6
       5
       5
      12
      10
       4
      12
      11
       5
       9
      12
      10
       4
      10
       5
       9
       9
       9
       3
       6
       9
       6
       9
       6
       4
       2
       7
       4
       7
       8
       7
       4
       9
       7
       6
       4
       4
       5
       4
       5
       6
      12
       8
       8
       6
       6
       9
       9
      10
       9
       9
       5
       7
       5
       7
       8
       5
       7
       7
       8
       7
      12
       9
       6
      11
       5
       6
       1
       8
       4
       9
       9
      11
      13
       9
       9
      10
       7
       7
       8
       5
       6
       6
       8
       6
      10
       9
       5
      10
      13
       8
       7
       8
       8
       7
       8
       6
       7
       8
      10
       5
       5
       7
      10
       2
       3
       7
       6
      10
       9
      11
       9
       7
       4
      12
       6
       6
       7
       7
       9
       3
      11
       6
       7
       6
      10
       8
       4
      11
      10
       5
       4
       8
       8
       7
       8
       4
       9
       5
       9
      11
      10
       6
       9
       6
       8
      10
       6
      13
       2
      12
       6
       6
      13
      10
       8
       9
       6
       9
       6
      14
       4
       8
       8
       5
       3
       8
       8
       6
       8
       7
       8
      13
      10
       6
      10
       8
      12
      10
       6
       7
       8
       9
       9
      11
       3
      16
       7
       8
       9
       7
       7
       7
      14
      19
       9
      15
       4
       7
       5
       5
       7
       5
       7
      15
       6
      13
       7
       9
      10
       9
      10
      14
      12
       7
       9
       7
       7
       7
      10
       5
      13
       7
       6
       9
       6
       7
      12
      10
      14
       8
       7
      10
      17
       8
       7
       6
       8
      10
       9
       9
      10
      10
      13
      12
      10
       4
      12
      10
      10
      10
      10
       7
       6
      11
      11
      12
       9
       5
       3
      10
      14
       5
       9
       8
      15
      10
      10
       9
      10
      14
       5
      10
       7
       9
       8
      15
       9
      10
       8
       9
       7
       7
       2
      10
       6
      13
       9
       9
      10
       5
      15
       5
      11
      13
       7
       7
      10
       7
      10
      12
       8
      11
      13
      11
      10
       9
       7
       6
      13
      12
      12
      11
       8
      14
      12
       6
      11
       6
       9
      11
      14
       9
       9
      10
      11
      11
      14
      10
      14
      10
       3
      11
       6
      13
      12
      16
       9
      12
       7
       9
       9
      12
      14
       4
      12
      11
       7
       6
      11
      12
      12
       9
       9
      14
       8
       9
       7
      12
      10
       8
      11
      16
      10
      12
      16
       6
       5
      11
      14
      13
       9
      15
      11
      15
       3
       9
      10
      13
      11
      11
      12
       6
       7
      11
       9
      14
      12
       7
      11
       8
       8
      11
      12
       8
      14
      14
      23
       8
       9
       8
      15
      10
      13
       8
      10
      12
       7
      15
      11
      10
      10
       6
      16
      12
       7
       8
      10
      10
      15
      12
       4
       6
      10
       9
       8
       6
      13
       3
      10
      11
      10
       9
       7
       8
      14
       7
       9
      10
       7
       8
      17
       8
       7
       8
       8
       6
      11
      17
       8
       8
       6
       7
      15
       6
      11
       9
       7
       8
       6
       6
      11
      12
       7
       5
       6
      13
       7
       7
       5
       9
       5
      10
       4
       9
       5
       4
       8
       9
       8
       5
       1
       4
       3
      10
       5
       8
      10
      10
      10
       8
      22
       7
      10
       7
      12
      11
       3
      10
       8
       6
       8
       9
       6
       6
       4
       9
       9
       3
       9
       9
       9
       8
       6
      11
       9
       9
       4
       8
      20
      12
      23
      42
      26
      49
      56
      58
      78
      95
     108
     128
     161
     142
     184
     185
     154
     192
     177
     167
     150
     114
      95
      72
      67
      32
      27
      23
      11
       9
      13
       5
       4
       6
      10
       6
      12
       4
       7
       7
       2
       2
       6
       9
       4
       2
       7
       4
       5
       5
       5
       6
       6
       4
       4
       6
       3
       7
       7
       6
       4
       4
       3
       6
       2
       4
       4
       4
       6
       6
      10
       1
       5
       5
       2
       5
       8
       3
       4
       5
       2
       3
       5
       6
       3
       6
       7
       3
       2
      12
       7
       6
       7
       4
       2
       4
       1
       1
       3
       4
       3
       4
       8
       5
       6
       7
       4
       2
       3
       6
       5
       3
       7
       5
       7
       8
       5
       5
       2
       1
       6
       5
       4
       4
       6
       2
       4
       2
       7
       5
       0
       6
       3
       7
       7
       6
       3
       1
       5
       4
       6
       5
       8
       4
       3
       5
       6
       2
       4
       6
       4
       2
       2
       7
       2
       7
       3
       5
       5
       4
       4
       9
       8
       8
       4
       6
       3
       8
       4
       3
       1
       3
       1
      10
       3
       4
       8
       3
       3
       4
       3
       7
       3
       2
       2
       1
       4
       5
       8
       2
       4
       4
       5
       3
       5
       2
       3
       4
       2
       2
       7
       3
       5
       6
       1
       6
       3
       3
       7
       7
       4
       3
       4
       5
       0
       3
       1
       2
       8
       6
       4
       5
       4
       2
       6
      10
       6
       5
       6
       4
       4
       2
       4
       3
       7
       7
       6
       5
       5
       4
       3
       3
       2
       5
       2
       5
       5
       3
       6
       7
       5
       1
       0
       5
       6
       6
       2
       3
       2
       3
       3
       1
       4
       6
       4
       2
       6
       4
       4
       1
       3
       2
       3
       4
       3
       5
       3
       4
       5
       6
       4
       2
       2
       3
       1
       4
       6
       1
       3
       1
       5
       4
       0
       7
       4
       3
       1
       6
       2
       6
       2
       3
       1
       2
       3
       4
       3
       4
       2
       3
       2
       3
       3
       6
       0
       2
       3
       8
       3
       6
       3
       2
       3
       2
       4
       1
       4
       2
       3
       3
       2
       4
       5
       3
       4
       2
       2
       1
       2
       3
       2
       2
       2
       0
       5
       3
       2
       4
       3
       2
       5
       0
       2
       3
       7
       2
       1
       6
       4
       6
       2
       1
       3
       2
       4
       5
       2
       6
       5
       5
       3
       4
       6
       2
       2
       2
       1
       1
       1
       3
       5
       4
       5
       1
       3
      12
       1
       2
       1
       7
       1
       1
       3
       1
       2
       4
       2
       0
       4
       1
       3
       3
       2
       0
       4
       3
       4
       3
       3
       1
       4
       5
       3
       6
       3
       1
       3
       2
       4
       1
       0
       7
       1
       2
       3
       3
       2
       1
       2
       1
       5
       3
       3
       6
       2
       4
       0
       4
       4
       5
       3
       5
       3
       5
       1
       1
       6
       3
       1
       2
       1
       4
       4
       3
       5
       1
       2
       3
       1
       1
       2
       3
       2
       8
       4
       1
       2
       6
       0
       2
       4
       3
       5
       2
       6
       5
       3
       2
       4
       3
       3
       0
       3
       3
       3
       1
       1
       3
       2
       1
       1
       2
       3
       3
       4
       5
       2
       2
       5
       3
       0
       2
       0
       1
       1
       3
       0
       2
       5
       2
       4
       6
       3
       3
       1
       1
       3
       3
       1
       2
       3
       4
       3
       4
       3
       1
       1
       1
       3
       2
       2
       4
       1
       1
       5
       4
       2
       3
       1
       1
       4
       4
       2
       3
       3
       4
       0
       6
       2
       0
       3
       1
       1
       1
       2
       2
       2
       1
       5
       5
       3
       3
       1
       1
       3
       2
       3
       3
       0
       2
       2
       2
       0
       5
       1
       2
       1
       4
       0
       3
       3
       2
       2
       1
       3
       2
       1
       0
       2
       2
       3
       1
       3
       5
       1
       4
       2
       2
       2
       0
       4
       2
       3
       4
       2
       3
       4
       1
       0
       1
       4
       2
       4
       3
       3
       4
       0
       3
       0
       0
       1
       2
       1
       0
       6
       2
       3
       4
       0
       3
       2
       3
       1
       3
       0
       3
       1
       1
       3
       0
       3
       2
       3
       3
       4
       4
       2
       5
       4
       3
       6
       3
       3
       0
       5
       1
       3
       4
       0
       2
       2
       3
       5
       1
       3
       2
       3
       0
       3
       3
       2
       2
       1
       2
       2
       5
       1
       1
       5
       2
       2
       2
       1
       4
       4
       3
       3
       1
       1
       2
       2
       2
       1
       4
       2
       0
       3
       2
       0
       5
       2
       2
       3
       1
       4
       1
       5
       1
       1
       1
       1
       1
       1
       0
       4
       2
       4
       2
       8
       2
       2
       1
       2
       6
       1
       2
       2
       2
       5
       0
       0
       1
       1
       2
       1
       4
       3
       2
       2
       1
       3
       1
       0
       2
       5
       2
       3
       5
       3
       4
       0
       2
       3
       1
       0
       1
       2
       2
       4
       0
       1
       3
       1
       3
       2
       3
       5
       2
       3
       1
       2
       2
       1
       0
       1
       1
       1
       1
       0
       2
       2
       3
       3
       1
       2
       2
       2
       4
       2
       3
       3
       4
       2
       3
       4
       4
       4
       1
       2
       1
       4
       3
       0
       2
       1
       2
       2
       2
       3
       3
       4
       2
       0
       1
       3
       4
       1
       2
       0
       1
       0
       3
       1
       0
       3
       4
       0
       3
       1
       2
       3
       1
       1
       2
       1
       3
       3
       3
       3
       0
       3
       0
       4
       4
       0
       3
       1
       7
       2
       2
       3
       5
       5
       5
       3
       2
       3
       1
       1
       0
       2
       3
       3
       1
       3
       4
       1
       2
       2
       2
       1
       2
       2
       2
       0
       1
       2
       0
       3
       2
       0
       1
       0
       1
       4
       2
       1
       1
       2
       1
       2
       2
       4
       3
       1
       3
       2
       4
       2
       4
       2
       2
       1
       2
       0
       2
       0
       3
       3
       4
       2
       2
       4
       2
       2
       2
       2
       2
       3
       2
       2
       1
       1
       1
       3
       2
       2
       4
       4
       6
       1
       3
       2
       2
       2
       2
       3
       1
       2
       4
       1
       4
       0
       1
       2
       1
       1
       3
       2
       6
       3
       5
       2
       2
       3
       1
       4
       2
       3
       2
       2
       5
       2
       2
       1
       3
       5
       4
       2
       2
       4
       1
       1
       4
       1
       3
       5
       2
       3
       0
       0
       3
       0
       7
       3
       2
       4
       4
       9
       3
       3
       1
       3
       4
       5
       6
       4
       8
       5
       9
       8
       9
       8
      12
      17
      13
      21
      23
      38
      32
      49
      70
      72
      97
     104
     137
     135
     151
     181
     175
     181
     197
     196
     191
     169
     166
     173
     133
     102
     104
      67
      51
      27
      23
      16
       9
       4
       5
       1
       3
       1
       5
       1
       1
       0
       2
       2
       1
       1
       2
       0
       2
       2
       1
       2
       1
       5
       1
       1
       4
       3
       1
       3
       1
       1
       2
       1
       1
       2
       1
       1
       1
       1
       1
       1
       1
       1
       0
       0
       1
       1
       1
       1
       1
       4
       2
       1
       0
       1
       4
       1
       2
       0
       0
       1
       1
       1
       0
       5
       1
       2
       1
       1
       2
       1
       0
       1
       1
       0
       2
       0
       1
       1
       0
       4
       1
       2
       0
       1
       2
       3
       0
       1
       0
       3
       2
       2
       1
       0
       1
       0
       2
       2
       1
       1
       0
       1
       1
       2
       3
       0
       4
       1
       0
       1
       3
       2
       1
       1
       1
       0
       1
       2
       1
       0
       3
       0
       1
       1
       0
       1
       1
       2
       1
       1
       1
       2
       0
       2
       0
       1
       0
       3
       1
       2
       1
       2
       1
       2
       2
       1
       1
       3
       1
       3
       1
       2
       3
       1
       0
       2
       1
       1
       2
       0
       0
       1
       1
       1
       0
       1
       1
       1
       0
       2
       0
       2
       1
       0
       2
       1
       2
       1
       2
       0
       1
       0
       2
       2
       1
       2
       1
       5
       1
       0
       3
       1
       1
       2
       2
       3
       0
       1
       1
       0
       0
       0
       2
       0
       1
       1
       2
       1
       3
       0
       0
       0
       1
       2
       2
       1
       2
       1
       1
       1
       2
       0
       0
       0
       1
       2
       1
       0
       1
       1
       1
       0
       2
       1
       1
       0
       1
       1
       1
       2
       0
       1
       2
       2
       4
       1
       1
       0
       1
       4
       1
       2
       3
       1
       0
       0
       0
       1
       0
       0
       0
       0
       1
       0
       2
       1
       1
       0
       2
       1
       1
       0
       1
       1
       1
       1
       1
       3
       1
       3
       0
       1
       2
       1
       1
       1
       2
       0
       0
       0
       3
       1
       2
       1
       4
       1
       0
       0
       1
       4
       0
       1
       2
       2
       1
       2
       1
       0
       0
       1
       0
       2
       1
       1
       1
       2
       1
       0
       2
       1
       1
       0
       1
       2
       0
       0
       2
       0
       0
       1
       0
       3
       2
       0
       1
       3
       2
       0
       1
       3
       2
       1
       3
       2
       1
       1
       0
       0
       0
       1
       0
       1
       1
       0
       0
       2
       0
       2
       3
       1
       0
       1
       1
       1
       0
       0
       1
       0
       2
       1
       0
       3
       0
       3
       2
       1
       2
       2
       2
       1
       1
       1
       1
       1
       1
       0
       3
       0
       2
       2
       1
       1
       1
       2
       1
       0
       1
       1
       1
       1
       1
       0
       1
       0
       0
       1
       3
       4
       1
       0
       0
       0
       0
       2
       0
       0
       1
       6
       1
       1
       1
       0
       2
       0
       0
       4
       2
       2
       1
       2
       0
       3
       1
       2
       1
       0
       2
       1
       0
       1
       0
       1
       2
       2
       3
       0
       0
       3
       1
       0
       1
       0
       0
       0
       2
       2
       0
       0
       3
       1
       1
       0
       1
       1
       1
       0
       2
       1
       0
       4
       1
       0
       0
       2
       0
       3
       2
       1
       0
       0
       0
       1
       1
       0
       0
       2
       1
       1
       1
       0
       1
       1
       0
       1
       1
       2
       0
       1
       0
       0
       0
       0
       0
       2
       0
       0
       0
       2
       1
       2
       0
       0
       3
       2
       2
       1
       3
       2
       0
       1
       0
       1
       2
       2
       0
       1
       1
       2
       1
       3
       1
       6
       1
       3
       1
       1
       1
       1
       0
       1
       1
       1
       2
       1
       2
       0
       0
       1
       0
       3
       0
       0
       0
       0
       0
       3
       1
       2
       1
       0
       0
       1
       0
       1
       1
       0
       2
       0
       1
       0
       0
       0
       1
       0
       0
       0
       0
       2
       3
       0
       1
       1
       0
       1
       1
       0
       1
       2
       0
       2
       1
       0
       1
       1
       0
       1
       1
       0
       1
       1
       0
       0
       0
       0
       0
       4
       2
       0
       1
       0
       1
       1
       4
       0
       1
       0
       2
       0
       0
       0
       1
       1
       0
       1
       1
       0
       1
       0
       0
       2
       2
       1
       2
       2
       2
       0
       0
       1
       1
       0
       1
       0
       0
       0
       1
       0
       2
       1
       2
       1
       0
       2
       0
       1
       1
       0
       0
       0
       1
       1
       2
       0
       3
       0
       0
       0
       0
       0
       1
       1
       1
       0
       0
       4
       1
       1
       0
       1
       2
       0
       1
       0
       2
       0
       3
       2
       1
       1
       0
       0
       2
       2
       1
       1
       1
       1
       4
       0
       0
       2
       3
       0
       3
       2
       2
       0
       0
       0
       1
       1
       0
       3
       0
       1
       1
       1
       3
       1
       1
       0
       1
       0
       1
       1
       1
       1
       1
       0
       1
       0
       2
       1
       1
       0
       0
       0
       1
       1
       1
       0
       1
       2
       1
       1
       1
       0
       0
       1
       0
       1
       0
       1
       0
       1
       3
       1
       1
       1
       0
       1
       0
       2
       0
       0
       0
       0
       0
       1
       2
       3
       0
       2
       2
       0
       0
       2
       2
       0
       0
       0
       2
       1
       0
       2
       0
       0
       1
       0
       0
       1
       1
       2
       0
       1
       3
       0
       0
       3
       0
       1
       2
       2
       1
       3
       3
       0
       1
       1
       3
       0
       1
       0
       0
       0
       1
       0
       1
       2
       1
       0
       0
       1
       0
       2
       1
       0
       0
       0
       2
       1
       0
       1
       2
       3
       3
       1
       2
       1
       2
       0
       1
       2
       2
       1
       2
       1
       0
       3
       0
       1
       0
       1
       2
       0
       0
       0
       1
       1
       1
       1
       0
       0
       1
       0
       2
       0
       0
       2
       1
       1
       1
       1
       0
       0
       4
       1
       0
       1
       1
       0
       1
       0
       0
       3
       1
       1
       0
       1
       0
       1
       1
       0
       0
       1
       0
       1
       2
       2
       2
       2
       0
       2
       0
       0
       1
       1
       2
       1
       0
       0
       1
       0
       0
       2
       3
       0
       1
       0
       1
       1
       1
       0
       2
       2
       0
       1
       1
       0
       0
       0
       0
       0
       1
       0
       0
       2
       0
       0
       1
       0
       2
       1
       0
       0
       3
       0
       1
       0
       3
       1
       0
       3
       1
       0
       1
       1
       3
       0
       0
       2
       0
       0
       0
       0
       0
       1
       0
       2
       1
       4
       0
       2
       3
       0
       3
       0
       0
       0
       0
       1
       0
       0
       1
       0
       0
       0
       0
       0
       1
       0
       2
       0
       2
       1
       0
       0
       1
       1
       0
       0
       2
       3
       0
       1
       0
       3
       2
       0
       2
       0
       1
       1
       0
       2
       0
       1
       0
       1
       3
       1
       2
       0
       2
       1
       1
       0
       1
       0
       2
       1
       0
       1
       2
       1
       2
       2
       1
       2
       1
       3
       3
       0
       0
       1
       1
       1
       1
       1
       2
       0
       0
       1
       1
       2
       1
       1
       1
       0
       2
       2
       0
       0
       2
       1
       3
       2
       5
       2
       4
       7
       8
       4
       5
       5
       9
       9
      14
      14
      18
      14
      15
      15
      18
      17
      14
      17
      11
      12
      15
       9
      12
      11
       3
       7
       4
       6
       0
       1
       0
       3
       0
       1
       2
       0
       0
       1
       0
       1
       1
       0
       2
       0
       0
       0
       1
       0
       1
       1
       2
       2
       0
       1
       1
       1
       0
       0
       1
       2
       0
       0
       2
       3
       2
       0
       0
       0
       1
       0
       1
       0
       0
       0
       1
       0
       0
       0
       0
       0
       0
       0
       2
       0
       2
       1
       1
       0
       1
       1
       0
       2
       0
       0
       1
       3
       2
       1
       0
       1
       1
       2
       0
       0
       0
       3
       2
       0
       0
       0
       0
       1
       1
       2
       1
       0
       0
       2
       2
       1
       1
       1
       0
       0
       0
       2
       0
       0
       1
       0
       0
       2
       1
       2
       2
       2
       1
       2
       1
       1
       0
       1
       0
       0
       2
       1
       2
       1
       2
       1
       2
       2
       0
       0
       1
       0
       1
       1
       1
       1
       1
       0
       2
       1
       1
       1
       3
       0
       0
       0
       1
       0
       0
       0
       0
       0
       1
       2
       1
       1
       1
       0
       0
       0
       0
       0
       0
       1
       1
       0
       0
       0
       1
       0
       0
       0
       1
       1
       2
       0
       0
       0
       0
       0
       0
       0
       1
       0
       2
       0
       0
       1
       0
       0
       1
       0
       1
       0
       0
       1
       0
       1
       1
       0
       2
       0
       1
       2
       0
       1
       0
       1
       1
       2
       0
       2
       0
       0
       1
       0
       0
       0
       1
       1
       1
       1
       0
       0
       1
       0
       1
       0
       1
       1
       0
       1
       0
       0
       3
       0
       0
       3
       1
       0
       0
       0
       1
       0
       1
       2
       0
       0
       1
       0
       0
       0
       1
       0
       1
       0
       0
       0
       1
       1
       1
       1
       2
       1
       0
       0
       1
       1
       0
       2
       0
       0
       0
       1
       0
       0
       0
       0
       0
       3
       0
       0
       0
       1
       0
       1
       0
       0
       1
       1
       0
       1
       2
       1
       0
       0
       4
       1
       0
       1
       0
       0
       1
       0
       0
       1
       1
       1
       1
       0
       0
       0
       0
       1
       1
       0
       0
       1
       0
       2
       0
       4
       0
       1
       0
       3
       1
       0
       0
       0
       0
       0
       0
       0
       0
       0
       0
       0
       0
       0
       0
       0
       0
       0
       0
       0
       0
       0
       0
       0
       0
       0
       0
       0
       0
       0
       0
       0
       0
       0
       0
       0
       0
       0
       0
       0
       0
       0
       0
       0
       0
       0
       0
       0
       0
       0
       0
       0
       0
       0
       0
       0
       0
       0
       0
       0
       0
       0
       0
       0
       0
       0
       0
       0
       0
       0
       0
       0
       0
       0
       0
       0
       0
       0
       0
       0
       0
       0
       0
       0
       0
       0
       0
       0
       0
       0
       0
       0
       0
       0
       0
       0
       0
       0
       0
       0
       0
       0
       0
       0
       0
       0
       0
       0
       0
       0
       0
       0
       0
       0
       0
       0
       0
       0
       0
       0
       0
       0
       0
       0
       0
       0
       0
       0
       0
       0
$ROI:
1
4146 4168
$PRESETS:
Live Time
600
0
$ENER_FIT:
-1.504534 0.196418
$MCA_CAL:
3
-1.504534E+000 1.964177E-001 -1.544040E-007 keV
$SHAPE_CAL:
3
0.000000E+000 0.000000E+000 0.000000E+000
