$SPEC_ID:
HFNG Beamline
$SPEC_REM:
DET# 2
DETDESC# EasyMCA
AP# Maestro Version 7.01
$DATE_MEA:
06/22/2018 14:16:46
$MEAS_TIM:
600 602
$DATA:
0 8191
       0
       0
       0
       0
       0
       0
       0
       0
       0
       0
       0
       0
       0
       0
       0
       0
       1
       0
       0
       0
       0
       0
       0
       0
       0
       0
       0
       1
       0
       0
       0
       0
       0
       0
       0
       0
       0
       0
       0
       0
       0
       0
       0
       0
       0
       0
       0
       1
      64
     156
     130
     127
     126
     120
     107
     131
     135
     147
     138
     149
     126
     149
     154
     143
     131
     159
     124
     128
     142
     147
     125
     147
     110
     125
     129
     121
     117
     108
     134
     144
     133
     137
     132
     123
     130
     138
     113
     107
     109
     124
     106
     139
     114
     115
     114
     113
     125
     131
     102
     109
      92
     125
     128
      86
     127
     109
     109
     105
      98
      96
      97
      90
     124
     120
     113
     116
     115
     112
     118
     111
     114
     100
      96
     119
     102
      99
     109
     107
     113
      89
     121
      92
      93
     103
     116
     119
      92
     105
     106
      85
      98
      89
      98
     104
     106
      99
     118
      97
     103
      87
      88
      76
      92
      96
      82
      92
     103
      79
      81
      82
      92
      95
     107
      92
     100
      96
      79
     109
      85
      90
      95
     101
      89
      96
      98
      93
      88
      82
      95
      93
      96
      83
      73
      95
      85
      85
      91
      80
      75
      99
      78
      78
      85
      90
     112
      89
      83
      98
      78
      72
      80
      93
      85
      76
      89
      89
      81
      84
      90
      90
      76
      97
      78
      68
      69
      83
      98
      83
      78
     102
     102
      85
      88
      89
      89
      72
      78
      75
      88
      71
      82
      77
      83
      81
      70
     109
      87
      96
      79
      78
      81
      82
     105
      81
      73
      88
      77
      79
      83
      88
      81
      84
      69
      73
      95
      81
     105
      91
      93
      82
      80
      72
      90
      62
      77
      79
      71
      87
      69
      79
      78
      88
      72
      85
      89
      80
      70
      64
      77
      86
      74
      90
      74
      73
      49
      77
      89
      76
      72
      76
      89
      82
      76
      81
      72
      89
      65
      64
      92
      80
      67
      93
      95
      65
      60
      76
      86
      76
      77
      95
      78
      84
      80
      77
      84
      77
      73
      91
      74
      77
      83
      77
      74
      67
      86
      78
      91
      71
      79
      79
      69
      81
      84
      85
      80
      84
      85
      85
      74
      60
      80
      80
      64
      86
      64
      76
      79
      80
      83
      77
      57
      89
      78
      76
      79
      79
      96
      71
      88
      80
      86
      91
      85
      64
      83
      80
      77
      70
      69
      79
      81
     104
     136
     176
     178
     160
     118
     107
      84
      82
      76
     102
     125
     173
     239
     263
     208
     145
      99
      76
      81
      75
      70
      69
      71
      75
      56
      76
      75
      65
      76
      81
      86
      61
      77
      56
      67
      65
      85
      70
      64
      84
      85
      63
      77
      62
      63
      65
      73
      61
      71
      77
      62
      71
      75
      81
      65
      76
      63
      78
      93
      80
     124
     123
     145
     142
     136
     142
     108
      88
      98
      57
      87
      83
      56
      88
      90
      99
     102
      98
      84
      75
      70
      68
      77
      67
      86
      77
      69
      71
      71
      71
      51
      68
      54
      81
      63
      60
      80
      72
      75
      65
      80
      66
      72
      70
      68
      71
      71
      70
      61
      84
      78
      75
      74
      66
      43
      85
      63
      54
      66
      61
      55
      66
      65
      78
      49
      64
      75
      67
      69
      62
      69
      76
      67
      85
      72
      65
      79
      65
      74
      64
      82
      85
      57
      67
      70
      72
      65
      74
      75
      65
      75
      58
      65
      71
      66
      83
      70
      72
      71
      57
      61
      60
      74
      62
      81
      64
      58
      70
      74
      70
      72
      80
      67
      69
      75
      64
      74
      66
      66
      69
      67
      85
      71
      60
      83
      71
      69
      66
      71
      57
      76
      75
      78
      73
      85
      59
      54
      80
      75
      69
      74
      83
      84
      53
      79
      65
      73
      78
      74
      71
      52
      74
      67
      71
      75
      65
      75
      73
      86
      68
      68
      58
      66
      73
      58
      84
      77
      61
      73
      80
      49
      63
      89
      67
      80
      59
      59
      80
      69
      72
      78
      70
      68
      68
      75
      76
      71
      70
      78
      68
      61
      58
      72
      67
      76
      80
      66
      78
      66
      70
      80
      57
      84
      59
      80
      73
      70
      68
      77
      77
      74
      63
      82
     100
      82
      68
      77
      87
      59
      68
      76
      72
      79
      74
      79
      76
      77
      76
      83
      71
      84
      80
      80
      66
      87
      66
      69
      89
      67
      72
      95
      77
      55
      78
      73
      66
      67
      76
      78
      84
      80
      71
      76
      79
      87
      76
      92
      81
      60
      81
      77
      76
      71
      87
      83
      53
      80
      83
      69
      93
      69
      83
      86
     101
     100
     123
     217
     278
     311
     269
     228
     140
      79
      76
      75
      79
      70
      72
      73
      71
      78
      77
      69
      95
      72
      83
      82
      72
      86
      77
      64
      77
      71
      55
      91
      75
      75
      79
      88
      85
      88
      76
      82
      85
      70
      95
      73
      74
      92
     106
      93
      95
      64
      96
      92
      97
      93
      95
     101
      92
      85
      98
     104
      81
      97
      99
      79
      91
      89
      86
      81
      84
      91
      92
      91
      93
     102
      99
      81
     105
      95
      80
      91
      85
      93
      85
      97
      93
     100
      90
      86
      82
      97
     107
     103
      86
      98
      66
      89
      85
      90
      81
      80
      85
     104
      84
      97
      78
      81
     104
     107
      97
     102
     104
      86
      95
      69
      98
      87
      96
      83
      90
      97
      86
      88
      88
      96
      84
      88
      83
      89
     104
     104
     116
      98
      94
     101
     112
      82
      90
      86
      85
     110
      92
      86
     100
      93
      96
      89
      97
      98
      91
      99
      92
      96
      82
      92
      96
      97
     102
      93
      92
      93
      92
     106
      82
      94
      98
      79
      81
      81
      88
      92
      89
     100
     103
      94
      87
      97
      87
      90
     104
      96
     102
      98
      89
     103
      90
      95
      78
     107
      99
      96
     113
      90
      98
     100
      97
      87
      83
      74
      98
      87
      83
     101
     100
      87
      88
     105
     120
      98
      91
     111
      90
     109
     106
     100
     102
      83
      91
     104
     109
      94
      92
      84
     107
     111
      91
     103
      85
      87
      95
      87
      87
      83
      82
      91
     100
      86
      96
      79
      95
      90
      95
      91
      80
      86
      78
      97
      81
      96
      94
     103
      89
      87
      91
      99
     100
      81
      82
      98
      86
     101
      77
      87
      77
     100
      91
      74
      92
      92
      90
      88
      86
      71
      93
      73
      76
      79
      78
      87
      73
      74
      85
      72
      81
      75
      90
      76
      77
      77
      83
      87
      75
      72
      80
      67
      79
      85
      82
      86
      85
      78
      63
      72
      67
      71
      62
      59
      75
      75
      63
      74
      77
      78
      74
      67
      72
      57
      73
      66
      70
      72
      79
      61
      73
      67
      59
      85
      72
      68
      64
      65
      65
      51
      55
      66
      63
      79
      79
      63
      59
      69
      63
      72
      56
      67
      67
      57
      85
      56
      57
      71
      67
      79
      65
      58
      69
      81
      73
      59
      79
      74
      79
      66
      69
      73
      73
      68
      65
      60
      72
      67
      60
      72
      69
      76
      64
      76
      65
      71
      68
      72
      68
      77
      55
      64
      60
      71
      71
      66
      79
      65
      55
      72
      66
      76
      71
      65
      70
      71
      46
      72
      62
      70
      58
      62
      62
      55
      67
      74
      66
      71
      60
      70
      53
      75
      58
      68
      64
      62
      82
      60
      64
      71
      79
      67
      62
      60
      56
      69
      52
      66
      46
      79
      69
      61
      74
      71
      55
      67
      54
      58
      67
      49
      40
      68
      62
      49
      66
      71
      70
      57
      65
      40
      54
      53
      60
      60
      52
      62
      66
      67
      54
      67
      62
      66
      56
      69
      59
      66
      64
      62
      63
      63
      67
      47
      69
      55
      65
      65
      62
      57
      56
      45
      60
      60
      68
      55
      55
      55
      60
      66
      65
      64
      64
      56
      49
      61
      61
      63
      65
      54
      66
      45
      48
      69
      52
      66
      47
      57
      57
      47
      57
      58
      56
      47
      57
      47
      64
      67
      64
      63
      68
      53
      60
      56
      60
      49
      53
      53
      58
      61
      53
      46
      55
      54
      64
      61
      65
      61
      48
      64
      55
      57
      65
      56
      63
      48
      59
      52
      61
      53
      57
      48
      57
      64
      50
      46
      55
      58
      42
      57
      55
      50
      48
      46
      49
      73
      50
      51
      65
      37
      43
      48
      59
      55
      52
      54
      50
      52
      52
      55
      50
      41
      55
      65
      39
      47
      47
      41
      52
      60
      70
      49
      47
      62
      49
      51
      67
      57
      47
      39
      57
      52
      54
      62
      48
      50
      64
      48
      50
      62
      40
      51
      45
      63
      46
      37
      61
      45
      58
      44
      50
      53
      43
      52
      42
      48
      55
      43
      62
      47
      49
      50
      41
      40
      52
      57
      40
      49
      43
      34
      45
      40
      59
      42
      35
      41
      55
      50
      43
      40
      48
      46
      52
      47
      49
      57
      40
      40
      42
      40
      44
      34
      33
      50
      37
      41
      53
      39
      50
      48
      46
      31
      29
      31
      48
      44
      28
      44
      34
      29
      37
      47
      49
      41
      52
      56
      45
      30
      55
      50
      44
      51
      51
      56
      43
      42
      45
      33
      46
      46
      36
      33
      36
      42
      43
      46
      37
      45
      40
      38
      48
      37
      36
      38
      43
      59
      41
      40
      38
      39
      37
      41
      37
      45
      43
      47
      51
      41
      46
      31
      44
      37
      41
      35
      48
      35
      49
      52
      37
      33
      37
      36
      35
      43
      41
      52
      42
      30
      35
      37
      37
      44
      37
      34
      41
      36
      43
      33
      33
      33
      39
      28
      38
      32
      32
      24
      38
      42
      28
      49
      46
      21
      31
      46
      37
      29
      36
      34
      47
      30
      35
      28
      30
      45
      21
      28
      31
      31
      39
      39
      48
      38
      38
      37
      44
      23
      34
      42
      31
      29
      31
      44
      34
      40
      34
      47
      33
      34
      36
      40
      35
      41
      36
      46
      34
      32
      37
      43
      29
      31
      36
      45
      38
      39
      46
      34
      30
      28
      27
      39
      43
      30
      27
      27
      30
      28
      42
      37
      32
      36
      24
      44
      46
      28
      39
      36
      32
      37
      31
      45
      42
      28
      31
      39
      41
      47
      27
      42
      41
      20
      39
      40
      36
      26
      43
      41
      33
      34
      37
      48
      29
      34
      27
      29
      35
      33
      31
      38
      31
      33
      32
      34
      43
      23
      20
      35
      37
      32
      37
      31
      33
      22
      24
      27
      31
      29
      32
      37
      31
      30
      26
      29
      31
      29
      36
      27
      43
      36
      27
      28
      23
      29
      30
      40
      28
      28
      39
      31
      50
      24
      38
      34
      26
      31
      25
      37
      34
      46
      37
      38
      40
      33
      24
      28
      28
      32
      32
      31
      32
      33
      36
      27
      28
      34
      27
      28
      30
      23
      30
      26
      41
      36
      40
      36
      30
      35
      29
      36
      33
      29
      27
      37
      32
      33
      29
      27
      39
      26
      38
      37
      33
      37
      29
      31
      32
      40
      32
      33
      38
      24
      32
      25
      28
      19
      23
      34
      25
      33
      42
      30
      26
      39
      38
      37
      37
      31
      32
      28
      45
      38
      31
      32
      39
      36
      44
      35
      38
      52
      52
      57
      55
      81
     108
     185
     342
     603
     993
    1643
    2192
    2734
    2966
    2608
    2079
    1380
     766
     395
     167
      80
      36
      33
      20
      26
      28
      15
      24
      33
      13
      26
      19
      19
      16
      17
      17
      11
      20
      24
      20
      20
      22
      25
      22
      24
      14
      17
      22
      22
      17
      19
      12
      20
      17
      17
      18
      14
      24
      21
      28
      17
      15
      15
      16
      17
      18
      17
      21
      17
      15
      10
      19
      20
      22
      12
      26
      19
      23
      15
      16
      23
      21
      13
      11
      21
      20
      25
      15
      23
      29
      16
      19
      25
      20
      21
      20
      21
      23
      19
      21
      15
      23
      24
      23
      19
      22
      23
      23
      27
      33
      37
      39
      40
      37
      37
      32
      27
      20
      19
      19
      23
      19
      22
      21
      17
      21
      20
      18
      12
      18
      15
      20
      20
      15
      29
      13
      15
      24
      18
      11
      17
      20
      22
      18
      22
      17
      21
      21
      27
      23
      21
      19
      20
      10
      23
      15
      26
      18
      23
      24
      23
      15
      10
      16
      25
      20
      16
      14
      17
      17
      14
      18
      22
      15
      17
      23
      18
      14
      14
      12
      28
      21
      25
      19
      22
       5
      16
      14
      11
      24
      22
      14
      23
      17
      14
      16
       9
      21
      19
      19
      19
      19
      18
      22
      14
      18
      15
      16
      15
      15
      16
      24
      15
      22
      18
      22
      11
      18
      20
      16
      16
      15
      13
      19
      16
      19
      14
      13
      13
      18
       9
      16
      14
      21
      16
      19
      18
      12
      16
      20
      17
      17
      20
      15
      17
      18
      14
      18
      21
      25
      10
      17
      24
      19
       9
      22
      16
      18
      15
      16
      15
      18
      18
      19
      10
      14
       8
      18
      14
      16
      18
      22
      14
      27
      17
      17
      16
      11
      24
      19
      14
      17
      15
      17
      10
      11
      23
      17
      28
      26
      31
      22
      43
      72
     113
     121
     159
     148
     144
     120
      97
      71
      34
      25
      18
      12
      19
      12
      19
      15
      13
      21
      12
      18
      17
      14
      19
      16
      16
      19
      15
      19
      16
      20
      14
      12
      15
      18
      11
      12
      20
      19
      13
      11
      20
      20
      19
      20
      13
      18
      22
      14
      14
      21
      22
      18
      14
      13
      18
      17
      13
      14
      19
      19
      21
      23
      20
      21
      13
      22
      18
      17
      18
      17
      19
      10
       9
      16
      11
      12
      18
      13
       7
      14
      17
      18
      17
      23
      21
      12
      14
      10
      14
      19
      14
      26
      20
      20
      19
      20
      22
      19
      15
      22
      23
      26
      18
      17
      12
       9
      17
      18
      25
      20
      13
      12
      23
      19
      21
      20
      17
      18
      17
      26
      15
      28
      35
      32
      39
      72
      98
     154
     251
     357
     424
     568
     599
     575
     483
     389
     262
     143
      91
      48
      27
      17
      17
       8
      10
      18
      15
      12
      17
      11
      15
      14
      15
      14
      10
       9
      17
      13
      12
      23
      12
      15
      12
      17
      12
      12
      15
      11
       8
      11
      17
      13
      14
      13
      18
      15
      21
      10
      20
      11
      13
      15
      19
      12
      10
      15
      17
      10
      16
      17
      17
      17
      15
      15
      13
      16
      16
      15
      11
      11
      16
       8
       9
      16
      14
      14
      14
       6
      22
      13
      14
      19
      15
      15
      17
      17
      11
       8
      24
      12
      19
      15
      11
      14
       9
      15
      18
       8
      17
       9
      10
      14
      12
      15
      15
      17
      11
      12
      17
      12
      12
      14
      19
       9
      12
      12
      11
      20
      10
      14
      11
      12
      16
      11
      16
      17
      15
      10
      14
      14
      14
      16
      11
      10
      15
      12
      14
      24
      16
      16
      15
      12
      18
       8
      13
      11
      10
       9
      21
      12
      17
      11
       9
       9
      12
      17
      10
      17
      17
      16
       2
      12
      16
      15
      14
      18
      19
      10
       6
      12
      17
      11
      19
      12
      12
      12
      13
      16
      17
      11
      12
      20
       9
      12
      13
       9
      10
      16
      11
      15
      18
      18
      10
      14
      16
      14
      21
      15
      12
      14
      17
      14
      12
      12
      10
      17
      20
      15
      19
      17
      13
      11
      14
      20
      13
      11
      12
      11
      15
      10
      15
       8
      11
      16
      15
      12
      14
      19
      18
      16
       8
      13
      12
      13
      19
      25
      22
      20
      18
      21
      23
      28
      21
      24
      12
      19
       9
      12
       9
      17
      12
      15
      10
      19
      13
      12
       7
      11
      10
       8
       7
      15
      16
      10
      13
      12
       9
      10
      16
      22
       8
       9
      11
      15
      13
       7
      14
       9
      12
      12
      15
      11
      15
      14
      12
      14
      21
       7
       8
       9
      11
       9
       7
      11
      14
       8
      12
      17
      17
      16
       8
      12
      14
      13
      10
      17
      13
       9
       8
       8
      17
      15
      16
      12
      14
      13
       9
      14
      12
      19
      14
      15
      21
       9
      13
      13
      12
      17
      13
      13
      14
      12
      18
      17
      16
      15
       8
      12
      10
      13
      13
      15
      11
      16
      10
      10
      18
      12
      15
      11
       9
      10
      19
      23
      19
      13
      15
      13
      14
       9
      13
      13
      18
      13
      10
      11
      10
      11
      12
      13
      13
      21
      12
      13
      12
      10
      19
      17
      12
       6
       8
      22
      12
      11
      16
      22
       8
      12
       9
      15
       9
      17
      19
      17
      19
      19
       7
      10
      11
      15
      11
      14
       7
      17
       9
       9
      19
      15
      11
      15
      11
      10
      19
      11
      13
      19
      14
      20
      16
      15
      19
      12
      15
       9
      11
      17
      16
       8
      17
      11
      14
      11
      13
      15
       5
       9
       8
      15
      13
      15
      10
      15
      13
      18
      23
      14
      14
      10
      13
      11
      10
      14
      13
      12
      12
      14
      13
      15
      10
      17
      12
       6
      11
      13
      10
      10
      11
       8
      14
      13
      10
       8
      22
      13
      16
      17
      21
      14
      21
      14
      16
      14
      15
      20
      21
      23
      18
      31
      13
      20
      20
      10
      20
      20
      15
      15
      12
      16
      12
      15
      14
      16
      14
      13
      12
      22
      11
      13
      11
       9
      17
      14
       6
      10
      12
      13
      14
      15
      16
      15
       9
      15
      12
       9
       9
      14
      17
      14
       9
      14
      10
      17
      12
      16
      11
      20
       9
       8
      10
      17
      14
      12
      20
       7
       9
      12
      11
      14
      12
       9
      17
      12
      12
      15
      21
      13
       7
      10
      11
      12
      15
       8
      21
      21
       9
      20
       8
      10
      11
      13
      13
      20
      19
       8
      14
       8
      12
      14
      10
      13
       7
       7
      14
      13
      10
      10
      12
      12
       9
      12
      11
      12
      15
      19
      11
      16
      12
       7
      19
      13
      13
      18
       8
      16
      14
      18
      12
      11
       8
      10
       8
      13
      15
       9
      10
      14
       8
      20
      11
      15
      11
      12
      12
      12
       9
      10
      13
      12
      13
       9
      13
      19
      19
      16
      13
       7
      17
      10
      11
      22
      10
      12
      11
      14
      10
      14
      14
      17
       7
       9
      17
       9
       9
       8
      19
      12
      16
      14
      15
      13
      11
      15
      14
      11
       6
      15
      11
       5
      12
      14
      17
      10
      13
      13
       9
      14
      13
      19
      13
      12
      11
      12
      12
      12
      14
      16
      11
      13
      19
      13
      14
      14
      11
      12
       9
      15
      13
       9
       7
       9
      11
       8
      14
      14
      17
      15
      11
      14
      16
      10
      12
       8
      11
      16
      16
      10
      17
      16
      11
      14
      12
      12
      12
       9
      13
      14
       5
      16
      14
      12
      11
       8
      14
       9
       8
      11
      16
      12
      12
      12
      12
      13
      19
      11
      13
       9
       7
      14
       6
      12
       6
      15
      18
      16
      16
      11
      11
      15
       9
       9
      13
      13
      21
      10
       7
      11
      11
       9
      20
       3
      10
       9
      13
      13
      10
      10
      16
      10
      11
      17
       7
      12
       8
      11
      13
      13
      12
      15
      13
       9
      11
      12
      11
      11
      12
      12
       9
       7
      15
      12
      17
      10
      18
      11
      25
      11
      13
      13
      12
      11
      16
      15
       8
      11
      17
      11
      16
      12
      15
      13
      10
      10
      21
      12
       4
      13
      11
       8
       7
      15
      19
      13
      12
      10
      16
      12
      18
      18
      14
      12
      14
      13
       9
       4
      11
      10
      12
      19
      11
      11
      10
      12
      12
      17
      11
      15
       8
       6
      13
       8
      16
      13
      15
       8
      14
      13
      12
      12
      15
       8
      13
      11
      16
       9
      14
       9
       8
      10
       9
      18
      17
       7
      14
      14
      14
      14
      12
      11
      16
      13
      10
      10
      18
      12
      15
      17
      10
       9
       9
      17
      18
      14
      13
      14
      17
      14
      18
       6
       9
       4
      12
      12
      12
      11
      12
      15
      12
       9
      15
      20
      13
      15
      11
      13
      12
      12
      12
      11
      11
      14
      17
      13
      14
      13
      13
      20
      10
      16
      11
      13
      10
      14
      14
      13
      12
      14
      19
      12
       9
      14
      16
       8
      10
      14
       9
       7
      17
      13
       8
      14
       9
      15
      13
      23
      16
      19
      12
      12
      13
       9
      20
      12
      14
      12
      14
      14
      13
      11
      11
      13
      15
      11
      16
       8
      15
      12
      13
      14
       7
      14
      15
      16
      12
      11
      12
      12
      12
      12
      11
      13
      13
       8
      16
      13
      11
      16
      18
      12
      14
      24
       8
      14
      19
       7
      16
      10
       9
      19
      13
      12
      16
       9
      18
      11
      13
      10
      12
      10
       4
      14
      16
      10
      17
      13
      11
      20
      22
      21
      14
      13
       8
      17
      15
      12
      15
      14
       7
      16
       7
      14
       4
      16
      16
      12
      12
      13
      12
       9
      12
      10
      12
      18
      17
       6
      13
       8
      17
       6
      15
      13
      12
      14
      20
       6
      17
      18
      14
      15
      11
      12
      10
      13
      14
      14
      14
      11
      13
       9
      12
       6
      10
       8
      18
      17
      16
      17
      18
       9
      11
      16
      10
      13
      15
      11
      12
      13
       8
      17
       6
      13
      16
      11
      14
      14
       7
       8
      14
      12
      11
      10
      12
       7
       9
      17
      14
      10
      19
       9
      20
       9
      14
      11
       8
      12
      11
      13
      12
      15
       9
      12
       6
       8
       9
      11
      13
      10
      13
       9
       9
      16
      11
      10
      11
      12
       7
      15
      14
       9
      16
       5
      12
       4
      10
       7
      12
      14
      10
      13
       7
      16
      11
      14
      10
       5
      10
       9
       9
       9
       8
      15
      13
       9
      18
      10
      13
      19
      13
      15
       5
       9
      15
      13
       8
      12
      12
      12
       6
       9
      19
      11
      16
       7
       8
      20
      15
      13
      11
       9
      16
      12
      10
      14
      15
      13
      21
      13
       8
      15
       4
      10
      15
      12
       8
      20
      14
      16
      14
      16
      18
      13
      10
      12
      15
      14
      11
      14
      10
      12
      16
      18
      11
      10
       9
      14
      11
      17
      11
      15
      18
      14
      14
       9
      11
      16
      13
      13
       9
      11
      11
       8
      10
      20
       9
       8
      16
      13
      14
       9
      11
      14
      12
       8
      11
      14
       4
      12
      16
      22
      10
      12
      10
       8
       8
       9
      13
       8
      11
      18
      11
      16
      13
      14
       7
      15
       7
       8
       8
      14
      18
      12
      10
      11
      18
      12
       6
      13
       4
       8
      10
      10
      17
      11
      14
      12
       5
       8
       9
       5
      16
      17
      12
      10
      11
      10
      13
      10
      12
      14
      13
      10
       9
      16
      12
      10
      14
      14
      12
      12
       6
       6
      16
      13
      14
       7
      10
      11
       6
      11
      16
      13
      12
      10
      14
      14
      19
      11
      21
      12
      16
      12
      14
      16
       8
      12
      14
      17
      12
       7
      17
      10
       3
       3
       9
      10
      11
      11
       9
      10
       8
      14
      13
      11
      13
      14
       8
      20
      13
       7
      13
      20
       6
       9
       9
      15
      11
      19
      10
      16
       9
      16
      16
      10
       5
      10
       8
      17
      15
      14
      11
       7
      11
      14
      13
       9
      16
      15
       9
      14
       9
      13
       8
       8
      14
      17
      17
      10
       4
      10
       7
       8
      13
      12
      11
      12
      13
      12
       7
       9
      15
      16
       7
      11
      10
      24
      12
      12
      11
       8
      18
       8
       9
      14
       9
      13
      13
      17
       6
      11
       7
       8
      15
      10
      17
       9
      12
       6
      11
      10
       9
      10
       8
      15
       9
      11
      10
       4
      12
       9
       9
      12
      16
      14
      12
      18
      11
      13
       7
      11
      17
      12
      17
       7
      13
      10
      14
       9
      11
       4
       6
       7
      14
      13
      12
      15
       9
       7
      10
       8
      12
      14
      13
      11
      14
      21
      15
       6
      10
       8
       6
      10
       8
      16
      13
      11
       4
      16
      11
       9
      12
      14
      11
      14
      15
       8
       8
      12
      10
       6
       8
      11
       9
      10
      16
      11
       7
      11
       9
      15
       9
       8
      14
      11
      11
      12
       8
      12
       7
       6
      14
       9
      10
       5
      11
       6
      11
      13
       5
       9
      12
      12
      10
      13
      10
       9
      14
      13
      11
       7
      14
      17
       8
      10
      11
      10
      15
      12
       9
       9
      12
      10
      13
      19
       8
      12
       8
      11
      14
      14
      11
      11
       3
      12
       6
      14
       4
      14
       8
      12
       7
      11
      14
       5
       6
       9
      14
      11
      16
      14
      16
       8
       9
      13
      11
      12
      14
      10
      15
      13
      15
      13
      15
      10
      14
      10
      12
      17
       9
       8
      11
      14
      10
      12
      12
      11
       7
       9
       6
      26
      16
      11
      13
       9
      16
      14
      12
       9
      13
      10
      11
       8
      10
      10
      16
      16
      13
      12
      13
      10
      10
       9
      18
      14
      10
       9
      13
       9
       7
      11
      10
      13
      12
      14
      13
      11
      11
      13
      10
      10
      10
       8
      11
      11
      10
      10
      12
       9
      10
      13
      13
      12
      13
       5
      16
      10
      11
      21
      15
      15
      14
       9
      14
      10
       6
      12
      15
      11
       7
       8
       7
      18
      23
      11
      11
      13
      13
       9
      12
      11
      14
      11
      13
      12
       7
       8
      15
       8
      11
      14
      12
      10
      11
      11
       8
       8
      10
      10
       9
       8
       7
      12
      14
      12
      13
      12
      10
      13
      10
      10
      12
      11
       6
       7
       6
       9
      10
      15
       5
      13
       9
       8
      10
       8
      15
      16
      13
      14
      11
      13
      15
       9
      10
      14
       6
      16
      18
      15
      12
       8
      11
      11
      13
      10
       9
      11
      15
      10
      11
      18
       9
      11
       9
      12
      12
       9
      10
      15
       9
      10
       8
      12
      13
      13
      10
       6
      13
      10
      11
       9
      11
      13
      11
      12
       9
      14
      11
       9
      17
      11
      12
      10
      13
      13
       9
      13
      14
      13
       8
       9
      15
      12
      20
      12
      16
      16
      16
      15
       8
       5
      10
       9
      11
       9
      12
      12
      10
      13
      11
      20
      14
      12
      10
      18
      16
      15
      19
      19
      17
      15
      17
      13
       9
      13
      14
      14
      13
      19
      13
       6
      10
      10
      14
      19
      13
      10
      14
      12
      12
      13
      12
      12
      10
      10
      11
      13
      13
      14
      12
      18
       9
      15
      13
       9
      15
      13
      15
      13
      12
      12
      15
       7
      13
       9
      18
      15
      11
       9
      14
       7
      14
      16
      15
      12
      12
      18
       6
       4
      12
      20
      10
       9
      10
       9
      12
      15
       9
      11
      10
      12
      13
      13
      16
      21
      12
      14
      15
      11
       6
      12
      11
      10
      18
      12
      14
      10
      11
      14
      11
       9
      14
       8
      11
      15
       7
      13
       6
      16
       8
      15
      17
      13
       9
      13
      11
      13
      17
      11
       6
      13
       7
      11
       8
      15
      12
       7
      14
      16
      15
      16
       9
      14
      13
      14
      18
      15
      11
      15
       8
      23
      19
      12
      16
      17
       7
      15
      13
      10
      20
      13
      16
      19
       6
      12
      10
      11
      13
       8
      13
      10
      15
      12
      13
       8
      17
       9
      14
       9
      15
      16
      17
       9
      13
      15
      17
      13
      14
      10
      12
       8
      13
      10
      19
      10
      15
      13
      19
      14
      14
      12
      13
      12
      21
      23
      29
      38
      37
      61
      64
      64
      55
      84
     102
      87
      95
      88
      73
      60
      41
      50
      25
      27
      27
      18
      19
      12
      12
      13
       9
      14
      11
      13
       9
      15
      14
      13
      23
      13
      15
      12
      19
      13
      17
      21
      10
      13
      15
      16
      17
      15
       9
       8
      12
      13
      13
      10
       8
      10
      10
      12
      14
      20
       8
      12
      13
      18
      15
      13
      17
      15
      17
       7
      12
       8
      17
      14
      16
      13
       8
      17
      10
      21
      14
      14
       7
       8
      15
      11
      16
      10
       5
      12
      10
       8
      12
      16
      13
      15
      12
      16
      13
      25
       6
      12
       9
      10
      11
      10
       6
       8
      15
      14
      15
      10
      10
      10
      18
      13
       6
      13
      13
      11
      17
      17
      10
      17
      11
      18
      18
      13
      18
       6
      12
      12
      10
      16
      11
      10
      18
      13
      11
      16
      12
      19
      17
      17
      12
      16
      11
      22
      11
      11
       9
      15
      14
      11
       8
      13
      16
      12
      14
      10
      13
      13
      14
      14
      10
       8
      16
      18
      12
      10
      17
      14
      11
       6
      22
      15
       8
      17
      16
      19
      17
      14
      22
      11
      14
      12
      14
      16
      12
      12
      11
      16
      21
      20
      17
      15
      14
       8
      13
      23
      12
      21
      16
      14
      16
      13
      20
      19
       7
      10
       8
      14
      12
      13
      21
      21
      13
       8
      17
      14
      18
      12
      17
       6
      10
      16
      22
       8
      11
      10
      11
      19
      14
      10
      14
      13
      15
      18
      23
      15
      13
      14
      15
      10
      25
      10
      10
      10
      18
      21
      14
      11
      12
      11
      13
      19
      17
      16
      12
      16
      22
      14
      18
      15
      17
      17
      16
      13
      21
      12
      17
      15
      17
      14
      14
      19
      15
      13
      15
      17
      14
      20
      15
      11
      16
      11
      14
      14
      20
      13
      20
      17
      17
      11
      11
      12
      12
      14
      11
      10
      15
      10
      19
      15
      20
      20
      18
      16
      12
      24
      17
      14
      11
      21
      19
      20
      11
      15
      26
      17
      12
      13
      19
      12
      13
       9
      16
      16
      10
      14
      15
      15
      11
      20
      15
       9
      18
      15
       6
      17
      17
      12
      24
      13
      22
      22
      17
      14
      18
      15
      20
      17
      17
      19
      10
      15
      17
      12
      12
      13
      13
      16
      17
       9
      14
      13
      13
      12
      18
      14
      12
      14
      11
      12
      16
      23
      13
       9
       9
      14
      16
      10
      14
       7
       6
      11
      15
       9
      14
      15
       9
      15
       7
      13
      14
       7
      18
      16
      16
      12
      12
      10
       8
      14
      22
      10
       9
      15
       9
      14
      13
      12
      14
       9
      14
      18
       8
       8
      17
      15
       9
      13
       8
       9
      11
      11
      12
       7
      12
      13
      10
      11
      11
      11
       8
      14
      11
      12
      11
      12
      15
      10
      16
       9
      16
      11
      12
      14
      15
      11
      10
      10
       6
      13
      14
       9
      16
       6
      10
      14
      12
      15
      17
      12
       9
      10
      10
       9
      12
      16
      12
       9
      10
      13
      14
      14
      12
      10
       7
       8
      10
       4
       9
      16
      16
       7
      10
      10
       6
      20
      13
      15
       9
       9
      11
       9
      13
      13
      11
      18
      12
       8
       7
      18
      11
      10
      12
       9
       7
      14
       6
       7
      12
      14
      11
       8
      11
      10
       9
      10
       9
       9
      11
      14
      11
       8
      10
      11
      13
      12
       6
      11
      14
      20
      14
       6
       9
      15
      15
      19
      16
      14
      11
      12
       8
      19
      15
      12
       7
       9
      10
      11
      11
      13
      11
      11
       4
       5
       7
      10
       8
      16
      10
      13
       9
       8
       4
      11
      10
      10
      13
      11
      12
       5
      13
      11
       7
      13
      12
      11
      12
       7
       8
      13
      13
       6
      13
       5
      10
      15
       5
      13
       8
      19
      11
       4
      13
       6
      19
      14
      12
      14
      11
       9
       9
      10
       6
      15
       7
      15
      10
      10
      12
      13
      17
       7
       3
       9
       4
      11
      14
      12
      10
       9
      10
      12
      15
      12
       6
      10
      11
       7
      11
      12
      10
       8
      16
       9
       8
      16
      14
      13
      13
       8
      11
      17
       5
      10
      10
      12
       7
      11
       5
      13
       8
       8
       8
      12
      12
      14
      11
      12
      14
      12
      12
      11
       7
      12
      13
      12
       6
      10
       8
      12
       8
      15
      11
      10
      13
       9
       8
      12
      12
       8
       5
      13
      11
       5
      10
      11
       9
      13
      12
       7
      12
      10
      13
      14
      17
      10
      10
       9
      12
      10
       8
      16
      14
       4
      10
      10
      15
      11
      13
      10
       8
      11
      15
       9
       6
      13
      11
      11
      11
      10
      13
      10
       4
       9
      11
      12
      10
       7
      12
      13
       7
      11
       7
      11
       8
      10
       3
      10
       9
      12
      11
       9
      13
       9
      10
      11
      13
      15
       7
      13
       5
      11
       9
       7
       8
      10
      17
       8
      11
      14
      10
       9
       9
      10
      11
       7
       9
       8
      20
       9
      17
      11
       4
      10
       9
      13
      18
      11
       8
      13
      11
      13
       3
       7
       7
       9
      10
       8
       6
      14
      10
      11
      18
      16
      18
      10
      12
      14
      16
       9
      18
       7
      12
      11
       7
       9
       9
       6
      17
       7
      11
      12
      11
       8
      11
      16
      13
      16
       4
      10
      13
      14
      10
      14
      11
       5
      12
       8
       7
       4
      12
      13
      13
       9
      12
      15
       9
      11
      21
       8
       9
      12
       6
       7
      13
      12
       9
       9
      13
      10
       6
       5
      16
      10
      13
       9
      10
      12
      13
       6
       9
       8
      13
       7
      10
      12
       8
       8
      17
       7
       8
       8
      11
      13
       5
      10
       6
       9
      10
      14
      10
       7
      14
      11
      10
      11
      11
      10
      14
       9
       9
      10
      11
      10
       9
      13
       5
       9
      10
       7
      15
       6
       9
       9
       9
      15
       5
      10
      10
      15
       7
      14
       8
      10
       6
       9
       9
      13
       8
      11
      10
      13
      10
      11
      10
      12
      13
      10
      14
      10
      10
       8
       7
       6
       8
       9
      11
      13
       5
       9
      11
       8
       5
       5
       8
       6
      15
       6
       9
      11
      11
      10
      13
      12
       8
       9
      11
       8
      16
       9
      10
      20
      10
       8
      12
       5
       5
      11
       9
      13
      16
       8
       6
      12
       8
       7
      11
      13
      13
       6
       6
       8
      13
       6
       9
      12
       9
      10
      11
      10
       9
       8
       9
       7
      16
      11
      13
      11
      17
       6
       9
       5
      16
      11
      10
      13
      10
       9
       5
       7
      11
      11
       9
       9
      11
      10
      15
      10
       9
      13
      10
      10
       5
      13
       9
      14
      10
      10
       6
      12
       9
       9
       9
      18
      12
      13
      16
       8
      20
      10
       6
      12
       9
      11
      12
      14
      10
      14
       9
       9
      10
       5
      10
      11
       7
       6
      11
       9
       6
      12
      10
      12
       7
      10
       7
       8
       8
      10
       6
      11
      12
      13
      13
      11
      10
       7
       8
       9
       6
      17
      12
      14
      22
      10
       4
      16
      14
       9
       7
       9
      12
      11
       7
       8
      12
      14
       6
      13
       7
      23
      12
      13
      10
      17
      10
       7
      12
      13
      12
       4
       9
      13
      20
      16
      11
       7
       7
       5
      13
      10
      15
      16
      11
      10
       9
       3
       7
      14
      13
      14
      13
       9
       8
       6
      15
      10
      18
      11
      16
      16
      11
      16
      16
      13
       8
       9
      14
      16
      17
      13
      17
      11
      12
       7
       9
      12
      11
      13
      10
      11
      13
      15
      17
      12
       6
       6
      11
      11
      10
      15
       9
      14
      11
       8
       8
      10
      18
       8
      13
      16
      14
      14
       9
      15
      10
      21
      17
      19
      18
      14
       9
       8
       6
      15
      12
      11
       7
      16
      15
      12
       9
      21
      15
      16
      13
      13
      20
      13
      16
      16
      18
      11
      10
      12
      13
      14
      11
      11
      13
      11
      11
      13
      12
       9
       7
      15
      13
      12
      12
      11
      15
      12
      10
       8
      14
      19
      12
      12
      16
      11
      15
       6
      13
      11
      12
      10
      19
      10
      15
      13
      16
      10
      11
      15
      14
      16
      15
      12
      14
      11
      17
      19
      11
       9
      15
      16
      13
      14
      16
      17
      11
       9
       9
      12
      20
      13
       9
      14
      13
       2
      16
      13
      13
      19
      14
      10
       6
       6
      10
      15
      13
      11
      12
      14
      16
       9
      13
      16
       7
      13
       8
      16
      14
      18
       4
      11
       8
      17
      15
       8
      17
      13
      13
      13
      11
      12
      16
      16
       6
      16
      10
      22
      13
      16
      11
      12
      21
      11
      10
      19
       7
      16
      12
       6
      12
      12
      12
      19
      15
      13
       6
      11
      12
       6
      11
       7
       9
       7
      13
      12
      12
      12
      10
      12
      10
       9
      12
      10
      10
      12
      10
      13
      10
       9
      13
       8
      11
       9
      13
      11
      10
      10
      10
       9
       8
       9
       7
       9
      13
       7
       9
       9
       7
      13
      16
       6
      13
      12
      10
      10
       7
      12
      10
       9
      12
       6
       9
      11
      15
      15
      13
      10
      15
      12
      11
      12
       8
      13
       7
       9
       8
      11
       7
       7
      13
      21
      15
      16
      15
      27
      24
      26
      43
      48
      51
      70
     100
     109
     127
     149
     173
     161
     226
     231
     217
     233
     236
     216
     209
     183
     152
     135
      85
      78
      45
      36
      27
      15
      14
       8
       3
      13
      11
      13
       7
       8
       3
       9
       6
       8
       6
       5
       7
       9
       6
       7
      12
       3
      11
       3
       9
       9
       5
       8
      10
      11
       7
       4
       7
       6
       5
       7
       1
       6
       3
       3
       5
       9
      11
       8
       5
       4
       6
      14
       7
       9
       9
       7
       6
      11
       4
       2
       7
       7
       3
       9
       6
       7
       4
       4
      10
       4
       5
       7
       7
       8
       6
       8
       3
       5
       3
       9
       6
       8
       5
      10
       7
       4
       7
       4
       6
       5
       6
       4
       6
      10
       7
       7
      13
       6
       8
      11
       7
       5
       5
       9
       9
       7
       9
       5
       5
       6
       9
      10
       6
       8
       5
      11
       3
       8
       9
       0
       8
       4
       5
       8
       4
       4
       5
       3
       3
       3
       3
       8
       5
       6
       5
      14
       4
       5
       2
       9
       8
       6
       3
       4
       4
       5
       3
       3
       4
       3
       4
       4
       3
       4
       3
       8
       3
       3
       5
       5
       1
       8
       2
       7
       5
       6
       6
       6
      14
       4
      11
       8
       3
       4
       4
       4
       5
      12
       8
       5
       4
       4
       7
       6
       4
       6
       3
       7
       6
       5
       6
       9
       7
       7
       6
       1
       4
       4
       4
       4
       6
       5
       0
       4
       4
       3
       3
       4
       6
       6
       8
       5
       6
       4
       4
       2
       8
       3
       6
      10
       2
       5
       5
       7
       2
       5
       4
       5
       4
       7
       1
       3
       7
      10
       6
       6
       7
       3
       5
       8
       2
       6
       4
       1
       4
       3
       5
       9
       3
       5
       6
       6
       9
       8
       9
       3
       4
       9
       3
       6
       5
       6
       3
       2
      11
       5
       2
       2
       8
       3
       4
       6
       4
       4
       7
       6
       1
       3
       5
       3
       6
       5
       6
       3
       9
       3
       3
       5
       2
       4
       4
       1
       4
       5
       4
       4
       6
       1
       7
       8
       0
       4
       2
       1
       6
       6
       4
       3
       4
       4
       6
       5
       2
       2
       5
       7
       5
       5
       1
       1
       3
       6
       3
       8
       2
       2
       1
       1
       2
       5
       2
       2
       5
       5
       1
       4
       5
       2
       4
       3
       2
       4
       6
       3
       4
       8
       3
       6
       1
       2
       3
       2
       9
       6
       5
       3
       5
       3
       3
       5
       2
       4
       6
       2
       3
       5
       2
       3
       8
       1
       5
       1
       6
       4
       6
       1
       3
       3
       2
       5
       2
       2
       6
       1
       0
       2
       5
       7
       2
       3
       1
       8
       2
       1
       2
       3
       2
       5
       3
       5
       3
       5
       4
       0
       5
       2
       2
       1
       1
       7
       8
       4
       3
       7
       4
       2
       1
       6
       5
       1
       4
       2
       4
       4
       2
       5
       0
       1
       4
       1
       1
       4
       1
       5
       7
       2
       4
       4
       4
       2
       2
       2
       4
       1
       1
       2
       3
       4
       2
       6
       4
       7
       2
       4
       6
       1
       5
       2
       1
       4
       5
       6
       3
       2
       2
       6
       3
       3
       2
       4
       9
       4
       3
       4
       5
       2
       0
       3
       3
       2
       3
       5
       1
       2
       2
       5
       2
       3
       2
       2
       2
       2
       3
       4
       2
       4
       6
       1
       2
       3
       0
       6
       2
       4
       6
       4
       3
       2
       2
       3
       1
       5
       4
       5
       5
       3
       5
       0
       4
       1
       7
       6
       4
       4
       5
       4
       0
       8
       3
       7
       6
       1
       2
       0
       1
       2
       1
       2
       2
       3
       2
       3
       4
       3
       2
       5
       6
       1
       2
       3
       3
       3
       1
       0
       2
       0
       5
       4
       2
       1
       2
       8
       0
       2
       3
       1
       2
       3
       2
       3
       1
       1
       2
       1
       2
       2
       4
       3
       3
       2
       3
       2
       2
       3
       5
       3
       0
       1
       1
       6
       5
       1
       2
       0
       0
       0
       4
       3
       2
       7
       4
       4
       1
       3
       4
       4
       2
       2
       4
       4
       3
       7
       3
       5
       3
       1
       2
       3
       3
       3
       2
       3
       5
       3
       0
       0
       3
       2
       2
       2
       2
       4
       5
       1
       3
       3
       2
       5
       3
       4
       2
       1
       1
       3
       2
       1
       2
       2
       3
       1
       1
       2
       1
       4
       4
       0
       2
       5
       1
       2
       6
       2
       1
       1
       5
       1
       2
       3
       2
       2
       3
       1
       2
       4
       4
       3
       2
       2
       6
       0
       0
       2
       1
       3
       1
       2
       5
       2
       1
       2
       3
       3
       2
       3
       5
       1
       3
       2
       4
       1
       7
       1
       5
       5
       6
       7
       5
       4
       3
       6
       1
       3
       7
       2
       1
       3
       3
       1
       1
       1
       2
       4
       2
       4
       4
       1
       1
       5
       3
       2
       2
       2
       7
       3
       2
       4
       0
       4
       2
       4
       4
       2
       4
       3
       3
       2
       3
       3
       3
       3
       3
       2
       4
       4
       5
       6
       1
       5
       2
       4
       4
       1
       3
       3
       1
       3
       1
       5
       2
       4
       4
       3
       3
       4
       4
       0
       0
       2
       2
       2
       1
       2
       3
       2
       1
       4
       0
       5
       2
       1
       3
       4
       3
       6
       2
       2
       4
       3
       4
       4
       4
       2
       5
       3
       3
       1
       2
       1
       5
       4
       0
       4
       0
       0
       2
       8
       3
       5
       1
       6
       4
       3
       1
       3
       2
       3
       1
       3
       3
       0
       2
       5
       5
       3
       5
       4
       2
       1
       3
       3
       2
       4
       2
       1
       2
       2
       4
       2
       3
       4
       4
       2
       3
       2
       4
       3
       0
       5
       4
       3
       1
       4
       2
       4
       1
       9
       4
       2
       1
       4
       3
       6
       2
       4
       5
       3
       3
       4
       2
       2
       2
       3
       3
       1
       5
       1
       4
       2
       3
       5
       5
       4
       7
       3
       5
       4
       4
       2
       3
       6
       1
       4
       2
       3
       2
       6
       4
       3
       4
       3
       6
       7
       4
       3
       4
       0
       1
       4
       2
       1
       0
       1
       5
       4
       3
       3
       4
       2
       0
       1
       5
       6
       5
       2
       5
       4
       0
       4
       4
       5
       2
       2
       3
       5
       0
       4
       0
       4
       6
       3
       4
       2
       5
       1
       2
       4
       3
       2
       2
       4
       2
       6
       1
       3
       3
       3
       3
       3
       3
       4
       4
       7
       7
       9
       9
       7
       9
      12
      11
      15
      17
      16
      37
      24
      35
      57
      57
      77
      74
     108
     111
     138
     167
     184
     206
     209
     232
     256
     235
     256
     249
     223
     241
     208
     177
     123
     121
      95
      68
      37
      43
      22
      17
       3
      10
       2
       3
       1
       0
       1
       1
       2
       4
       0
       2
       3
       1
       4
       3
       3
       2
       4
       2
       2
       1
       4
       2
       1
       0
       3
       3
       2
       3
       2
       2
       1
       1
       2
       1
       2
       3
       1
       1
       2
       0
       1
       4
       4
       0
       1
       1
       3
       0
       1
       2
       3
       1
       1
       1
       3
       4
       2
       1
       2
       1
       2
       1
       1
       0
       3
       3
       3
       1
       0
       1
       0
       1
       4
       2
       1
       2
       2
       2
       1
       2
       3
       3
       0
       2
       1
       3
       0
       1
       1
       2
       4
       1
       4
       2
       4
       1
       2
       2
       1
       2
       1
       3
       2
       0
       0
       2
       1
       2
       2
       4
       4
       0
       0
       2
       4
       1
       2
       0
       1
       3
       1
       3
       0
       1
       2
       1
       2
       5
       3
       1
       3
       4
       2
       0
       1
       0
       4
       1
       1
       4
       2
       1
       2
       4
       3
       2
       2
       2
       1
       1
       3
       2
       3
       2
       2
       3
       0
       3
       2
       1
       3
       0
       4
       2
       0
       3
       0
       2
       1
       1
       0
       2
       1
       4
       1
       1
       4
       1
       0
       2
       0
       2
       1
       3
       2
       2
       1
       1
       2
       0
       2
       1
       0
       3
       0
       1
       0
       0
       0
       0
       1
       5
       0
       2
       3
       1
       1
       1
       2
       1
       1
       0
       4
       0
       0
       0
       2
       3
       1
       3
       1
       1
       1
       1
       3
       2
       1
       0
       0
       1
       2
       2
       4
       0
       2
       1
       2
       1
       3
       1
       2
       0
       2
       1
       3
       1
       1
       1
       1
       0
       0
       3
       0
       2
       1
       2
       3
       3
       1
       0
       0
       1
       0
       0
       2
       1
       1
       1
       4
       3
       1
       0
       0
       3
       0
       1
       3
       0
       1
       2
       2
       3
       2
       1
       1
       1
       1
       1
       0
       0
       5
       3
       1
       2
       1
       3
       3
       1
       3
       2
       0
       3
       2
       1
       3
       1
       1
       2
       0
       1
       2
       1
       2
       3
       0
       2
       2
       0
       0
       1
       0
       0
       0
       2
       1
       1
       3
       1
       2
       0
       2
       1
       1
       1
       1
       0
       2
       1
       0
       1
       1
       4
       0
       2
       0
       4
       1
       2
       2
       3
       0
       0
       0
       2
       0
       0
       0
       1
       1
       2
       0
       4
       1
       2
       2
       4
       2
       2
       1
       0
       1
       1
       2
       3
       1
       1
       2
       2
       0
       2
       1
       1
       0
       1
       1
       3
       3
       2
       2
       0
       0
       1
       1
       0
       1
       3
       0
       0
       0
       2
       1
       0
       1
       0
       0
       1
       3
       4
       0
       1
       1
       0
       2
       3
       0
       1
       0
       1
       1
       2
       0
       2
       1
       3
       4
       4
       0
       0
       3
       1
       0
       1
       0
       0
       1
       2
       0
       2
       2
       2
       0
       1
       0
       0
       0
       3
       1
       0
       1
       1
       0
       0
       1
       1
       1
       0
       0
       1
       1
       1
       1
       1
       2
       2
       1
       0
       1
       1
       2
       1
       0
       4
       0
       1
       0
       2
       2
       1
       3
       1
       1
       0
       2
       1
       1
       2
       3
       0
       2
       0
       2
       2
       0
       0
       2
       2
       1
       0
       1
       1
       1
       2
       1
       1
       3
       0
       1
       1
       0
       0
       1
       1
       0
       1
       0
       2
       0
       0
       1
       0
       0
       0
       0
       3
       1
       1
       1
       2
       1
       1
       0
       0
       1
       1
       1
       3
       1
       0
       1
       0
       1
       2
       2
       1
       0
       3
       1
       0
       0
       0
       1
       1
       1
       3
       0
       1
       2
       1
       1
       1
       1
       0
       0
       3
       0
       2
       2
       3
       0
       0
       1
       2
       1
       1
       1
       1
       1
       0
       0
       1
       0
       2
       2
       0
       0
       1
       1
       0
       1
       0
       3
       0
       2
       1
       1
       5
       0
       1
       1
       2
       2
       1
       1
       1
       1
       3
       0
       0
       1
       3
       0
       1
       1
       1
       1
       1
       0
       1
       3
       0
       3
       4
       0
       1
       1
       3
       1
       4
       1
       1
       0
       3
       0
       0
       1
       0
       0
       1
       3
       1
       2
       0
       0
       1
       1
       2
       2
       0
       0
       0
       1
       0
       3
       0
       1
       1
       0
       2
       2
       2
       0
       2
       2
       3
       2
       1
       0
       2
       0
       1
       0
       0
       0
       1
       0
       1
       0
       3
       2
       2
       1
       1
       1
       2
       0
       2
       1
       1
       1
       2
       0
       1
       2
       2
       3
       1
       1
       1
       0
       0
       1
       2
       2
       0
       0
       0
       1
       1
       0
       1
       2
       1
       0
       1
       1
       0
       0
       1
       2
       1
       1
       0
       0
       0
       1
       1
       0
       1
       3
       0
       2
       2
       1
       1
       2
       1
       0
       1
       1
       2
       2
       1
       0
       4
       0
       1
       1
       1
       1
       1
       0
       0
       0
       0
       2
       0
       0
       0
       0
       1
       3
       2
       2
       1
       0
       1
       1
       0
       1
       1
       2
       1
       1
       2
       0
       1
       0
       0
       3
       0
       2
       1
       0
       0
       1
       1
       1
       2
       0
       1
       2
       2
       1
       2
       0
       0
       1
       1
       0
       0
       1
       0
       0
       2
       1
       0
       0
       2
       0
       1
       0
       0
       2
       1
       1
       0
       1
       3
       3
       0
       1
       1
       0
       2
       1
       1
       1
       2
       3
       4
       2
       0
       1
       1
       5
       1
       2
       0
       5
       3
       0
       2
       1
       2
       0
       0
       0
       0
       1
       2
       1
       1
       3
       1
       0
       1
       0
       1
       0
       2
       1
       2
       0
       1
       3
       1
       1
       2
       0
       0
       1
       1
       1
       3
       1
       2
       0
       1
       3
       2
       1
       1
       0
       1
       0
       2
       1
       0
       0
       1
       4
       0
       1
       1
       0
       1
       0
       0
       1
       2
       1
       1
       1
       0
       2
       1
       0
       0
       0
       2
       1
       0
       0
       0
       1
       1
       2
       1
       0
       1
       0
       1
       0
       1
       2
       0
       1
       0
       2
       0
       1
       0
       0
       3
       2
       0
       0
       0
       0
       1
       0
       1
       3
       1
       1
       2
       2
       0
       1
       0
       1
       0
       1
       0
       1
       0
       0
       1
       0
       0
       0
       1
       0
       1
       0
       1
       0
       1
       0
       0
       0
       1
       1
       0
       1
       0
       0
       0
       1
       1
       1
       2
       4
       1
       2
       1
       3
       0
       3
       3
       1
       0
       1
       2
       0
       2
       1
       2
       1
       0
       2
       1
       1
       1
       0
       1
       2
       0
       1
       1
       2
       2
       2
       1
       2
       1
       1
       1
       1
       1
       2
       0
       3
       1
       0
       0
       0
       0
       2
       1
       0
       0
       2
       1
       1
       0
       2
       0
       2
       0
       1
       2
       0
       0
       0
       0
       0
       1
       3
       0
       0
       1
       3
       4
       1
       3
       2
       0
       2
       2
       1
       2
       3
       2
       7
       4
       5
      11
       5
       5
       7
      12
      15
      16
      19
      22
      26
      31
      25
      27
      35
      11
      27
      19
      21
      28
      15
      13
      14
      12
      14
       9
       6
       5
       3
       0
       1
       1
       2
       1
       1
       1
       0
       3
       1
       1
       2
       1
       1
       0
       1
       3
       3
       0
       2
       1
       0
       4
       1
       0
       3
       1
       0
       1
       2
       1
       0
       0
       0
       1
       0
       0
       3
       1
       1
       2
       1
       0
       2
       0
       0
       2
       2
       0
       0
       1
       2
       0
       3
       3
       0
       1
       2
       0
       0
       1
       1
       0
       1
       1
       0
       1
       1
       0
       1
       2
       2
       0
       1
       1
       3
       2
       3
       0
       1
       0
       0
       0
       0
       2
       0
       2
       2
       1
       1
       1
       1
       1
       0
       2
       0
       2
       0
       0
       0
       0
       0
       4
       0
       1
       3
       0
       0
       1
       0
       2
       2
       1
       3
       0
       2
       2
       2
       1
       4
       1
       0
       2
       1
       2
       1
       1
       0
       0
       0
       0
       0
       0
       2
       0
       3
       1
       0
       0
       1
       0
       0
       2
       1
       0
       1
       0
       1
       1
       2
       0
       2
       2
       1
       0
       0
       0
       2
       0
       1
       3
       0
       0
       1
       0
       1
       0
       1
       0
       0
       0
       3
       0
       1
       1
       0
       0
       3
       2
       3
       0
       2
       1
       1
       1
       1
       1
       2
       1
       0
       2
       1
       1
       1
       0
       1
       0
       3
       1
       1
       0
       1
       2
       0
       1
       0
       0
       1
       1
       0
       2
       2
       0
       0
       0
       0
       0
       0
       2
       0
       0
       1
       0
       2
       0
       0
       1
       1
       1
       2
       1
       0
       1
       0
       0
       0
       1
       0
       1
       0
       0
       1
       1
       2
       1
       0
       2
       0
       1
       0
       0
       1
       0
       2
       2
       2
       1
       0
       0
       1
       0
       2
       0
       0
       3
       1
       1
       0
       0
       0
       0
       1
       0
       0
       0
       0
       2
       1
       0
       2
       0
       1
       3
       0
       0
       0
       1
       1
       1
       0
       0
       1
       0
       1
       0
       0
       2
       0
       0
       0
       2
       0
       0
       2
       1
       3
       0
       0
       2
       3
       1
       1
       2
       0
       1
       0
       1
       2
       0
       0
       1
       1
       0
       0
       0
       0
       0
       0
       0
       0
       0
       0
       0
       0
       0
       0
       0
       0
       0
       0
       0
       0
       0
       0
       0
       0
       0
       0
       0
       0
       0
       0
       0
       0
       0
       0
       0
       0
       0
       0
       0
       0
       0
       0
       0
       0
       0
       0
       0
       0
       0
       0
       0
       0
       0
       0
       0
       0
       0
       0
       0
       0
       0
       0
       0
       0
       0
       0
       0
       0
       0
       0
       0
       0
       0
       0
       0
       0
       0
       0
       0
       0
       0
       0
       0
       0
       0
       0
       0
       0
       0
       0
       0
       0
       0
       0
       0
       0
       0
       0
       0
       0
       0
       0
       0
       0
       0
       0
       0
       0
       0
       0
       0
       0
       0
       0
       0
       0
       0
       0
       0
       0
       0
       0
       0
       0
       0
       0
       0
       0
$ROI:
1
4146 4168
$PRESETS:
Live Time
600
0
$ENER_FIT:
-1.504534 0.196418
$MCA_CAL:
3
-1.504534E+000 1.964177E-001 -1.544040E-007 keV
$SHAPE_CAL:
3
0.000000E+000 0.000000E+000 0.000000E+000
