$SPEC_ID:
HFNG Beamline
$SPEC_REM:
DET# 2
DETDESC# EasyMCA
AP# Maestro Version 7.01
$DATE_MEA:
06/22/2018 12:52:55
$MEAS_TIM:
176 178
$DATA:
0 8191
       0
       0
       0
       0
       0
       0
       0
       0
       0
       0
       0
       0
       0
       0
       0
       0
       0
       0
       0
       0
       0
       0
       0
       0
       0
       0
       0
       0
       0
       0
       0
       0
       0
       0
       0
       0
       0
       0
       0
       0
       0
       0
       0
       0
       0
       0
       0
       0
      47
     101
     102
      97
      77
      94
      84
      93
     103
      95
     110
      88
      98
      86
      99
      84
      97
      89
      92
      83
     103
      93
     103
      72
      98
      87
      68
      90
      73
     108
      80
      70
      84
      63
      86
      70
      72
      75
      85
      70
      81
      72
      76
      75
      73
      87
      72
      65
      67
      71
      70
      77
      65
      82
      66
      76
      64
      81
      76
      65
      68
      74
      76
      63
      67
      84
      61
      75
      73
      72
      68
      73
      66
      76
      67
      64
      49
      74
      70
      64
      71
      57
      56
      65
      66
      60
      62
      73
      53
      51
      58
      56
      64
      72
      50
      56
      69
      76
      58
      52
      48
      65
      61
      53
      59
      62
      78
      52
      67
      66
      57
      61
      57
      61
      61
      68
      56
      37
      75
      64
      59
      54
      59
      52
      59
      65
      61
      52
      60
      57
      57
      66
      69
      54
      54
      45
      59
      56
      58
      52
      51
      49
      47
      57
      52
      60
      45
      53
      58
      56
      70
      54
      48
      49
      55
      62
      44
      58
      71
      48
      47
      61
      60
      57
      55
      62
      57
      51
      59
      49
      63
      47
      59
      48
      43
      48
      40
      52
      50
      53
      58
      62
      56
      43
      57
      43
      55
      58
      49
      70
      35
      41
      66
      40
      50
      52
      62
      62
      73
      54
      64
      47
      63
      40
      57
      53
      55
      52
      48
      51
      60
      49
      58
      48
      53
      50
      53
      44
      52
      63
      58
      42
      42
      44
      60
      50
      44
      57
      49
      55
      41
      48
      53
      50
      35
      40
      51
      49
      45
      57
      62
      46
      57
      62
      59
      33
      50
      52
      44
      50
      48
      62
      39
      44
      49
      47
      53
      54
      45
      53
      57
      58
      49
      44
      47
      58
      45
      41
      63
      53
      58
      58
      45
      49
      55
      45
      60
      47
      47
      51
      43
      55
      53
      62
      41
      46
      40
      51
      51
      56
      65
      53
      38
      52
      52
      45
      49
      60
      45
      64
      42
      49
      49
      46
      42
      46
      50
      33
      49
      45
      43
      58
      50
      54
      52
      58
      42
      48
      55
      59
      51
      51
      71
      62
      92
      93
     110
      91
      92
      67
      52
      56
      68
      69
      75
     132
     121
     140
     138
      88
      57
      48
      44
      60
      51
      47
      39
      58
      44
      47
      47
      40
      44
      47
      58
      60
      39
      45
      57
      54
      37
      42
      46
      46
      58
      55
      41
      42
      42
      46
      42
      36
      51
      47
      49
      47
      45
      47
      46
      47
      56
      55
      67
      63
      65
      76
      70
      79
      79
      91
      68
      53
      43
      50
      47
      51
      51
      45
      50
      57
      55
      63
      61
      62
      56
      51
      44
      49
      40
      42
      41
      47
      44
      54
      56
      44
      37
      42
      42
      54
      44
      49
      47
      47
      37
      39
      44
      35
      46
      39
      61
      48
      53
      43
      46
      59
      54
      38
      60
      37
      44
      53
      46
      41
      37
      38
      46
      47
      46
      41
      55
      41
      50
      47
      44
      39
      53
      54
      44
      56
      44
      56
      55
      54
      36
      59
      48
      42
      52
      40
      46
      48
      38
      56
      41
      60
      42
      41
      50
      48
      50
      50
      56
      44
      31
      35
      32
      43
      40
      43
      50
      53
      48
      46
      39
      49
      31
      47
      63
      50
      39
      66
      48
      43
      44
      50
      43
      43
      60
      48
      50
      42
      58
      46
      41
      41
      51
      42
      37
      47
      39
      49
      53
      46
      54
      39
      61
      44
      47
      56
      46
      47
      39
      49
      52
      35
      50
      44
      57
      45
      54
      60
      45
      38
      57
      48
      41
      36
      48
      36
      43
      50
      47
      41
      44
      46
      51
      49
      54
      36
      69
      50
      43
      34
      47
      49
      38
      41
      37
      56
      42
      43
      50
      44
      51
      46
      48
      46
      44
      49
      39
      50
      42
      47
      57
      44
      45
      46
      54
      45
      43
      40
      49
      45
      56
      41
      51
      47
      44
      54
      35
      49
      32
      53
      57
      54
      53
      61
      53
      63
      46
      51
      42
      44
      39
      45
      58
      42
      62
      53
      53
      50
      48
      48
      45
      62
      46
      37
      48
      40
      50
      53
      42
      41
      54
      47
      51
      49
      55
      42
      39
      52
      40
      40
      46
      49
      48
      35
      51
      51
      52
      47
      42
      35
      53
      57
      58
      65
      67
      99
     120
     207
     255
     240
     191
     115
      65
      58
      48
      44
      46
      43
      38
      55
      43
      47
      48
      54
      47
      41
      52
      48
      39
      60
      53
      63
      56
      42
      49
      42
      48
      44
      54
      60
      44
      58
      47
      56
      49
      41
      70
      57
      58
      49
      53
      63
      57
      68
      50
      65
      49
      48
      52
      66
      47
      44
      66
      53
      58
      53
      49
      58
      55
      54
      50
      56
      59
      49
      58
      53
      55
      45
      43
      58
      57
      55
      52
      40
      54
      59
      36
      47
      51
      59
      59
      46
      55
      55
      61
      59
      49
      57
      48
      42
      64
      49
      61
      47
      56
      53
      53
      59
      54
      60
      79
      55
      59
      68
      47
      49
      62
      58
      47
      61
      65
      61
      56
      59
      42
      57
      47
      63
      62
      38
      55
      63
      63
      52
      47
      65
      65
      59
      57
      48
      45
      44
      50
      53
      62
      49
      68
      61
      67
      47
      71
      55
      49
      53
      43
      60
      61
      61
      68
      52
      51
      62
      55
      53
      52
      63
      62
      55
      55
      57
      51
      51
      59
      63
      55
      60
      51
      55
      61
      65
      44
      61
      57
      65
      58
      49
      46
      53
      57
      51
      65
      49
      60
      53
      56
      61
      61
      58
      43
      46
      66
      71
      64
      64
      57
      61
      53
      54
      50
      54
      65
      39
      65
      52
      54
      63
      67
      65
      60
      54
      65
      50
      47
      50
      53
      50
      51
      66
      47
      63
      45
      62
      51
      69
      46
      48
      57
      66
      51
      50
      64
      54
      58
      64
      71
      56
      54
      51
      55
      53
      47
      56
      55
      68
      66
      56
      51
      49
      50
      56
      50
      57
      56
      55
      49
      47
      61
      47
      60
      52
      50
      47
      42
      57
      54
      40
      53
      47
      53
      63
      43
      58
      56
      46
      53
      41
      48
      44
      50
      42
      50
      51
      46
      43
      51
      62
      40
      41
      43
      38
      52
      43
      46
      49
      36
      48
      41
      58
      38
      54
      46
      40
      43
      39
      47
      54
      51
      49
      29
      55
      41
      47
      46
      39
      46
      39
      35
      51
      50
      40
      41
      47
      45
      47
      42
      53
      42
      33
      42
      30
      45
      45
      44
      33
      29
      40
      46
      29
      42
      36
      45
      44
      53
      40
      50
      36
      42
      48
      51
      44
      52
      44
      42
      38
      37
      38
      45
      46
      51
      44
      51
      47
      43
      46
      48
      41
      43
      53
      31
      50
      33
      57
      52
      46
      53
      56
      46
      47
      42
      44
      56
      39
      54
      48
      48
      51
      53
      58
      41
      52
      54
      44
      62
      52
      54
      46
      48
      32
      45
      46
      43
      35
      51
      35
      42
      39
      42
      32
      42
      40
      48
      41
      46
      50
      44
      58
      36
      48
      49
      51
      45
      41
      45
      33
      53
      53
      37
      48
      42
      50
      40
      34
      44
      49
      54
      37
      45
      53
      42
      43
      37
      51
      55
      49
      50
      38
      48
      50
      42
      43
      51
      37
      42
      41
      41
      54
      48
      44
      38
      55
      29
      43
      55
      38
      46
      47
      43
      34
      50
      49
      48
      46
      51
      58
      36
      46
      42
      51
      46
      45
      55
      52
      36
      42
      47
      41
      37
      43
      42
      42
      45
      36
      52
      41
      36
      35
      40
      48
      28
      46
      35
      48
      51
      49
      39
      28
      48
      42
      35
      40
      42
      35
      51
      38
      36
      41
      32
      47
      44
      41
      35
      44
      52
      46
      56
      40
      43
      39
      45
      38
      44
      46
      41
      46
      48
      38
      35
      31
      33
      34
      40
      38
      39
      36
      35
      51
      38
      40
      29
      58
      36
      31
      47
      39
      58
      34
      44
      38
      38
      43
      32
      42
      40
      40
      37
      39
      40
      41
      38
      32
      30
      46
      46
      31
      41
      44
      39
      41
      43
      37
      46
      41
      39
      39
      42
      39
      36
      42
      41
      38
      40
      31
      31
      31
      31
      34
      40
      38
      33
      39
      52
      48
      35
      27
      56
      31
      32
      39
      29
      33
      37
      34
      28
      30
      37
      36
      36
      26
      39
      25
      33
      33
      32
      32
      33
      34
      25
      30
      40
      28
      32
      38
      31
      38
      36
      49
      36
      38
      35
      32
      38
      41
      31
      53
      20
      35
      34
      32
      30
      34
      32
      34
      39
      34
      28
      39
      34
      38
      30
      25
      27
      40
      32
      34
      31
      45
      28
      27
      31
      38
      24
      41
      28
      32
      28
      45
      23
      24
      34
      31
      32
      45
      37
      42
      37
      36
      33
      32
      34
      37
      29
      34
      37
      24
      24
      22
      33
      26
      32
      28
      32
      37
      27
      23
      27
      24
      33
      36
      31
      31
      25
      32
      38
      25
      31
      31
      43
      25
      41
      37
      40
      22
      34
      23
      30
      19
      23
      28
      28
      30
      35
      37
      35
      19
      26
      29
      29
      30
      31
      27
      27
      25
      25
      31
      25
      33
      22
      28
      26
      18
      22
      23
      29
      30
      18
      24
      19
      26
      34
      27
      30
      28
      25
      30
      20
      26
      30
      25
      35
      30
      26
      23
      31
      33
      34
      27
      23
      26
      23
      20
      30
      37
      32
      28
      20
      33
      27
      32
      26
      33
      21
      25
      18
      17
      22
      17
      28
      34
      32
      27
      22
      24
      22
      25
      24
      21
      28
      22
      26
      22
      31
      31
      26
      31
      23
      31
      23
      27
      27
      31
      28
      20
      22
      25
      26
      32
      29
      22
      19
      24
      19
      18
      24
      28
      29
      28
      21
      30
      29
      30
      16
      24
      13
      29
      24
      32
      22
      29
      21
      22
      25
      31
      23
      19
      25
      28
      23
      24
      28
      21
      27
      24
      20
      32
      31
      38
      24
      31
      26
      15
      24
      27
      26
      19
      29
      16
      27
      26
      22
      30
      20
      22
      24
      17
      29
      25
      20
      24
      27
      35
      19
      26
      26
      27
      28
      20
      28
      26
      24
      31
      21
      32
      19
      26
      33
      23
      17
      16
      24
      21
      26
      28
      20
      28
      20
      21
      15
      35
      37
      23
      24
      20
      30
      34
      28
      27
      23
      24
      24
      28
      21
      21
      21
      27
      25
      15
      26
      19
      25
      21
      18
      26
      26
      18
      27
      27
      23
      20
      22
      22
      25
      24
      16
      26
      19
      22
      22
      38
      19
      26
      21
      31
      18
      19
      19
      17
      32
      26
      25
      25
      22
      15
      28
      17
      22
      28
      18
      21
      22
      25
      22
      30
      26
      24
      21
      28
      20
      18
      16
      20
      22
      20
      23
      17
      21
      25
      29
      29
      26
      38
      29
      37
      34
      34
      50
      72
      83
     131
     225
     399
     547
     700
     952
     944
     937
     789
     507
     325
     146
      78
      40
      22
      19
      20
      20
      18
      18
      23
      20
      24
      23
      18
      18
      26
      23
      19
      27
      26
      21
      24
      23
      15
      11
      17
      19
      13
      19
       9
      24
      16
      25
      15
      11
      22
      24
      20
      19
      21
      15
      27
      20
      17
      16
      14
      11
      13
      17
      13
      16
      12
      18
      17
      17
      21
      16
      10
      22
      12
      14
      15
      22
      20
      17
      11
      13
      15
      21
      15
      22
      21
      27
       9
      14
      21
      20
      12
      25
      18
      13
      12
      22
      20
      13
      16
      19
      18
      19
      20
      24
      27
      30
      26
      30
      28
      38
      20
      20
      19
       8
      17
      21
      19
      24
      14
      12
      18
      14
      19
      12
      10
      17
      18
      17
      20
      11
      12
      18
      18
      17
      19
      11
      17
      17
      18
      16
      13
      11
       9
      23
       9
      21
      21
      15
      19
      13
      14
      21
      21
      18
      21
      18
      18
      18
      13
      25
       3
      24
      16
      17
      15
      18
      20
      22
      16
      20
      21
      23
      11
      19
      12
      20
      19
      11
      16
      15
      16
      16
      17
      19
      13
      25
      22
      10
      16
      23
      21
       5
      20
      10
      18
      14
      20
      18
       9
      23
      10
      16
      15
      19
      14
      12
      13
      11
      20
      14
      14
      16
      12
      14
      25
      15
      19
      21
      22
      12
      13
      14
      15
      25
      19
      15
      15
      19
      11
       9
      14
      14
      22
      17
      18
      18
      12
      13
      16
      15
      15
       9
      10
      19
       9
      10
       7
      13
      11
      16
      20
      14
      12
       9
      12
      15
      21
      15
      14
      15
      13
      21
      15
      14
      10
      21
      20
      16
      20
      20
      20
      16
      14
      18
      13
      22
      12
      18
      14
      19
      20
      24
      14
      14
      17
      27
      21
      32
      54
      45
      68
      81
      86
      94
      81
      53
      46
      27
      19
      16
      20
       8
      18
      16
      15
      20
      12
      14
      22
      14
      14
      27
      13
      13
      13
      11
      13
      18
      13
      13
      14
      13
       6
      12
      12
      13
      23
      19
      21
       7
      21
      18
      10
      13
      14
      19
      13
      15
      18
      13
      15
      12
      15
      13
      17
      13
      13
      12
      13
      14
      12
      13
      16
      16
      15
      16
      14
      13
      21
      14
      15
      20
      15
      13
      10
       9
      12
      15
      17
      11
      13
      14
      16
      15
      20
      20
      17
      15
      20
      14
      17
      15
      12
      21
      15
      11
      10
      16
      24
      17
      12
      12
      20
      18
      19
      22
      19
      14
      19
      14
      10
      12
      17
      13
      13
      16
       9
      19
      19
      20
      22
      28
      38
      53
      72
      83
     143
     187
     273
     328
     449
     466
     533
     490
     353
     246
     150
      75
      36
      25
      14
      13
      18
      17
      10
      18
      12
      13
       8
      16
      11
      16
      11
      13
      13
      16
      10
       8
      18
       8
      17
      22
      13
       9
       7
      12
       9
      18
      13
      18
       6
      12
      20
      13
      10
      17
      19
      13
      11
      22
      12
      16
      11
       6
      16
      16
      14
       5
      14
       8
       9
       8
      12
      10
      12
      14
      13
      13
      11
      12
      10
      13
      12
      13
       9
      15
       9
      15
      12
      18
      12
      17
       9
      15
      12
       5
      13
      14
      12
      13
      15
       6
      12
       7
      15
       9
      12
      13
      12
      12
      11
      15
      12
       5
       7
       8
      16
       9
      13
      10
      21
       8
       6
      10
       9
      12
      12
      10
      13
      11
      14
      10
      11
      13
      12
       9
      10
      16
      20
      21
      11
      15
      14
       9
      14
      14
      20
      22
      14
      12
      17
       9
       9
      19
      21
       9
       9
      13
      13
      12
      10
       8
      10
      12
      16
      16
      13
      10
       9
      10
      13
      16
      11
      16
      13
      17
      19
       9
      13
      18
      11
      13
      21
       7
       8
       9
      11
      14
       8
       7
      16
      13
      13
      10
      10
      11
      11
      13
       8
       9
       6
      14
      10
      18
       8
      11
      16
      15
      15
      12
      14
      17
      11
       9
       8
       9
      11
       8
      16
      12
      13
      15
      12
      12
       9
      16
       6
       5
       9
      21
      10
      11
      12
      15
      14
      14
      11
      20
      14
       6
      13
      11
      18
      19
      18
       6
      17
      19
      25
      21
      13
      24
      16
       7
      13
      11
       9
      11
      18
      16
       7
      15
      14
       7
      11
       9
       8
      14
      18
      11
      10
       9
      18
       7
      16
      11
       9
       7
      15
      11
       6
      16
      11
       8
      17
       6
      10
       3
      13
      11
      11
      10
      16
       9
      12
      12
       9
      12
      11
       9
      10
      11
       8
      12
      16
      13
      17
       8
       8
       4
      14
       8
      10
       7
      13
      11
      11
      12
      11
       8
      11
      12
      11
      12
      10
      14
      19
       5
      11
      17
      11
      20
       9
      15
       9
      10
       5
       9
       6
      13
      10
      15
      12
       8
      19
      11
       7
       4
       9
      16
       7
      15
      12
      11
      11
       9
      12
       7
      13
      10
      14
      17
      14
       9
      10
      14
      14
      10
      12
      10
      15
      15
       6
      10
      11
      22
      14
      14
      13
      14
       9
      16
      13
      15
       7
      10
      12
      18
      12
      18
       7
      11
      12
       9
      11
       7
      16
      13
      11
      18
       9
      14
      15
      12
      10
      17
       6
       7
      10
      16
      10
      18
      16
      18
      10
      12
       8
      15
      19
       7
      16
      10
      13
      12
      18
      11
       9
       8
      12
      16
      15
      14
      14
      14
      13
       6
      10
      19
      14
       9
      10
      13
      16
       7
      10
       9
      13
      13
       8
       8
      17
      12
      13
      10
      12
      13
       8
      13
      10
      14
      10
       7
      12
      10
      11
      10
      11
      13
      13
       9
      17
       8
      10
       7
      13
      12
      11
      12
      11
      15
       9
       5
       9
      17
      14
       8
      17
      18
      15
      19
      13
      18
      21
      26
      23
      15
      21
      20
      25
      18
      13
      18
      18
      16
      20
      17
      10
      11
       8
      12
      12
      14
       9
      22
      14
      15
      10
      13
      11
      12
      13
      14
      13
      12
      14
      10
       9
      10
       4
      10
      12
       9
      17
       7
      10
      11
      12
      12
      15
       9
      18
      11
      13
       8
      13
      12
      14
      17
      11
       8
       8
       8
      20
      10
      12
      13
      13
      14
       7
       7
      12
       8
       8
      12
      11
       6
       8
       8
      12
       7
       7
      17
      12
       6
      18
      12
      16
      12
      14
      11
      11
      10
      11
      11
      10
      10
      14
      11
      11
       8
      11
       9
       7
      15
      17
       9
      16
      11
       9
      10
      13
      13
      18
       8
      10
      12
      14
      11
      12
       9
      12
      10
      11
      11
       9
      13
       9
      15
      12
       7
       7
      11
       3
      18
      11
      17
       6
      13
      14
      12
      10
       9
      15
      20
      11
      14
       8
       5
      11
       3
       6
       5
      15
       6
      18
      17
      17
       9
       8
       8
       9
      13
      12
       6
       7
      11
      12
      14
       9
      14
      13
      12
      18
      13
       7
       8
       7
      11
       9
       9
      11
      16
      11
      12
      11
      14
      12
       6
       5
       9
       9
       7
       9
      11
      12
      15
      12
       8
      16
      12
      10
      14
      10
      13
      11
      11
      21
      11
       8
      13
      12
      12
      15
      14
      10
      13
       8
      10
       7
      15
       7
      14
      15
      10
      14
      13
      15
       6
       8
      10
       8
       8
      10
       7
       9
       6
      10
      11
      11
       7
      15
      10
      15
       7
      13
      18
      10
      11
      12
      14
      13
      16
      17
      15
      13
      10
       9
      13
      12
      14
       8
      10
      11
       9
      11
      10
       6
      12
      11
      10
      12
       3
      14
      10
      13
       6
      12
      11
      10
       7
      21
       9
      19
      12
      12
      11
       9
      12
      15
      14
      10
      13
      11
       5
       9
       5
       8
      10
       6
      16
       9
      13
      19
      13
      11
      14
      12
       7
      10
      19
       7
      13
      13
       9
      25
      11
      13
      11
       5
      15
       9
      12
      12
      10
      22
      13
       9
       5
      13
      12
       6
      11
      10
       4
      13
      12
      11
      10
       7
      11
      12
      13
      14
       6
      10
       7
       9
       9
      16
       5
      13
      17
      14
       8
      12
      15
      11
      13
      20
      10
       7
       8
      11
       7
      13
      12
      15
      10
      10
      15
       9
      18
      14
      14
      10
      16
      16
       6
      11
      13
      10
      17
      12
       9
       7
      12
      12
      11
      12
       8
      13
      11
      14
       7
       8
      11
       9
      17
       7
      14
      15
       9
      11
      12
       7
      11
      12
      16
      10
      10
      13
      16
      15
      12
      18
      13
      10
      11
      13
       6
       6
       7
      11
      11
      10
       6
       9
       9
       9
      10
      12
      14
      13
       8
      15
       8
       8
       9
      13
      11
       6
       9
      12
       8
      13
      14
      11
       8
      10
       8
      13
      14
      10
      13
      14
       8
      10
       9
      16
       7
       9
      10
      14
       5
      15
      13
       5
      11
       8
      11
      11
      10
       5
      15
      10
      10
      10
       7
      13
      15
      10
      13
      15
      11
       4
      13
      10
      16
       5
       4
      10
      12
      13
      11
      12
       8
       8
       8
       9
      13
       6
      15
      20
       8
       7
      14
      20
      11
      17
       6
      12
      13
      10
      13
      12
       4
      14
       8
      11
      11
      17
       4
      11
       7
      10
      18
      16
      11
       7
      10
       9
       9
      10
       5
       7
       9
      19
      12
      16
      13
       8
      11
      13
      13
      15
      14
      12
      11
      12
      14
       8
      16
      15
       4
      15
      14
       8
      17
      10
       8
       9
      17
      12
      17
      12
       7
      13
      10
      10
      16
      12
       9
      11
       9
      14
      15
       6
       5
       9
       5
       9
      13
      13
      18
       8
      14
       9
       7
      12
      15
       8
      14
       6
       6
      13
      18
      13
      10
       5
       9
      18
       8
      10
       7
      12
      15
      15
       7
       9
      16
       6
      10
      18
       3
       9
      13
      14
      10
       9
      15
      10
       6
      13
      14
       9
      10
      11
       5
      13
      12
       6
      16
      15
       7
      17
      11
      16
      11
      14
      17
      12
      13
      10
       2
       7
       7
      17
       9
       8
       9
      10
       8
       3
      12
       9
      13
      12
      16
       9
      12
       7
      17
      10
       4
      15
      11
       9
      16
      19
       5
       4
       6
      12
      10
      10
       7
       9
       8
      11
      10
      11
      12
      15
      14
      14
      12
      10
      11
       7
      18
       9
       8
      14
      10
      13
       8
      16
      10
       6
      14
       9
      13
       7
      10
      13
      17
      11
      16
      10
       9
      12
      12
      16
      11
      12
      11
       8
      10
       8
       9
      10
      10
      10
       7
       8
      11
      10
       6
      13
      14
      12
       8
      12
       5
      13
      10
       8
       3
       8
      14
      12
       6
      13
      10
       9
       4
      11
      13
      14
      10
      13
       7
      13
      14
       9
      13
      10
       6
      15
      17
      12
      11
       9
       8
       7
      11
      10
      12
       6
      13
       8
       8
       9
       6
      11
       9
       9
       6
      13
       7
      19
       8
      13
       8
       8
       6
       9
       8
      14
      11
      11
       7
       8
      14
       8
       8
      10
       6
      15
      11
      10
       8
      10
       4
      17
       2
       7
       5
       6
       5
       6
      19
      11
       5
      11
       9
      10
      10
      13
      15
      13
      12
       7
      12
      11
       6
       9
       8
       6
      12
      13
       9
       9
       6
       7
       2
       8
      11
       7
       5
      10
       7
      14
      13
      14
      15
       9
      13
      12
       6
      11
       7
      12
      12
       8
       8
      10
      12
       7
       7
       9
      12
      10
       9
      14
      11
      13
      14
      12
      10
       8
       9
       4
       6
      10
       5
      14
      10
      14
      11
      14
       9
      15
       7
      11
      10
      18
       9
      11
      10
      13
      12
      10
       7
      10
      11
       7
      12
       7
       9
       9
      17
      13
      11
      11
      11
      13
      11
      13
       7
      13
       8
      11
      11
      17
      14
      12
      12
      12
       9
      10
      14
       9
      15
      11
       7
       7
       8
       5
      17
       7
       8
      16
      13
      17
      12
      10
       9
      12
      13
      14
       7
      15
      14
       8
      11
      14
      10
      12
       7
       7
       8
       9
       9
      15
      12
      16
       9
       6
      12
      11
      15
      13
       3
      13
      13
       9
      10
       9
      12
      11
      11
       7
      10
      14
      14
      11
      20
      13
      10
       8
      16
      10
       7
      12
       9
       7
       7
      17
       7
      10
      10
      16
       8
       7
      15
      12
      14
      10
      14
      12
      14
      13
      20
      15
      13
      13
      15
      15
      11
      12
       8
      12
       6
      10
      17
       7
      11
      14
      11
       2
       5
       8
      12
      12
      10
       9
      13
      10
      12
      17
      14
       8
       7
       7
       6
      12
      12
      10
      11
      10
       9
      11
       7
      17
      12
       4
       9
       8
       8
       7
      11
       8
       9
      14
      11
       9
      12
       6
      12
       8
       2
      10
       7
      11
      10
      18
      13
      13
       5
      15
       8
      16
      13
       4
       8
       6
       3
       9
      11
      11
       8
      10
      15
       6
      12
       8
       7
       7
       5
      16
      12
      12
      12
       8
       8
      14
      11
      11
       9
      10
      15
      11
      13
       8
      22
       8
       7
       9
       8
      11
      11
      10
       9
       4
      15
      13
       8
      10
       9
       7
       7
       6
      11
      16
      14
       7
       7
      13
      10
       7
      12
       9
       6
      12
      12
      10
      10
       9
       6
      10
       6
      16
       8
       6
      15
       6
      10
       5
      12
      12
       7
       8
      11
      11
       8
      13
       9
       8
       9
      17
       9
       8
      14
      22
      11
      15
      15
      15
      12
       3
      10
      12
      10
      10
       8
      11
      11
       5
       9
      12
       9
       8
       6
       5
      12
      15
      15
       8
      14
       5
       9
       8
       7
       9
       4
       9
       5
      14
       4
       8
       5
      12
       8
      15
      13
      11
      15
      12
      15
       9
       9
      11
      10
      13
      11
       8
      16
       9
      11
      14
      12
      11
      10
      13
      10
       8
       7
       9
       9
      12
      10
      11
       9
       8
      10
       7
      19
      11
      10
       9
       6
       7
      11
       7
       7
      14
       5
       9
       6
      10
      10
      11
      10
      10
       8
       7
       8
       6
       9
      12
       9
       8
       4
      14
      12
      11
       8
       7
       7
       8
       7
       9
      15
       6
      10
       5
      13
      14
      14
      11
       6
      11
       5
      12
      12
       6
       9
       9
      15
      11
      13
       8
      11
      11
      12
      10
       6
       6
      12
       9
       5
      16
      17
      17
      11
      16
       4
      13
       9
      12
      10
      12
      11
      14
      11
      11
      10
      11
      14
      13
       7
      14
      10
       8
       8
       8
      15
       7
       9
      10
       9
      13
      17
      16
      14
      14
       9
       8
      10
      10
       8
       9
       8
      11
      12
      11
      14
       8
      15
      14
      17
      10
      10
      12
      12
      10
       9
       9
      14
       5
      11
      10
      11
       5
      13
      13
       6
      16
       6
      13
      13
      10
      12
      16
       5
      18
       8
       7
       9
      14
      15
      11
       9
      12
      14
      13
       8
      10
       9
      11
      12
      15
       9
      15
      18
      11
      15
      12
      15
      10
       9
      12
      15
       6
      12
      11
       6
      12
       5
      13
      14
       9
       9
      12
      10
      12
       9
      10
       5
       8
       6
      11
      13
      10
       8
      11
      11
      11
      13
      13
      14
      13
       6
      23
      15
      10
      13
      11
      12
       7
      11
       5
      10
       5
      16
       8
      11
       8
      11
      12
      11
      10
      10
      13
      10
      14
      14
      11
      10
      13
      11
      10
      13
       9
      11
       7
      11
      10
      13
      10
      16
       7
       5
      11
       9
      10
      11
      10
      15
      12
      11
       8
      12
       9
      10
      11
       8
      13
      12
      10
      13
       7
      12
       8
      12
       7
      11
      13
       5
      11
       9
       8
      11
      16
      11
       7
      11
      12
      14
       8
       8
      14
      14
       6
      20
       8
      10
      17
      12
      12
      11
       7
       7
       9
      14
       7
      10
      13
      15
      14
      12
      15
      12
      17
       8
      12
       9
      10
       5
      16
      10
      11
      14
      17
       7
      15
      12
       5
       9
      10
       7
      12
      10
      10
      10
      12
      17
      11
      13
      14
      10
      11
      15
      21
      11
      14
       9
      21
      14
      23
      27
      23
      28
      29
      46
      49
      58
      79
      65
      76
      73
      76
      87
      60
      54
      46
      30
      27
      27
      19
      14
      17
      10
      12
      14
      12
      15
       8
      11
      15
       5
      10
       8
      16
      12
      14
       8
       7
       9
      16
       7
       8
      12
      17
      10
       7
       9
      16
      11
      12
      11
      12
      11
      15
      15
      12
      14
      12
      14
      11
      11
       9
      18
      15
       5
       7
      10
       7
       9
      10
       9
      20
      11
       9
      15
      11
      12
       7
      12
      14
      12
      13
       6
       7
      13
       7
       8
      10
      14
      18
       8
      12
       7
      13
      12
      12
      16
      15
      12
      25
       7
      11
      16
      10
      18
       9
      12
      15
      15
      11
      16
       8
       9
      15
       7
      13
      15
      17
      18
      11
      11
      12
       9
      16
       9
       6
      15
      16
      10
      16
       5
      18
      11
      16
      18
      12
       9
       7
      11
      15
      17
      15
      11
      15
      11
      13
       8
      16
      12
      11
      11
      14
      11
       9
      12
       9
      14
      11
      10
      12
      11
      11
      19
      15
      17
       6
      11
      13
      11
      17
      15
      13
      18
      13
       8
      17
      19
      13
      10
       7
      12
      17
      15
      16
      11
      15
      13
      13
      11
      10
      17
      21
      11
      13
      16
      12
      11
      12
      13
      13
      19
       8
      11
       8
      15
       9
       7
      16
       8
      12
      11
      15
      11
      14
      13
      16
      14
      13
       9
       9
      14
      15
      14
      13
      13
      16
      12
      12
       9
      12
      10
      14
      12
      13
      13
      20
      17
      15
      14
      14
      15
      12
      15
      13
      14
       6
      13
      15
      13
      13
      13
      14
      19
      17
      17
      12
      20
      19
      11
      14
      13
      15
      15
      13
      13
      17
      13
      14
      15
       8
      12
      16
      18
      19
       9
      21
       7
      20
      15
      10
      18
      10
      20
      10
      11
      17
      15
       6
      15
      20
      12
      12
      21
      14
      19
      11
       9
       9
      14
       9
      24
      11
      14
      17
      16
      18
      13
      17
      13
      13
      14
      14
      22
      14
      15
      11
      14
      17
      10
       7
      17
       9
       8
      12
      19
      11
      13
       9
       6
      13
      19
       8
      19
      17
      21
      15
      13
      14
      13
      11
      12
      19
      12
      13
      17
      13
      13
       7
      11
      13
       7
      12
      11
      11
      21
      13
      15
      18
      17
      18
      16
      12
      15
      13
       8
      10
      13
      17
      17
      12
      10
      12
      14
       9
      16
      12
      10
      10
      10
      12
      14
      18
      10
      17
       6
      11
      15
      12
       9
      14
      13
      13
      13
       8
      10
       5
      13
       3
      12
      11
       9
      12
      11
      12
       9
      11
      11
      18
      14
      12
       9
      14
       8
      19
       9
      11
       6
       7
       7
       6
      12
       8
       8
       9
      12
      11
       5
      18
      13
       7
       8
       9
      12
       9
      11
      13
      11
      12
      12
       8
      11
       9
      14
       9
       8
      12
       6
      10
       6
      11
      12
       7
       9
      17
       9
      13
       6
      12
       8
      11
       6
      12
      12
      15
       9
       8
      11
      10
      11
      11
       5
       6
      11
       9
       4
      10
      13
      14
       8
      10
      10
       8
      13
      10
      10
      15
       8
       9
      12
      10
      11
      13
       5
       4
      12
      12
      11
       9
      11
      11
      14
       7
       9
       9
       3
       8
      13
      11
       9
       8
       7
      10
      11
       8
      15
       9
       6
       9
       7
       7
       7
       9
       8
       9
      10
      12
       7
       8
       8
       5
      10
      12
      12
       5
       8
      12
      11
      11
       9
      10
       6
      12
       8
       4
      17
       6
      10
       6
      11
       8
       5
       5
       7
       4
      11
      12
       9
      17
      11
      11
      13
       8
      10
      11
       6
      10
       6
      11
       8
      13
      10
      10
      11
       9
      10
       8
       9
      15
      12
       9
      10
       8
       6
       8
       6
       9
      14
      13
      10
       8
      13
      12
       9
      10
      10
      13
      11
      10
       9
       7
       9
       9
       5
      10
       9
       8
      13
       5
       3
      12
       6
       8
      10
       9
      14
       7
      12
      10
      10
      11
      12
      11
      10
      10
      10
      10
      10
      10
      13
       4
       9
      10
      15
      13
       9
       9
      10
       6
       5
       3
       8
      12
      14
       7
      13
       8
      11
       8
      14
      13
       6
       8
       8
       9
       6
      11
      10
      11
      15
      12
       9
      11
      13
      11
       7
      15
       6
       8
       9
      10
      11
      12
       7
       9
      14
       7
       8
       9
       6
      12
      12
       7
      11
       6
       8
      10
       3
       9
      11
       5
       9
      10
       9
       8
       9
       6
       9
       8
       4
       9
      11
       9
      10
       6
       8
       7
      11
       7
      11
       9
       8
       8
      13
      11
       8
      11
       8
       7
      13
       7
      10
       7
       8
       8
      18
      15
       6
       8
       8
       6
       8
      17
       9
       6
       9
      10
       5
       9
       8
       7
       7
       9
      10
       9
       7
      12
       7
      14
       7
      10
      14
      12
      11
      13
       6
      10
      14
      10
       9
       6
      12
       8
      10
       8
      10
       6
       5
      11
       7
      12
      12
       8
       7
      15
       8
       7
      17
      10
       9
      12
       7
       9
      12
       8
      13
       7
       7
       4
       6
      10
       9
       9
       8
       6
       9
       4
       9
       8
      16
       8
      14
       5
       6
       7
      14
       5
       9
      11
       6
       7
       8
      16
      11
       8
      17
       8
       9
      12
       9
       7
      11
       8
      11
       9
       7
      13
      10
       9
       7
       4
      12
       7
      10
       5
      15
       5
      11
       7
       5
      10
       8
      11
      10
       5
      14
       7
       7
      10
       7
      13
      12
       6
      11
       9
       9
       9
       2
       9
      12
       6
       8
       6
      13
      12
      11
       8
       5
       8
       7
       7
       4
       7
       7
      12
      13
       8
      12
       7
       5
       6
       9
       7
       9
      13
       9
       9
      12
       8
      12
       9
       9
       8
       6
      15
      12
       6
      10
       5
       6
       7
       5
      10
       5
      12
       5
       9
      11
      11
      11
      11
      10
      10
      11
       8
      13
      14
       9
       7
       7
       6
      11
       7
      13
       9
      14
       8
      14
       8
       5
       7
       8
       3
       8
       4
       9
       7
       9
      10
       5
       6
       7
       8
       9
       6
       9
       9
       6
       8
       6
      11
      11
       7
       6
       5
      11
       8
       7
       8
       7
      12
      14
       9
       1
      14
      10
       8
       6
       8
      14
       6
       7
       5
      12
      13
      12
       6
       6
       7
       8
       7
      10
      13
       7
      12
       7
      10
      11
      10
       9
       6
      17
      10
       9
       7
      10
       7
       6
      13
      12
       4
      10
      15
      10
       7
       7
      12
      13
      11
      13
       4
       7
      13
      14
       9
      13
      11
      10
       9
      11
       6
      11
      15
      16
      15
      10
      17
       9
      12
      11
       9
      10
      10
      14
       6
      10
       9
       9
       9
       6
      12
      12
      11
       7
       7
       8
      15
      18
      14
      11
       5
      10
       6
       6
      12
      11
      11
      13
       5
      10
      11
      19
       7
      11
       8
      11
      13
       6
       8
       9
      11
      10
      11
      12
      15
      13
       5
      10
      15
      10
       8
       9
       6
       8
       8
       7
      13
       6
       8
       9
       8
       6
      13
       9
       5
      10
       8
      14
      17
      12
      11
      10
      10
      11
       9
       5
      12
       8
       9
      16
       5
       8
       6
      11
      10
      11
      13
       6
       9
      13
       9
      17
      12
       8
      10
      10
       6
      12
       9
      13
      11
       9
      13
      11
      10
       9
      10
       8
       7
      14
       3
      12
       8
      12
       7
      11
      10
       6
       5
       6
      11
      15
      14
      14
      14
      12
       9
      10
      12
      13
      15
      21
      11
      13
      12
       8
      12
       7
      11
       9
      14
       7
      13
       6
      14
       8
       8
      13
      12
      11
      17
      12
      14
       9
       8
      19
      11
      18
      15
       8
      20
       9
      16
      13
       8
      14
      16
      11
       9
       9
      10
       7
      12
       9
      10
      20
       9
      14
       7
      11
      10
       9
      14
      12
      15
       7
      11
       8
      15
      14
      13
       7
      12
      12
       9
      20
       5
       6
       7
      10
      13
       5
      13
      13
      11
      10
      10
       7
      11
      13
      16
       3
      14
      14
       6
      11
      10
      15
      10
      20
      10
      10
      13
      14
      10
       7
       4
      11
       8
      12
       8
      12
       9
       9
      10
      10
       8
      12
       8
       9
      18
      15
      10
      19
       5
      17
       6
      10
      12
      15
      12
      11
      12
       9
      10
      15
       8
      15
       7
      15
       9
       9
       9
      10
       9
      12
       8
      10
      14
      14
      18
      16
      17
      11
      11
       8
      21
      18
      11
      15
      12
      10
      13
      11
      11
      14
       9
      10
      12
      14
       8
      11
      12
       7
      12
      12
       9
       5
      12
      19
      12
       8
      11
       9
       4
       9
       8
      14
      10
      14
      12
      10
      15
      12
      14
      10
      13
      13
      12
      14
      17
       7
      11
      15
      17
      11
      11
       9
      12
      13
      11
       9
      14
      16
       7
      14
       5
       7
      11
       9
       7
      10
       3
      10
       8
       9
      10
       8
       7
       9
      10
       6
       6
      11
       8
       9
       9
       7
       8
       4
      12
       7
       7
      10
       9
       6
       7
      13
      12
      11
      13
      11
      15
      11
      15
      12
      11
      14
       8
      11
       6
      12
      14
       5
      11
      11
      10
       7
      10
      10
      15
      18
      20
      28
      23
      30
      31
      49
      68
      73
      70
     116
     124
     128
     144
     171
     165
     191
     205
     196
     183
     199
     163
     132
     147
      99
      66
      61
      31
      24
      12
      11
       3
       5
      10
       8
       9
       3
       1
       5
       9
       5
       2
       7
       2
       7
       7
       5
      12
       5
       6
       7
       6
       6
       5
       5
       6
       6
       7
       7
       3
       9
       7
       5
       9
       7
       4
       4
       4
       7
       5
       4
      13
       4
       4
       5
       7
       7
       6
       7
       4
       5
       8
       7
       9
       5
       1
       6
      12
       7
       3
       7
       9
      12
       4
       4
       3
       3
       3
       7
       9
      10
       5
       4
       7
       5
       5
       5
       5
      10
       9
       5
       8
       7
       5
       4
      10
       6
       6
       8
       6
       6
       3
       6
       8
       5
       3
       6
       4
       5
       4
       5
       5
       5
       5
       2
       8
       2
       4
       6
       7
       3
       8
       9
       8
       4
       5
       8
       9
       0
       2
       5
       3
       6
       6
       6
       4
       4
       6
       6
       2
       5
       6
       4
       6
       3
       5
       7
       5
       5
       5
       2
       3
       4
       2
       4
       0
       7
       9
       4
       5
       7
       2
       3
       3
       4
       2
       7
       3
       3
       5
       3
       6
       5
       4
       3
       5
       7
       5
       5
       6
       3
       6
       6
       1
       6
       6
       5
       9
       5
       8
       4
       9
       7
       8
       4
       4
       2
       3
       4
       6
       3
       5
       4
       7
       3
       6
       5
       3
       5
       1
       3
       5
       5
       5
       2
       4
       6
      10
       7
       3
      10
      10
       7
       2
       5
       3
       3
       1
       5
       7
       7
       2
       4
       2
       7
       3
      10
       2
       4
       8
       4
       7
       6
       7
       3
       4
       7
       4
       3
       3
       9
       4
       1
       7
       6
       2
       3
       3
       1
       4
       6
       4
       1
       3
       3
       1
       4
       3
       2
       8
       4
       3
       2
       3
       3
       2
       7
       3
       6
       3
       6
       4
       3
       3
       5
       7
       2
       5
       8
       2
       6
       6
       2
       2
       5
       2
       5
       3
       2
       2
       3
       7
       3
       4
       7
       3
       5
      10
       4
       3
       5
       4
       3
       6
       3
       6
       5
       5
       1
       2
       2
       5
       5
       1
       0
       1
       1
       2
       5
       2
       6
       3
       2
       2
       4
       3
       5
       5
       1
       9
       3
       6
       5
       3
       3
       4
       1
       6
       2
       3
       1
       5
       5
       4
       4
       2
       0
       3
       6
       2
       0
       4
       4
       0
       5
       7
       4
       2
       2
       1
       1
       4
       3
       7
       4
       4
       4
       4
       2
       1
       2
       4
       2
       3
       7
       3
       2
       0
       5
       6
       2
       4
       5
       3
       6
       5
       2
       2
       6
       4
       4
       5
       2
       8
       0
       3
       1
       3
       2
       4
       3
       2
       3
       3
       3
       4
       4
       4
       5
       1
       3
       1
       6
       0
       3
       3
       4
       1
       0
       3
       5
       2
       2
       3
       4
       6
       4
       0
       4
       3
       3
       6
       1
       4
       5
       2
       2
       5
       3
       4
       1
       2
       5
       4
       3
       5
       4
       4
       5
       2
       3
       4
       4
       1
       4
       2
       3
       4
       5
       3
       1
       1
       2
       7
       4
       2
       2
       2
       1
       3
       4
       2
       6
       5
       2
       3
       5
       5
       1
       0
       1
       4
       3
       4
       2
       3
       2
       4
       1
       2
       3
       2
       6
       2
       3
       2
       1
       5
       5
       4
       4
       3
       2
       3
       3
       2
       3
       4
       2
       5
       3
       1
       1
       3
       3
       1
       3
       0
       4
       2
       4
       2
       5
       2
       2
       4
       1
       2
       2
       3
       2
       2
       3
       2
       7
       1
       5
       6
       1
       3
       1
       3
       3
       3
       4
       2
       6
       3
       2
       1
       4
       4
       3
       4
       1
       2
       3
       2
       0
       2
       2
       3
       2
       1
       0
       3
       1
       0
       1
       2
       3
       4
       3
       3
       1
       0
       2
       3
       5
       2
       3
       4
       6
       2
       3
       2
       3
       2
       4
       4
       1
       4
       5
       4
       1
       5
       2
       3
       2
       1
       5
       2
       2
       3
       2
       2
       3
       3
       3
       2
       2
       6
       2
       3
       2
       5
       1
       1
       4
       2
       1
       0
       2
       4
       4
       2
       1
       1
       3
       2
       2
       1
       3
       0
       1
       1
       0
       8
       4
       0
       1
       5
       1
       2
       4
       6
       2
       2
       6
       2
       2
       3
       2
       3
       3
       0
       3
       6
       0
       2
       1
       3
       4
       3
       2
       3
       1
       0
       4
       1
       2
       1
       1
       2
       4
       2
       3
       4
       2
       4
       2
       5
       3
       2
       5
       5
       5
       3
       6
       1
       2
       3
       4
       6
       1
       4
       3
       2
       3
       2
       3
       5
       1
       4
       1
       3
       1
       1
       0
       2
       2
       5
       6
       2
       1
       4
       2
       2
       3
       2
       3
       4
       3
       3
       7
       3
       4
       1
       2
       2
       5
       3
       5
       1
       5
       2
       2
       4
       1
       3
       4
       5
       0
       3
       4
       5
       1
       3
       2
       0
       1
       1
       2
       1
       3
       2
       3
       3
       2
       6
       2
       3
       3
       6
       4
       4
       3
       3
       3
       1
       2
       2
       0
       3
       5
       3
       0
       5
       5
       3
       3
       3
       1
       4
       7
       0
       2
       2
       3
       3
       5
       7
       3
       4
       2
       1
       0
       3
       2
       2
       2
       2
       2
       1
       7
       2
       3
       3
       3
       5
       5
       2
       5
       0
       1
       1
       5
       4
       3
       2
       3
       2
       1
       2
       2
       5
       1
       3
       1
       2
       2
       4
       3
       2
       2
       2
       2
       1
       1
       2
       0
       5
       1
       2
       5
       1
       2
       2
       8
       2
       3
       2
       3
       1
       2
       4
       4
       4
       6
       1
       2
       3
       3
       1
       5
       4
       2
       2
       4
       3
       1
       3
       2
       4
       5
       5
       1
       4
       1
       2
       4
       4
       5
       2
       4
       7
       2
       3
       5
       6
       3
       3
       3
       0
       5
       0
       1
       0
       3
       3
       2
       3
       3
       1
       3
       5
       6
       5
       2
       2
       3
      10
       2
       4
       7
       1
       1
       4
       1
       6
       3
       4
       5
       2
       3
       6
       4
       3
       3
       4
       2
       3
       2
       5
       8
       3
       3
       2
       5
       5
       5
       2
       4
       0
       3
       5
       9
       7
       3
       3
       2
       3
       2
       1
       4
       1
       1
       2
       2
       3
       1
       0
       4
       4
       6
       2
      11
       1
       5
       4
       6
       6
       6
      15
      15
      22
      21
      23
      23
      35
      37
      57
      65
      68
      77
     120
     112
     142
     148
     180
     179
     178
     194
     219
     201
     181
     181
     163
     170
     129
      99
     103
      78
      49
      43
      24
      13
      10
       6
       2
       2
       5
       1
       3
       3
       1
       1
       1
       3
       2
       1
       0
       1
       1
       3
       0
       3
       0
       0
       1
       1
       0
       1
       2
       1
       1
       1
       1
       1
       0
       0
       0
       1
       2
       1
       0
       0
       1
       1
       2
       0
       3
       1
       1
       5
       1
       2
       1
       1
       1
       1
       1
       2
       3
       4
       2
       6
       2
       2
       0
       2
       2
       2
       0
       3
       2
       2
       0
       1
       4
       3
       0
       3
       3
       4
       2
       4
       0
       1
       1
       2
       4
       3
       0
       1
       2
       1
       1
       1
       3
       1
       1
       3
       1
       0
       1
       1
       2
       1
       0
       3
       2
       1
       0
       1
       3
       2
       2
       0
       2
       1
       1
       0
       1
       2
       2
       2
       1
       0
       2
       1
       1
       3
       3
       1
       0
       1
       1
       3
       4
       3
       1
       3
       1
       3
       2
       1
       2
       2
       2
       6
       2
       0
       0
       2
       2
       1
       0
       2
       1
       1
       3
       0
       1
       1
       0
       1
       2
       0
       0
       0
       3
       2
       4
       1
       0
       1
       1
       0
       2
       2
       0
       1
       2
       1
       0
       2
       1
       2
       0
       3
       2
       1
       2
       0
       2
       0
       1
       0
       0
       0
       1
       2
       0
       1
       2
       0
       1
       1
       0
       1
       0
       1
       0
       2
       1
       1
       2
       5
       2
       3
       1
       3
       1
       2
       1
       1
       1
       1
       0
       2
       0
       2
       2
       0
       1
       0
       1
       0
       0
       1
       2
       0
       1
       1
       1
       1
       5
       0
       0
       2
       2
       2
       2
       1
       0
       0
       0
       1
       0
       3
       1
       0
       1
       1
       2
       0
       0
       1
       2
       1
       1
       2
       2
       1
       4
       4
       2
       2
       3
       0
       1
       1
       0
       0
       0
       1
       0
       1
       1
       1
       3
       2
       1
       0
       0
       0
       1
       0
       0
       0
       3
       2
       1
       1
       0
       2
       2
       1
       3
       2
       0
       1
       2
       1
       4
       6
       2
       0
       0
       1
       3
       2
       3
       1
       0
       1
       0
       0
       1
       0
       1
       3
       1
       0
       0
       1
       0
       0
       1
       1
       0
       3
       1
       0
       1
       2
       2
       3
       2
       0
       1
       1
       0
       2
       1
       0
       1
       0
       2
       1
       1
       0
       0
       0
       0
       4
       1
       1
       1
       1
       0
       1
       2
       0
       0
       0
       0
       1
       1
       1
       1
       0
       0
       3
       0
       0
       0
       0
       1
       3
       0
       1
       2
       1
       0
       4
       1
       3
       1
       1
       0
       3
       2
       1
       1
       1
       1
       1
       0
       2
       1
       1
       0
       1
       0
       2
       2
       0
       3
       0
       0
       0
       1
       1
       2
       1
       0
       1
       0
       1
       1
       0
       3
       2
       0
       1
       1
       1
       1
       1
       1
       0
       1
       0
       0
       0
       5
       2
       2
       0
       0
       0
       3
       0
       1
       1
       1
       2
       1
       1
       2
       0
       1
       1
       1
       0
       2
       1
       0
       1
       1
       1
       0
       1
       1
       0
       1
       1
       3
       0
       2
       3
       1
       1
       2
       1
       0
       2
       0
       3
       2
       4
       1
       0
       0
       2
       0
       1
       1
       0
       2
       2
       3
       1
       1
       3
       0
       0
       1
       1
       3
       1
       2
       4
       0
       0
       0
       0
       0
       0
       2
       2
       2
       0
       1
       3
       0
       0
       0
       2
       1
       1
       2
       0
       0
       1
       0
       0
       1
       1
       0
       1
       1
       1
       0
       2
       1
       0
       2
       4
       3
       2
       1
       3
       2
       2
       1
       1
       1
       1
       1
       1
       3
       0
       1
       1
       4
       1
       1
       2
       0
       0
       1
       1
       1
       1
       0
       2
       0
       1
       1
       2
       1
       1
       0
       0
       0
       3
       1
       0
       2
       0
       1
       0
       0
       2
       0
       2
       1
       0
       0
       0
       0
       2
       1
       0
       0
       2
       1
       1
       1
       0
       0
       2
       1
       0
       0
       1
       0
       4
       1
       0
       2
       3
       2
       1
       0
       0
       0
       3
       1
       2
       1
       0
       1
       0
       1
       0
       1
       0
       1
       0
       1
       0
       4
       1
       0
       0
       0
       1
       1
       3
       1
       1
       1
       1
       0
       0
       1
       1
       2
       0
       0
       3
       2
       1
       0
       0
       1
       1
       1
       2
       0
       0
       0
       0
       1
       1
       1
       1
       2
       0
       1
       1
       1
       0
       1
       1
       3
       0
       3
       1
       1
       1
       1
       1
       3
       1
       1
       1
       2
       2
       1
       1
       0
       3
       1
       1
       0
       0
       0
       0
       1
       1
       2
       2
       1
       1
       2
       2
       1
       4
       0
       0
       0
       2
       0
       1
       2
       2
       0
       3
       1
       0
       2
       1
       0
       1
       1
       2
       2
       0
       3
       1
       2
       2
       1
       1
       1
       1
       0
       0
       1
       3
       2
       1
       2
       1
       1
       1
       1
       1
       3
       1
       0
       0
       1
       2
       0
       1
       0
       1
       1
       1
       1
       1
       1
       2
       2
       4
       2
       1
       3
       3
       1
       2
       0
       0
       1
       1
       2
       0
       0
       0
       1
       1
       0
       0
       0
       3
       0
       1
       2
       0
       0
       1
       0
       0
       1
       0
       0
       0
       1
       1
       1
       1
       0
       2
       3
       1
       0
       0
       1
       2
       1
       0
       1
       2
       1
       0
       1
       2
       0
       1
       0
       0
       0
       2
       0
       0
       0
       0
       0
       0
       2
       2
       0
       1
       0
       0
       0
       1
       1
       2
       2
       0
       0
       2
       0
       1
       2
       1
       0
       0
       0
       2
       1
       2
       2
       2
       0
       1
       0
       1
       0
       2
       1
       1
       0
       1
       0
       0
       1
       0
       0
       0
       3
       0
       2
       0
       2
       1
       2
       1
       1
       0
       0
       1
       0
       1
       1
       0
       0
       1
       1
       1
       1
       3
       1
       0
       1
       0
       0
       0
       0
       1
       0
       0
       0
       0
       2
       0
       1
       1
       3
       1
       2
       1
       1
       4
       3
       1
       0
       1
       0
       1
       1
       2
       1
       0
       0
       0
       0
       0
       3
       1
       2
       1
       2
       0
       2
       0
       0
       2
       0
       2
       1
       0
       3
       0
       0
       0
       1
       0
       2
       1
       1
       1
       0
       0
       1
       1
       1
       1
       0
       0
       1
       0
       1
       2
       0
       1
       0
       0
       0
       0
       2
       4
       1
       1
       1
       1
       0
       0
       2
       1
       1
       2
       3
       0
       1
       0
       2
       3
       3
       0
       1
       1
       2
       3
       1
       0
       4
       2
       2
       2
       5
       0
       0
       0
       1
       0
       0
       3
       0
       1
       0
       1
       2
       3
       2
       1
       2
       0
       0
       0
       2
       0
       2
       2
       0
       1
       0
       1
       1
       1
       1
       2
       1
       1
       1
       1
       3
       2
       0
       2
       0
       1
       2
       0
       3
       3
       3
       3
       1
       0
       4
       4
       3
       6
       2
       1
       5
       4
       5
       9
       4
       7
       4
      16
       9
      19
      15
      17
      17
      13
      18
      21
      18
      19
      18
      20
      16
      18
       9
       6
      15
      12
       7
       5
       3
       4
       4
       2
       0
       0
       0
       0
       0
       0
       1
       1
       0
       4
       3
       1
       2
       0
       1
       2
       1
       0
       0
       0
       1
       0
       1
       1
       0
       2
       0
       3
       0
       0
       1
       0
       0
       1
       0
       0
       2
       1
       0
       2
       0
       0
       0
       0
       1
       0
       2
       0
       1
       0
       2
       1
       0
       2
       0
       1
       1
       0
       0
       1
       1
       1
       0
       0
       1
       1
       3
       3
       1
       2
       2
       1
       0
       4
       1
       2
       1
       1
       0
       1
       2
       1
       2
       0
       2
       0
       1
       0
       0
       0
       3
       0
       0
       3
       1
       1
       0
       1
       0
       1
       3
       2
       1
       0
       1
       0
       1
       0
       3
       1
       2
       1
       0
       2
       2
       0
       1
       1
       1
       0
       1
       1
       0
       0
       0
       0
       0
       1
       2
       0
       3
       0
       3
       2
       0
       1
       1
       1
       0
       0
       0
       2
       0
       1
       0
       1
       1
       0
       0
       1
       0
       2
       1
       0
       1
       1
       0
       1
       0
       0
       1
       0
       1
       0
       1
       1
       0
       0
       0
       2
       2
       1
       0
       0
       0
       0
       1
       0
       1
       0
       0
       1
       2
       0
       1
       1
       2
       1
       0
       0
       0
       1
       3
       0
       0
       0
       0
       0
       0
       1
       0
       0
       0
       1
       0
       2
       1
       4
       1
       0
       0
       0
       0
       1
       1
       0
       3
       0
       0
       0
       1
       1
       2
       1
       2
       0
       2
       1
       1
       1
       1
       1
       1
       2
       1
       1
       2
       2
       3
       2
       1
       0
       0
       0
       1
       1
       0
       0
       1
       1
       2
       0
       0
       1
       0
       0
       0
       1
       1
       1
       2
       1
       0
       1
       1
       1
       0
       2
       0
       1
       1
       0
       0
       1
       1
       0
       3
       1
       2
       1
       0
       1
       1
       1
       0
       1
       2
       1
       0
       0
       2
       1
       0
       0
       0
       0
       1
       0
       0
       0
       1
       0
       2
       2
       0
       1
       1
       1
       0
       1
       3
       2
       0
       0
       1
       0
       0
       2
       0
       1
       0
       0
       0
       0
       0
       0
       0
       0
       0
       0
       0
       0
       0
       0
       0
       0
       0
       0
       0
       0
       0
       0
       0
       0
       0
       0
       0
       0
       0
       0
       0
       0
       0
       0
       0
       0
       0
       0
       0
       0
       0
       0
       0
       0
       0
       0
       0
       0
       0
       0
       0
       0
       0
       0
       0
       0
       0
       0
       0
       0
       0
       0
       0
       0
       0
       0
       0
       0
       0
       0
       0
       0
       0
       0
       0
       0
       0
       0
       0
       0
       0
       0
       0
       0
       0
       0
       0
       0
       0
       0
       0
       0
       0
       0
       0
       0
       0
       0
       0
       0
       0
       0
       0
       0
       0
       0
       0
       0
       0
       0
       0
       0
       0
       0
       0
       0
       0
       0
       0
       0
       0
       0
       0
       0
       0
       0
       0
       0
       0
$ROI:
1
4146 4168
$PRESETS:
Live Time
999999
0
$ENER_FIT:
-1.504534 0.196418
$MCA_CAL:
3
-1.504534E+000 1.964177E-001 -1.544040E-007 keV
$SHAPE_CAL:
3
0.000000E+000 0.000000E+000 0.000000E+000
