$SPEC_ID:
No sample description was entered.
$SPEC_REM:
DET# 2
DETDESC# ALPHA COUNTER
AP# Maestro Version 7.01
$DATE_MEA:
04/05/2018 15:17:40
$MEAS_TIM:
300 301
$DATA:
0 2047
       0
       0
       0
       0
       0
       0
       0
       0
       0
       0
       0
       0
       0
       0
       0
       0
       0
       0
       0
       0
       0
       0
       0
       1
      30
      30
      29
      30
      27
      22
      33
      27
      30
      27
      30
      19
      20
      23
      26
      26
      23
      18
      27
      31
      27
      18
      26
      25
      21
      24
      18
      21
      27
      26
      25
      21
      23
      25
      26
      20
      32
      23
      18
      22
      16
      26
      18
      27
      29
      22
      26
      22
      29
      18
      31
      16
      17
      20
      24
      25
      22
      30
      23
      22
      19
      20
      30
      16
      22
      19
      24
      45
      38
      33
      67
      22
      20
      23
      24
      29
      17
      19
      33
      16
      23
      25
      52
      31
      23
      21
      28
      19
      20
      14
      27
      20
      24
      16
      20
      22
      18
      22
      32
      27
      23
      23
      25
      17
      19
      21
      28
      27
      18
      21
      22
      26
      22
      24
      28
      16
      20
      22
      14
      20
      28
      20
      19
      30
      16
      23
      21
      21
      21
      20
      18
      27
      24
      21
      19
      19
      16
      25
      22
      21
      22
      23
      24
      24
      16
      16
      17
      18
      16
      26
     105
      58
      16
      20
      29
      27
      25
      25
      31
      25
      27
      26
      28
      20
      30
      21
      26
      19
      23
      31
      36
      25
      24
      35
      39
      25
      26
      23
      28
      29
      38
      45
      31
      27
      32
      32
      26
      17
      31
      30
      21
      18
      18
      24
      22
      29
      24
      19
      28
      26
      25
      18
      22
      26
      20
      23
      14
      25
      26
      28
      31
      18
      24
      24
      29
      21
      17
      23
      20
      15
      22
      15
      21
      15
      20
      19
      19
      15
      21
      21
      25
      16
      15
      17
      19
      23
      14
      21
      16
      22
      10
      14
      12
      21
      15
      11
      12
      17
      14
      16
      20
      15
      15
      20
      17
      14
      15
      16
       8
      25
      17
      16
      19
      19
      15
      15
      18
      12
      17
      12
      17
      15
      13
      15
      20
      17
      15
      23
      24
      14
      16
      10
      19
      16
      13
      10
      13
       8
      12
      12
      13
      11
      12
       6
       9
      14
      14
      11
       8
      10
      13
      11
      11
      14
       7
       7
       8
      10
      22
       7
       7
      11
      13
       8
       8
      15
      10
      10
       5
      14
       8
      12
       3
      10
       8
       7
      12
      13
       9
       7
       9
       7
       9
      11
       6
      13
       8
       5
      13
       8
      14
      11
      10
       8
      11
       8
       8
      16
      13
      10
       8
       9
       6
      10
       6
      10
       6
       8
       7
       9
       9
      14
      10
       5
       8
       5
      11
       5
       8
       6
      10
       7
       8
       2
       8
       5
       5
      15
      10
       9
       2
       2
       7
       8
       8
      15
       8
       6
      11
      10
       7
       8
       8
       6
       7
       9
       7
      10
      10
      37
     314
     642
     129
       8
      10
       4
       4
       4
       6
       5
       6
       2
       8
       6
       2
       5
       4
       3
       2
       1
       5
       8
       8
       3
       9
      11
       9
       9
       5
       6
       6
       9
       1
       3
       3
       6
       6
       4
       5
       9
       6
       5
       4
      11
       5
       0
       6
       3
       5
       5
       6
       2
       5
       6
       5
       6
       7
       9
       3
       3
       7
       8
       7
       6
       3
       5
       8
       4
       5
       3
      26
      34
      13
       3
       5
       5
       2
      10
       5
       5
       5
       8
       7
       2
       8
      12
       4
       5
       4
       8
       4
       6
       7
       6
       6
       6
       3
       4
       6
       8
       8
      15
     101
     196
      51
       5
       4
       3
       4
       2
       3
       3
       3
       5
       7
       5
       6
       4
       3
       1
       6
       5
       3
       7
       2
       2
       5
       5
       2
       2
       6
       7
       3
       4
       3
       4
       3
       3
       4
       2
       5
       3
       5
       4
       4
       3
       1
       8
       3
       1
       7
       4
       2
       3
       2
       7
       3
       3
       5
       7
       8
       4
       5
       6
       4
       6
       4
       1
       4
       6
       8
       2
       3
       0
       4
       4
       6
       2
       2
       2
       5
       4
       5
       7
       3
       5
       6
       5
       5
       4
       4
       3
       4
       3
       2
       1
       2
       5
       2
       2
       1
       7
       5
       1
       8
       4
       2
       2
       2
       6
       1
       5
       5
       1
       4
       3
       8
       6
       3
       4
       6
       5
       8
       4
       7
       3
       2
       5
       5
       6
       5
       4
       3
       4
       4
       8
       2
       1
       1
       3
       3
       5
       4
       3
       2
       7
       6
       1
       3
       7
      11
       3
       3
       1
       4
       4
       5
       6
       4
       5
       3
       4
       2
       7
       6
      10
       0
       3
       6
       4
       2
       2
       0
      11
       2
       1
       3
       4
       5
       2
       2
       1
       2
       2
       3
       2
       3
       3
       5
       5
       1
       3
       2
       6
       3
       5
       3
       5
       2
       2
       4
       5
       5
       8
       7
       4
       4
       4
       2
       1
       8
       4
       1
       3
       4
       6
       4
       5
       4
       5
       2
       1
       4
       3
       2
       3
       4
       3
       5
       3
       3
       4
       4
       5
       9
       2
       3
       4
       1
       5
       4
       1
       8
       3
       2
       3
       5
       4
       1
       4
       7
       3
       0
       6
       4
       3
       4
       3
       5
       8
       5
       3
       2
       6
       2
       9
       6
       6
       3
       6
       3
       2
       3
       0
       2
       6
       3
       3
       4
       0
       3
       4
       7
       5
       3
       5
       2
       2
       4
       9
       2
       7
       0
       3
       4
       4
       2
       3
       6
       4
       2
       3
       4
       3
       0
       4
       4
       3
       4
       4
       1
       8
       3
       5
       6
       5
       3
       5
       2
       0
       4
       3
       6
       3
       2
       2
       2
       3
       3
       3
       4
       4
       6
       2
       7
       2
       3
       4
       3
       9
       1
       1
       6
       5
       4
       6
       4
       4
       5
       3
       5
       4
       2
       3
       5
       3
       4
       2
       0
       7
       2
       5
       3
       4
       3
       8
       3
       3
       8
       4
       1
       3
       4
       2
       5
       1
       4
       1
       3
       2
       3
       2
       3
       2
       3
       2
       4
       2
       6
       3
       3
       2
       5
       3
       5
       3
       3
       3
       6
       3
       5
       1
       3
       5
       6
       2
       6
       7
       3
       3
       4
       3
       2
       6
       4
       3
       6
       4
       3
       3
       7
       4
       2
       4
       5
       1
       6
       4
       5
       3
       1
       0
       3
       4
       1
       3
       3
       6
       6
       4
       3
       1
       1
       3
       8
       5
       5
       5
       2
       3
       5
       4
       1
       4
       3
       4
       0
       6
       2
       3
       4
       4
       5
      11
       6
       6
       3
       6
       5
       5
       4
       2
       4
       2
       5
       3
       7
       0
       4
       4
       4
       2
       6
       6
       4
       3
       2
       3
       5
       3
       4
       5
       5
       4
       3
       5
       5
       5
       5
       2
       4
       9
       5
       3
       4
       1
       3
       0
       3
       2
      17
      28
      22
       6
       5
       5
       2
       4
       2
       3
       6
       1
       3
       3
       3
       3
       1
       7
       4
       7
       3
       7
       4
       1
       4
       2
       3
       7
       3
       5
       4
       5
       5
       8
       3
       3
       6
       4
       7
       2
       7
       3
       5
       0
       6
       5
       2
       5
       3
       6
       1
       2
       8
       3
       6
       8
       5
       6
       5
       3
       7
       6
       3
       3
       7
       4
       6
       3
       4
       6
       6
       7
       2
       6
       3
       8
       6
       6
       6
       2
       4
       6
       3
       2
       3
       2
       3
       2
       5
       5
       7
       2
       5
       6
       3
       5
       7
       3
       5
       3
       4
       5
       1
       6
       4
       2
       5
       1
       4
       3
       2
       3
       2
       1
       2
       2
       1
       2
       4
       3
       3
       2
       4
       6
       5
       2
       2
       6
       3
       1
       3
       3
       4
       5
       1
       6
       6
       3
       3
       5
       4
       3
       4
       3
       4
       4
       5
       2
       3
       1
       3
       4
       2
       7
       3
       4
       2
       3
       2
       5
       3
       5
       3
       1
       8
       7
       6
       3
       3
       3
       2
       1
       2
       4
       2
       3
       4
       5
       4
       1
       5
       4
       4
       5
       1
       4
       1
       3
       2
       2
       0
       1
       1
       4
       2
       5
       3
       4
       1
       1
       4
       1
       7
       2
       1
       3
       2
       6
       2
       3
       3
       5
       3
       5
       3
       3
       4
       4
       3
       1
       2
       3
       3
       1
       5
       7
       3
       5
       6
       5
       3
       2
       6
       6
       1
       3
       2
       5
       6
       2
       3
       6
       1
       3
       0
       5
       2
       1
       4
       2
       3
       7
       4
       2
       7
       4
       2
       4
       3
       7
       3
       3
       0
       4
       2
       1
       0
       2
       3
       8
       4
       5
       4
       5
       3
       5
       2
       4
       5
       0
       5
       4
       4
       6
       2
       5
       3
       4
       3
       3
       6
       3
       5
       3
       0
       1
       2
       3
       1
       2
       3
       3
       5
       5
       0
       3
      10
       4
       6
       1
       2
       5
       5
       6
       4
       6
       6
       5
       1
       6
       7
       5
       5
       3
       3
       5
       4
       4
       6
       6
       0
       2
       4
      13
       3
       1
       2
       3
       1
       5
       8
       2
       5
       3
       4
       5
       4
       2
       2
       6
       9
      15
      27
      69
      68
      67
      12
       2
       1
       2
       1
       1
       0
       2
       2
       2
       2
       3
       1
       3
       4
       3
       6
       3
       2
       2
       4
       3
       2
       3
       2
       1
       3
       0
       4
       2
       3
       1
       1
       1
       0
       0
       0
       0
       1
       2
       1
       2
       1
       3
       1
       2
       1
       1
       1
       0
       3
       0
       2
       2
       1
       0
       0
       1
       2
       3
       1
       3
       1
       0
       1
       0
       2
       0
       0
       0
       1
       0
       2
       1
       1
       2
       0
       2
       3
       0
       1
       2
       0
       2
       1
       1
       2
       2
       2
       0
       0
       0
       3
       0
       1
       3
       1
       0
       0
       0
       0
       1
       2
       2
       1
       1
       1
       2
       2
       3
       1
       2
       1
       1
       1
       0
       1
       0
       1
       1
       0
       3
       3
       0
       1
       0
       0
       0
       2
       3
       1
       1
       0
       2
       0
       1
       2
       3
       0
       1
       0
       1
       0
       0
       0
       0
       2
       1
       1
       2
       2
       1
       0
       2
       0
       0
       0
       1
       0
       1
       1
       1
       1
       1
       1
       1
       2
       0
       0
       2
       0
       3
       0
       2
       0
       2
       0
       5
       0
       0
       0
       1
       1
       3
       0
       0
       1
       1
       1
       0
       1
       0
       1
       1
       1
       0
       1
       1
       1
       0
       1
       1
       0
       1
       0
       1
       1
       0
       0
       1
       1
       1
       0
       0
       1
       0
       1
       1
       2
       1
       1
       1
       1
       1
       0
       2
       1
       4
       0
       0
       1
       1
       1
       2
       1
       1
       2
       2
       0
       0
       4
       0
       5
       5
      21
      52
      98
      91
      30
       4
       0
       0
       0
       0
       0
       1
       0
       2
       3
       2
       3
       1
       1
       0
       0
       1
       0
       1
       0
       0
       1
       0
       0
       1
       0
       0
       1
       1
       0
       1
       3
       1
       0
       0
       0
       0
       0
       1
       0
       0
       2
       3
       0
       2
       0
       1
       1
       0
       1
       2
       0
       2
       2
       0
       1
       1
       1
       1
       1
       0
       0
       0
       0
       0
       0
       2
       1
       0
       0
       1
       0
       0
       1
       0
       1
       1
       1
       0
       1
       0
       0
       1
       1
       0
       0
       0
       0
       1
       0
       0
       1
       2
       2
       1
       0
       1
       0
       0
       0
       0
       0
       0
       2
       0
       1
       0
       0
       0
       0
       0
       0
       0
       1
       0
       1
       1
       0
       2
       0
       0
       1
       0
       0
       0
       1
       0
       2
       0
       1
       0
       0
       0
       0
       0
       0
       0
       0
       1
       0
       0
       0
       0
       0
       0
       1
       0
       0
       0
       0
       0
       0
       0
       0
       2
       0
       0
       0
       2
       0
       1
       0
       1
       2
       0
       0
       0
       0
       1
       0
       0
       1
       0
       0
       0
       0
       0
       0
       0
       0
       0
       0
       1
       0
       0
       0
       0
       0
       0
       0
       0
       1
       1
       1
       2
       0
       1
       0
       0
       1
       0
       0
       0
       0
       1
       1
       0
       0
       2
       3
       2
       0
       0
       0
       0
       0
       1
       1
       0
       1
       0
       2
       0
       1
       0
       0
       0
       0
       0
       0
       1
       0
       0
       0
       1
       0
       0
       0
       2
       0
       0
       0
       0
       1
       0
       0
       1
       0
       0
       1
       1
       1
       0
       2
       0
       1
       0
       0
       0
       0
       1
       0
       0
       3
       2
       1
       4
       9
      13
       4
       4
       0
       1
       0
       0
       0
       0
       0
       0
       1
       0
       0
       0
       1
       1
       2
       0
       0
       1
       0
       0
       0
       1
       1
       1
       0
       0
       0
       1
       0
       0
       2
       1
       0
       0
       0
       0
       0
       0
       0
       0
       0
       0
       0
       0
       1
       0
       0
       0
       1
       0
       0
       0
       0
       0
       0
       0
       0
       0
       0
       1
       0
       0
       0
       1
       0
       0
       1
       0
       0
       1
       0
       0
       0
       0
       0
       1
       0
       0
       0
       1
       0
       0
       0
       1
       0
       1
       1
       0
       0
       0
       0
       0
       1
       0
       1
       0
       0
       0
       0
       1
       0
       0
       0
       0
       2
       0
       0
       0
       0
       0
       0
       0
       0
       0
       0
       0
       0
       0
       0
       0
       0
       0
       0
       0
       0
       0
       0
       0
       0
       0
       0
       0
       0
       0
       0
       0
       0
       0
$ROI:
0
$PRESETS:
None
0
0
$ENER_FIT:
-10.025118 0.801508
$MCA_CAL:
3
-1.002512E+001 8.015075E-001 0.000000E+000 keV
$SHAPE_CAL:
3
0.000000E+000 0.000000E+000 0.000000E+000
