$SPEC_ID:
No sample description was entered.
$SPEC_REM:
DET# 2
DETDESC# ALPHA COUNTER
AP# Maestro Version 7.01
$DATE_MEA:
03/10/2018 10:40:25
$MEAS_TIM:
166481 166529
$DATA:
0 2047
       0
       0
       0
       0
       0
       0
       0
       0
       0
       0
       0
       0
       0
       0
       0
       0
       0
       0
       0
       0
       0
       0
       0
     201
    3321
    3323
    3227
    3239
    3080
    3064
    2967
    2917
    2943
    2852
    2760
    2860
    2697
    2708
    2754
    2592
    2617
    2601
    2595
    2531
    2532
    2463
    2500
    2347
    2443
    2249
    2316
    2369
    2347
    2292
    2328
    2145
    2251
    2281
    2213
    2198
    2208
    2227
    2251
    2078
    2200
    2192
    2193
    2173
    2158
    2105
    2135
    2130
    2188
    2156
    2156
    2062
    2106
    2139
    2274
    2364
    2181
    2154
    2171
    2270
    2317
    2228
    2245
    2195
    2265
    2367
    3154
    3929
    2547
    5177
    4094
    2202
    2234
    2085
    2134
    2158
    2051
    2144
    2207
    2073
    2250
    3381
    3911
    2299
    2304
    2775
    2171
    2058
    2232
    2144
    2142
    2477
    2725
    2274
    2100
    2082
    1985
    2059
    2003
    1957
    1988
    1958
    2005
    2062
    2051
    2010
    2050
    2024
    2136
    2001
    2003
    1987
    2133
    2167
    1981
    2066
    2089
    2054
    2013
    2088
    2127
    2069
    2112
    2077
    2121
    2076
    2096
    2153
    2183
    2062
    1999
    2128
    2095
    2093
    1968
    2043
    2081
    2067
    2177
    2028
    1986
    2019
    1995
    2043
    2049
    2076
    2088
    1990
    2113
    2038
    2123
    2109
    1987
    2055
    1999
    2106
    2877
    2120
    1913
    2031
    1978
    1977
    1984
    1960
    1971
    1915
    2012
    1879
    1993
    1899
    1881
    1960
    1858
    1898
    1917
    1884
    1866
    1909
    1898
    1863
    2163
    2141
    1862
    1892
    1832
    1877
    1845
    1855
    1843
    1932
    1891
    1870
    1896
    1984
    1889
    1852
    1908
    1947
    1962
    1893
    1877
    1891
    1950
    1854
    1938
    1882
    1875
    1958
    3008
    5149
    2273
    1781
    1800
    1814
    1855
    1757
    1829
    1811
    1826
    1830
    2038
    2112
    2004
    1915
    1995
    2024
    2049
    1999
    2018
    2028
    1998
    1930
    1911
    2000
    2091
    1805
    1901
    1859
    1877
    1789
    1820
    1788
    1813
    1797
    1701
    1805
    1642
    1753
    1742
    1670
    1673
    1648
    1702
    1598
    1713
    1649
    1625
    1692
    1629
    1523
    1529
    1594
    1565
    1583
    1527
    1549
    1546
    1493
    1561
    1525
    1537
    1475
    1432
    1410
    1545
    1867
    1805
    1462
    1484
    1546
    1487
    1444
    1441
    1428
    1392
    1410
    1430
    1382
    1400
    1404
    1330
    1337
    1386
    1395
    1331
    1381
    1341
    1380
    1424
    1346
    1210
    1366
    1372
    1392
    1354
    1355
    1299
    1336
    1313
    1326
    1282
    1257
    1289
    1293
    1355
    1346
    1291
    1289
    1271
    1273
    1315
    1255
    1334
    1252
    1239
    1249
    1235
    1229
    1235
    1212
    1257
    1236
    1243
    1196
    1245
    1207
    1238
    1250
    1248
    1206
    1218
    1195
    1198
    1176
    1264
    1241
    1301
    1342
    1200
    1182
    1242
    1243
    1257
    1273
    1229
    1167
    1173
    1200
    1206
    1158
    1196
    1197
    1195
    1208
    1198
    1142
    1175
    1182
    1224
    1266
    1165
    1117
    1138
    1136
    1191
    1154
    1106
    1182
    1171
    1188
    1226
    1163
    1168
    1114
    1219
    1197
    1107
    1149
    1234
    1217
    1154
    1153
    1135
    1161
    1261
    1146
    1229
    1132
    1127
    1160
    1162
    1190
    1116
    1070
    1109
    1111
    1018
    1043
    1023
     981
    1049
    1042
    1017
     988
     972
    1008
     989
    1074
    1161
    1076
     937
     938
     895
     932
     945
     948
     913
     882
     954
     920
     937
     944
     873
     875
     919
     881
     863
     879
     882
     904
     924
     917
     902
     891
     872
     898
     893
     868
     874
     880
     815
     865
     843
     869
     878
     798
     854
     814
     895
     848
     841
     876
     865
     845
     779
     815
     814
     835
     767
     822
     734
     815
     807
     771
     855
     816
     801
     837
     776
     791
     802
     831
     765
     776
     800
     803
     818
     802
     777
     754
     767
     760
     738
     797
     745
     809
     797
     734
     771
     775
     763
     766
     752
     754
     745
     777
     758
     854
     754
     768
     773
     736
     802
     787
     776
     759
     765
     820
     702
     836
     746
     814
     847
     747
     757
     733
     729
     722
     804
     812
     789
     753
     760
     757
     799
     813
     738
     768
     703
     709
     712
     756
     736
     742
     716
     759
     802
     726
     762
     783
     740
     710
     718
     780
     762
     797
     732
     785
     760
     770
     750
     739
     764
     704
     742
     753
     738
     711
     770
     740
     796
     778
     745
     776
     771
     723
     773
     790
     745
     742
     699
     708
     754
     730
     728
     755
     775
     771
     735
     799
     726
     770
     752
     825
     790
     744
     763
     768
     751
     763
     730
     776
     753
     776
     764
     810
     751
     768
     772
     779
     801
     830
     913
    1000
    1406
    2400
    4262
    7201
    9359
    8794
    5741
    2955
    1687
    1085
     895
     794
     789
     733
     747
     769
     724
     722
     784
     726
     729
     726
     747
     724
     721
     788
     781
     716
     776
     703
     714
     754
     701
     732
     740
     739
     729
     720
     765
     741
     747
     742
     725
     791
     779
     763
     782
     735
     763
     764
     777
     817
     781
     766
     779
     794
     781
     778
     788
     804
     762
     782
     770
     764
     805
     835
     820
     805
     782
     803
     814
     865
     825
     812
     824
     752
     810
     820
     851
     872
     881
     842
     877
     834
     894
     842
     799
     842
     867
     868
     889
     909
     882
     911
     933
    1020
     956
     911
     902
     927
     845
     938
     870
     901
     914
     887
     954
     942
     908
     886
     904
     907
     855
     945
     897
     922
     975
    1005
     931
     909
     939
     970
     919
     964
     995
     954
     960
    1002
    1155
    1047
     942
     900
     960
     917
     940
     915
     838
     867
     777
     777
     734
     650
     679
     669
     634
     667
     595
     612
     653
     603
     572
     558
     562
     587
     583
     543
     574
     505
     583
     532
     502
     542
     551
     465
     494
     518
     498
     526
     532
     471
     525
     491
     494
     478
     484
     510
     468
     473
     471
     456
     511
     462
     496
     483
     475
     440
     441
     457
     433
     447
     441
     451
     437
     424
     453
     467
     435
     399
     405
     401
     422
     382
     380
     412
     369
     385
     340
     375
     370
     348
     354
     357
     425
     374
     366
     376
     396
     325
     360
     346
     359
     359
     318
     361
     336
     336
     336
     302
     313
     318
     325
     296
     306
     326
     303
     331
     284
     304
     296
     255
     276
     284
     261
     266
     285
     299
     290
     279
     285
     320
     287
     288
     242
     277
     240
     261
     286
     249
     277
     241
     263
     257
     273
     248
     264
     250
     262
     245
     255
     305
     280
     295
     310
     242
     257
     270
     277
     271
     262
     251
     222
     224
     271
     260
     232
     255
     228
     235
     244
     222
     216
     221
     207
     221
     219
     230
     211
     235
     214
     233
     194
     209
     218
     202
     229
     218
     213
     216
     227
     208
     249
     220
     201
     213
     202
     254
     237
     205
     201
     222
     220
     235
     225
     249
     224
     243
     210
     213
     266
     225
     198
     209
     221
     198
     244
     220
     219
     214
     218
     229
     202
     217
     192
     213
     215
     202
     214
     198
     229
     195
     231
     199
     213
     194
     236
     217
     209
     214
     214
     237
     243
     247
     236
     210
     238
     256
     214
     241
     261
     271
     253
     239
     260
     256
     270
     277
     289
     389
     800
    2906
   11580
   26611
   26707
    9213
    1044
     148
     113
     134
     111
     122
     143
     110
     110
     118
     121
     111
     119
     131
     124
     135
     106
     130
     113
     104
     112
     119
     105
     113
     125
     117
     106
     121
     130
      99
      94
     109
     110
     117
     108
     107
     100
     121
     115
     104
      93
     128
     101
     103
      97
      98
      94
     124
     129
     113
      98
     102
     108
     115
     101
     109
     106
      94
      90
     128
     133
     119
     122
     204
     255
     230
     165
     117
      93
      88
     107
     103
     114
      96
      88
     112
      92
     112
     103
     111
      97
     103
      86
      96
     118
     104
     102
      97
     103
      84
     109
     115
      92
     103
     108
     119
      87
      87
      99
     100
     120
     110
     102
     103
     103
     107
      98
     103
     106
     100
     123
      94
      98
      97
     111
      88
      96
     103
      94
     117
     101
     129
     138
     159
     194
     124
     129
     103
      84
     104
     111
      94
     100
      84
      89
      77
     111
      78
      92
     107
      99
      85
      65
      87
      98
     109
     103
     100
      90
     110
     105
     103
     105
     106
     101
      94
      93
      95
      81
     101
      84
      92
      79
      93
     109
      83
      82
     101
      95
      94
      78
      84
     112
     111
      99
      84
      91
      72
      93
      93
     100
      98
      85
      87
      89
      93
     102
      86
      98
      94
      91
     107
     110
     110
      83
     125
     115
     143
     121
      81
      77
      87
     102
      91
      92
      90
      79
      84
      94
      91
      76
      94
      83
      96
      96
      83
      79
      87
      88
      87
      86
      95
      76
      83
      81
      94
      98
      78
      92
      83
      68
      70
      81
      80
      95
      86
      97
     104
      88
      75
      88
      82
      84
      94
      97
      64
      91
      86
     100
      78
      86
      87
      77
      71
      87
      75
      78
      70
      78
      85
      92
      81
      69
      71
      63
      87
      79
      93
      75
      68
      77
      86
      81
      63
      84
      68
      85
      72
      80
      74
      75
      71
      77
      75
     109
      87
      69
      76
      78
      83
      82
      74
      73
      70
      84
      93
      64
      76
      93
      74
      82
      84
      72
      67
      90
      77
      86
      85
      79
      69
      73
      81
      86
      64
      88
      81
      86
      71
      83
      84
      82
      92
      70
      61
      89
      67
      81
      71
      71
      76
      73
      82
      79
      69
      77
      83
      81
      81
      83
      75
      92
      68
      69
      81
      76
      78
      76
      65
      67
      81
      75
      74
      81
      83
      83
      96
      78
      93
      58
      77
      82
      77
      76
      80
      78
      57
      65
      76
      62
      61
      81
      71
      86
      88
      72
      71
      86
      80
      83
      76
      73
      83
      66
      82
      71
     109
     136
     120
     107
      82
      79
      85
      63
      78
      71
      73
      81
      78
      56
      72
      93
      65
      73
      78
      87
      73
      53
      80
      74
      66
      71
      66
      78
      66
      82
      68
      73
      59
      58
      56
      66
      80
      76
      71
      55
      67
      82
      73
      76
      72
      63
      69
      92
      75
      76
      69
      64
      73
      76
      61
      74
      86
      63
      88
      74
      68
      65
      70
      60
      55
      69
      74
     110
     105
     106
     101
      71
      76
      74
      69
      71
      60
      73
      59
      71
      79
      59
      66
      60
      76
      73
      62
      77
      77
      62
      52
      66
      71
      66
      62
      70
      66
      64
      67
      67
      75
      56
      71
      58
      71
      73
      71
      63
      57
      61
      58
      61
      66
      65
      52
      56
      52
      80
      68
      64
      51
      51
      63
      72
      56
      57
      69
      68
      62
      67
      61
      69
      53
      69
      47
      64
      63
      59
      51
      67
      60
      53
      60
      56
      72
      59
      68
      43
      55
      76
      70
      78
      74
      50
      60
      59
      55
      63
      48
      56
      53
      49
      46
      62
      45
      59
      62
      52
      48
      49
      52
      51
      52
      47
      49
      50
      53
      65
      55
      52
      49
      43
      44
      47
      59
      50
      45
      41
      41
      38
      50
      45
      51
      47
      46
      60
      40
      49
      51
      54
      50
      56
      54
      52
      61
      52
      43
      42
      50
      42
      46
      51
      55
      37
      49
      37
      40
      41
      40
      51
      43
      57
      43
      43
      45
      39
      48
      45
      39
      43
      47
      46
      46
      43
      41
      38
      53
      33
      45
      36
      32
      40
      42
      45
      37
      50
      37
      44
      38
      38
      57
      60
      75
      77
     143
     141
     132
     102
      61
      49
      44
      36
      30
      34
      38
      43
      56
      58
      71
      88
      51
      51
      37
      37
      48
      35
      25
      30
      31
      33
      27
      37
      39
      31
      27
      43
      34
      34
      34
      41
      33
      42
      18
      33
      29
      35
      32
      43
      41
      23
      30
      29
      42
      27
      31
      32
      37
      29
      27
      37
      37
      28
      27
      38
      27
      33
      37
      19
      44
      32
      22
      33
      45
      33
      44
      41
      41
      41
      31
      33
      38
      40
      31
      27
      24
      32
      19
      43
      25
      29
      31
      24
      27
      29
      29
      24
      25
      31
      33
      36
      29
      32
      34
      36
      36
      31
      39
      29
      35
      26
      26
      28
      29
      40
      44
      32
      27
      33
      39
      27
      29
      31
      33
      38
      34
      26
      38
      28
      26
      28
      29
      34
      25
      28
      31
      35
      37
      25
      32
      28
      29
      28
      35
      28
      31
      29
      29
      25
      29
      35
      27
      29
      26
      23
      27
      26
      38
      37
      25
      29
      27
      35
      36
      38
      29
      27
      32
      41
      34
      41
      29
      28
      33
      39
      55
      55
     102
     195
     361
     587
     649
     481
     187
      66
      20
      20
      19
      19
      17
      18
      18
      16
      21
      25
      24
      21
      21
      24
      21
      26
      18
      24
      14
      20
      29
      15
      18
      19
      20
      15
      24
      20
      25
      10
      19
      32
      16
      21
      16
      22
      21
      18
      22
      26
      20
      26
      23
      22
      28
      17
      13
      13
      16
      14
      15
      21
      15
      18
      32
      23
      23
      37
      22
      16
      14
      20
      17
      18
      17
      18
      21
      31
      26
      15
      15
      17
      15
      20
      16
      22
      18
      14
      19
      14
      20
      15
      18
      20
      13
      14
      21
      18
      21
      21
      13
      18
      13
      22
      16
      19
      23
      16
      18
      16
      16
      16
      18
      17
      13
      14
      13
      13
      19
      15
      19
      11
      13
      17
      24
      14
      15
      21
      11
      15
      17
      17
      22
      20
      17
      18
      15
      20
      18
      19
      19
      17
      20
      13
      19
      18
      13
      20
      16
      13
      14
      19
      10
      11
      15
      18
      18
      25
      13
      18
      21
      12
      19
      18
      17
      34
      25
      23
      34
      32
      33
      37
      39
      41
      20
      14
      14
      11
      10
      18
      16
      15
      10
      20
      13
       0
       0
       0
       0
       0
       0
       0
       0
       0
       0
       0
       0
       0
       0
       0
       0
       0
       0
       0
       0
       0
       0
       0
       0
       0
       0
       0
       0
       0
       0
       0
       0
$ROI:
0
$PRESETS:
None
0
0
$ENER_FIT:
-10.025118 0.801508
$MCA_CAL:
3
3.002512E-001 7.965075E-001 0.000000E+000 keV
$SHAPE_CAL:
3
0.000000E+000 0.000000E+000 0.000000E+000
