$SPEC_ID:
No sample description was entered.
$SPEC_REM:
DET# 2
DETDESC# ALPHA COUNTER
AP# Maestro Version 7.01
$DATE_MEA:
03/22/2018 22:43:55
$MEAS_TIM:
37047 37052
$DATA:
0 2047
       0
       0
       0
       0
       0
       0
       0
       0
       0
       0
       0
       0
       0
       0
       0
       0
       0
       0
       0
       0
       0
       0
       0
      10
     421
     509
     514
     447
     434
     494
     431
     423
     422
     444
     443
     433
     427
     423
     435
     411
     417
     365
     363
     326
     380
     369
     352
     380
     357
     345
     363
     372
     334
     318
     347
     332
     369
     355
     312
     328
     308
     332
     304
     302
     330
     330
     319
     334
     315
     304
     311
     316
     323
     317
     334
     327
     306
     325
     320
     311
     391
     334
     339
     308
     354
     332
     337
     349
     324
     348
     344
     422
     716
     377
     579
     936
     306
     322
     304
     314
     304
     276
     275
     306
     323
     311
     382
     698
     441
     273
     385
     358
     265
     285
     336
     296
     284
     401
     379
     300
     277
     273
     307
     265
     275
     266
     271
     296
     272
     271
     287
     260
     301
     321
     325
     269
     271
     269
     294
     309
     304
     266
     270
     276
     282
     273
     318
     319
     277
     277
     254
     298
     299
     287
     296
     293
     305
     285
     276
     286
     273
     254
     297
     317
     296
     254
     269
     281
     227
     254
     272
     293
     299
     276
     282
     291
     300
     277
     263
     298
     276
     274
     381
     408
     245
     259
     243
     268
     279
     244
     249
     253
     253
     270
     272
     252
     239
     264
     241
     252
     267
     240
     267
     255
     228
     237
     228
     329
     347
     240
     238
     266
     257
     252
     244
     224
     245
     254
     246
     225
     227
     209
     239
     254
     228
     211
     244
     245
     240
     236
     234
     204
     217
     238
     226
     337
    1043
     405
     208
     207
     202
     225
     191
     212
     223
     230
     213
     200
     179
     202
     195
     197
     191
     181
     187
     180
     186
     216
     191
     184
     211
     236
     189
     168
     212
     192
     183
     188
     183
     197
     189
     182
     164
     176
     156
     164
     165
     172
     181
     183
     174
     169
     144
     176
     151
     172
     135
     169
     154
     179
     157
     131
     178
     179
     164
     150
     166
     146
     180
     149
     150
     153
     150
     227
     247
     151
     144
     157
     179
     165
     141
     140
     119
     130
     141
     141
     132
     144
     132
     135
     120
     142
     132
     129
     136
     108
     130
     133
     146
     126
     123
     116
     123
     129
     128
     119
     121
     121
     120
     118
     128
     112
     125
     121
     136
     121
     125
     122
     101
     123
     128
     106
     119
     124
     112
     109
     118
     123
     133
     109
     110
     113
     125
     108
     115
     138
     120
     107
      89
     115
     104
      96
     118
     112
     102
     124
     135
     109
      97
     111
      95
      88
      89
     101
     107
     100
      93
      95
     101
      85
     123
     110
      99
     103
     117
      98
      79
      93
      91
     102
     111
      75
     102
      89
      83
      95
      87
      81
      92
      97
      71
      93
      84
      89
      80
      85
      89
      99
     105
      78
      81
      88
     103
      94
      98
      87
      96
     147
     394
     241
     111
     128
      85
      77
      76
      68
      74
      79
      74
      89
      89
      88
      74
      66
      82
      74
      85
     100
     121
      88
      84
      73
      88
      76
      71
      76
      86
      77
      83
      79
      62
      75
      74
      71
      62
      74
      73
      72
      65
      70
      66
      73
      79
      72
      60
      64
      61
      67
      61
      70
      67
      76
      84
      84
      71
      73
      63
      70
      69
      72
      50
      67
      68
      62
      74
      61
      69
      72
      68
      73
      67
      72
      64
      68
      59
      77
      66
      60
      55
      63
      71
      86
      56
      77
      49
      63
      47
      57
      65
      51
      59
      52
      76
      62
      64
      60
      61
      63
      66
      51
      67
      83
      59
      68
      66
      70
      48
      64
      67
      39
      55
      50
      68
      60
      51
      52
      47
      61
      49
      51
      47
      65
      66
      82
      51
      44
      53
      59
      45
      61
      53
      56
      47
      51
      58
      61
      55
      56
      53
      63
      60
      50
      54
      52
      45
      53
      50
      53
      69
      44
      45
      43
      41
      49
      53
      56
      41
      51
      49
      53
      38
      42
      51
      47
      43
      47
      44
      57
      48
      55
      37
      39
      42
      49
      59
      41
      49
      60
      56
      61
      38
      43
      35
      31
      46
      43
      56
      37
      59
      51
      43
      49
      53
      50
      51
      40
      41
      30
      53
      44
      58
      31
      46
      37
      42
      60
      39
      51
      47
      46
      46
      55
      45
      53
      36
      38
      34
      46
      53
      79
      99
     148
     106
      59
      52
      51
      33
      41
      43
      35
      46
      42
      35
      28
      37
      48
      56
      47
      46
      40
      32
      40
      43
      38
      36
      28
      47
      53
      42
      43
      51
      46
      42
      32
      37
      43
      31
      40
      47
      40
      46
      35
      32
      37
      26
      41
      43
      33
      51
      42
      41
      42
      38
      31
      36
      36
      37
      37
      34
      36
      39
      49
      38
      41
      35
      35
      35
      33
      30
      36
      47
      37
      43
      46
      29
      45
      37
      28
      40
      32
      31
      45
      33
      35
      37
      37
      33
      34
      33
      34
      23
      35
      38
      64
      65
      37
      42
      31
      37
      32
      37
      39
      34
      43
      44
      44
      41
      28
      44
      27
      34
      38
      31
      37
      27
      43
      32
      30
      34
      30
      37
      23
      30
      35
      37
      48
      93
      76
      41
      34
      33
      38
      32
      49
      34
      25
      30
      45
      26
      32
      42
      36
      28
      32
      36
      35
      26
      39
      37
      24
      34
      40
      27
      37
      31
      31
      35
      34
      35
      32
      28
      30
      28
      27
      43
      25
      28
      26
      43
      38
      31
      26
      28
      46
      26
      31
      35
      35
      30
      23
      25
      40
      27
      23
      29
      33
      32
      26
      32
      40
      36
      29
      36
      31
      31
      33
      32
      34
      41
      35
      24
      27
      35
      24
      26
      27
      34
      32
      34
      23
      21
      21
      30
      29
      34
      22
      35
      34
      33
      32
      38
      29
      23
      27
      32
      31
      26
      35
      35
      33
      24
      25
      29
      35
      35
      37
      33
      30
      36
      37
      25
      24
      33
      24
      31
      29
      34
      34
      24
      29
      31
      24
      26
      17
      26
      37
      24
      24
      21
      29
      20
      19
      30
      24
      22
      33
      31
      26
      26
      29
      35
      48
      31
      28
      23
      28
      31
      39
      29
      28
      22
      27
      27
      22
      13
      24
      26
      25
      31
      25
      19
      30
      32
      19
      27
      22
      32
      28
      31
      25
      25
      18
      36
      34
      22
      23
      28
      19
      25
      33
      19
      24
      22
      22
      24
      28
      15
      21
      27
      24
      25
      26
      24
      22
      21
      26
      23
      30
      32
      35
      26
      23
      23
      31
      28
      27
      18
      22
      29
      24
      18
      25
      27
      26
      28
      24
      18
      22
      23
      27
      24
      23
      32
      30
      27
      23
      26
      18
      21
      25
      18
      19
      29
      28
      27
      27
      33
      17
      15
      23
      24
      25
      24
      32
      18
      26
      29
      30
      24
      26
      25
      20
      27
      19
      29
      22
      27
      26
      21
      22
      24
      28
      25
      25
      28
      16
      23
      27
      11
      24
      24
      22
      24
      31
      18
      23
      23
      26
      25
      20
      26
      19
      17
      17
      26
      27
      20
      24
      20
      25
      30
      26
      25
      25
      21
      25
      27
      34
      26
      19
      26
      23
      21
      19
      24
      24
      18
      19
      24
      21
      19
      20
      25
      22
      20
      28
      21
      25
      26
      31
      25
      21
      24
      27
      14
      31
      21
      21
      22
      16
      14
      19
      17
      15
      20
      26
      18
      14
      17
      13
      23
      21
      23
      17
      23
      29
      22
      11
      24
      17
      18
      18
      25
      18
      22
      21
      36
      21
      23
      17
      23
      21
      16
      28
      16
      32
      17
      20
      14
      15
      16
      17
      19
      24
      15
      25
      19
      17
      19
      24
      34
      56
      41
      31
      15
      25
      25
      22
      23
      24
      14
      14
      17
      26
      22
      32
      23
      18
      11
      24
      19
      17
      18
      20
      12
      22
      25
      15
      18
      20
      18
      18
      18
      24
      14
      16
      10
      20
      20
      20
      18
      13
      16
      21
      17
      14
      13
      19
      22
      17
      26
      15
      13
      12
      21
      17
      23
      18
      13
      15
      27
      12
      12
      29
      22
      14
      19
      21
      17
      24
      24
      30
      16
      20
      30
      38
      20
      16
      25
      16
      16
      13
      23
      19
      20
      20
      17
      15
      23
      14
      20
      17
      22
      16
      18
      11
       9
       9
      15
      21
      23
      18
      15
      14
       9
      14
      24
      18
      14
      26
      14
      12
      12
      15
      19
      23
      19
      23
      15
      10
      26
      14
      21
      17
      14
      19
      16
      17
       9
      17
      17
      14
      11
      15
      24
      20
      18
      13
      12
      20
      17
      16
      21
      16
      20
      19
      15
      17
      13
      14
      13
      10
      13
      19
      14
      23
      14
      24
      15
      23
      17
      19
      19
      17
      19
      13
      14
      16
      12
      13
      10
      15
      15
      21
      13
      11
      21
      12
      17
      16
      11
      15
      13
      23
      14
      22
      14
      21
      12
       9
      15
      22
      16
      10
      12
      16
      16
       9
      18
      14
       9
      14
      21
       7
      14
      16
      14
      16
      12
      15
      17
      10
      21
      13
      18
      14
      12
       8
      14
      15
      17
      15
      10
      11
      23
      14
      19
      18
      15
      20
      20
      14
      11
      20
      18
      11
      15
      16
      15
      28
      27
      15
      18
      12
      20
      12
      19
      15
      12
      13
      11
      22
      13
      19
      16
       9
      21
      21
      16
      10
      13
      12
      16
      25
      12
      13
      19
      28
      24
      26
      15
      23
      17
      17
      14
      19
      17
      21
      12
       8
      14
      10
      13
      11
      15
      15
      13
      25
      16
      21
      19
      20
      12
      19
       9
      10
       9
      15
      20
      10
      12
      15
      18
      14
      11
      17
      18
      16
      11
      17
      14
      15
      15
      16
      22
      10
      15
      18
      21
      13
      11
      15
      10
      12
      18
      24
      18
      15
      17
      10
      13
      12
      11
      12
      13
      19
      29
      20
       9
      18
      13
      16
      15
      15
      15
      18
      13
      12
      16
      13
      15
      19
      11
      15
      15
      19
      15
      10
      16
      10
      15
       7
       7
      17
      14
      16
       8
      16
      16
      16
      13
      13
      14
       7
      20
      16
      13
       9
      12
      12
       9
      12
      11
      11
      15
      16
      12
      19
      16
      11
      15
       7
      16
      10
      12
      13
       7
      16
      23
      25
       4
      13
      15
      18
       4
      14
      14
      19
      21
      18
      23
      21
      19
      10
      17
      12
      12
      14
      13
      11
      20
      17
      20
      18
       8
      15
      12
      11
      10
      12
      21
      11
      11
       7
       6
      11
      10
       9
      11
      10
       8
       9
       5
       5
      11
       9
       9
       9
      14
       9
       9
       7
       7
      11
      18
      14
      10
      14
      14
      13
      13
      11
      14
       9
      12
      14
      12
      10
      12
      10
       8
       5
      15
      12
      23
      10
       9
      19
       8
       9
      15
       8
       7
      15
       9
      15
       8
      11
      18
      25
      13
      10
       8
      11
      12
       7
       5
       3
      13
      10
       9
      10
      15
       6
       9
       8
       9
       8
       6
       7
      11
      15
       4
       3
      12
       8
      14
       5
      16
       8
       9
      11
      12
       7
       8
       7
       5
       2
       3
       5
       7
       8
      11
       4
      10
      16
       8
       6
      13
      18
       8
      13
       7
       7
      14
       8
       9
      12
      11
       5
       4
       7
       4
       9
       7
      12
       8
       9
      11
       8
       6
      10
       8
       6
      11
       5
       3
       7
       9
       6
       7
       8
       0
      10
       6
       7
       8
       5
       8
       8
       7
       9
       6
       5
       4
       4
      10
      10
       4
       6
       6
       8
       7
      10
       7
       7
      10
      12
      12
      10
       3
       6
       5
       8
       6
       7
       6
      13
       9
       9
      12
      10
       6
       6
       9
       6
      10
      11
       2
       6
       8
       4
       8
       5
      11
       6
       5
      10
       4
       6
       9
       6
       8
      12
      12
       6
      10
      10
      12
       8
       4
       5
       9
       3
       5
       6
       5
       7
       4
       6
       5
       6
       2
       6
       2
       3
       3
       4
      11
       6
       4
       6
       9
       5
       3
       7
       8
       3
       7
       7
       5
       5
       9
       2
       8
       4
       4
       9
       7
       4
       8
       3
       2
       9
       9
       7
      11
       6
       6
       6
       6
       8
       4
       9
      12
       8
       6
      11
      18
      21
      49
     112
     160
     144
      67
      27
       4
       3
       7
       3
       3
       8
       3
       2
       4
       2
       1
       3
       2
       3
       3
       6
       2
       4
       5
       2
       8
       5
       5
       1
       3
       6
       3
       4
       4
       0
       6
       3
       8
       5
       3
       2
       2
       5
       4
       5
       3
       7
       4
       4
       7
       4
       6
       0
       5
       3
       4
       4
       4
       1
       5
       5
       7
       9
       6
       6
       8
       5
       5
       5
       5
       5
       5
       2
       1
       7
       2
       5
       4
       8
       2
      13
       3
       1
       2
       3
       3
       5
       6
       5
      11
       2
       6
       5
       3
       1
       2
       6
       4
       4
       4
       4
       6
       3
       2
       6
       6
       8
       5
       6
       3
       2
       4
       3
      10
       4
       3
       4
       3
       6
       3
       4
       6
       2
       5
       8
       3
       3
       4
       2
       4
       4
       7
       6
       5
       3
       5
       5
       4
       9
       4
      12
       3
       5
       4
       4
       4
       4
       4
       3
       1
       3
       7
       6
       1
       3
       0
       0
       0
       0
       0
       0
       0
       0
       0
       0
       0
       0
       0
       0
       0
       0
       0
       0
       0
       0
       0
       0
       0
       0
       0
       0
       0
       0
       0
       0
       0
       0
$ROI:
1
517 523
$PRESETS:
None
0
0
$ENER_FIT:
-10.025118 0.801508
$MCA_CAL:
3
3.08534E-001 7.965761E-001 0.000000E+000 keV
$SHAPE_CAL:
3
0.000000E+000 0.000000E+000 0.000000E+000
