$SPEC_ID:
No sample description was entered.
$SPEC_REM:
DET# 2
DETDESC# ALPHA COUNTER
AP# Maestro Version 7.01
$DATE_MEA:
04/05/2018 09:07:27
$MEAS_TIM:
17880 19204
$DATA:
0 2047
       0
       0
       0
       0
       0
       0
       0
       0
       0
       0
       0
       0
       0
       0
       0
       0
       0
       0
       0
       0
       0
       0
       0
    4723
  103494
  103076
  100296
   98089
   95533
   93650
   91908
   89761
   88799
   87089
   85896
   85535
   84270
   83806
   83617
   82403
   82669
   82384
   82492
   83246
   83890
   84139
   85938
   88337
   98621
  167823
  227682
   90159
   68554
   70659
   72494
   76362
  132475
  174582
  101079
   69293
   54799
   56108
   53045
   51978
   50640
   50098
   50525
   49767
   49845
   48954
   49147
   49224
   49087
   49686
   49268
   49133
   49161
   49123
   49449
   49562
   49764
   49483
   50261
   50353
   50948
   51742
   52619
   53111
   55343
   57764
   64628
  108903
   92130
   83021
  167979
   83290
   53172
   52943
   53816
   55322
   57093
   59426
   65338
   75999
   88792
   99948
  128169
  122143
   78118
   76845
   80027
   62166
   56997
   55850
   54704
   53330
   52884
   52727
   52508
   52154
   52590
   52584
   52804
   52940
   53579
   53566
   53600
   54665
   55262
   55827
   56129
   56779
   58197
   59299
   59129
   60060
   60142
   61345
   61876
   63059
   64513
   65753
   67841
   71324
   75467
   81439
   90132
  100935
  116298
  137711
  175488
  253394
  551922
 2920340
 2345242
  180183
   70854
   53941
   51103
   48922
   47216
   45496
   44633
   43360
   42224
   41480
   40827
   40394
   39895
   39123
   39086
   38760
   38962
   38380
   38610
   38441
   38307
   38156
   38345
   38664
   38597
   39213
   39730
   41017
   43124
   45538
   49023
   50208
   48316
   47787
   47108
   46221
   45251
   44478
   44051
   43426
   42548
   42403
   42207
   41600
   41149
   41130
   41190
   42170
   43529
   41390
   39710
   40211
   39995
   40289
   40281
   41293
   40146
   39563
   38994
   38888
   38695
   38889
   38584
   38756
   38793
   39037
   38897
   38829
   38958
   39275
   39075
   38840
   39097
   39209
   39890
   39407
   39811
   39710
   40311
   39895
   39913
   40127
   40571
   40359
   40733
   40819
   40865
   41620
   41199
   41434
   41216
   40479
   39782
   38542
   37585
   36727
   35594
   35347
   34779
   35008
   34630
   34422
   34456
   34256
   34262
   34663
   34714
   34215
   34226
   34398
   33876
   33756
   34262
   33562
   32597
   32191
   32368
   32419
   32145
   32098
   31678
   31163
   31158
   31237
   30530
   30432
   30013
   29777
   29444
   29111
   29246
   28861
   28547
   28208
   28106
   27954
   27678
   27814
   27428
   27377
   27175
   26833
   27407
   27879
   28056
   29061
   29716
   31489
   33049
   37320
   44569
   63129
  182476
  483277
  181646
   32882
   27547
   28438
   25975
   23924
   23968
   25157
   26919
   23582
   22416
   22230
   22067
   21760
   21773
   21493
   21479
   21275
   20979
   20945
   20895
   20916
   21058
   20798
   20705
   20294
   20660
   20131
   20284
   20331
   20659
   21014
   23083
   22573
   20067
   20004
   19944
   20646
   21575
   20076
   19714
   19560
   19658
   19297
   19563
   19291
   19244
   19009
   18970
   19264
   19199
   19340
   19027
   18478
   18641
   18285
   18611
   19037
   18598
   18525
   18632
   18742
   20041
   26969
   37379
   23269
   17971
   17881
   17578
   17514
   17568
   17522
   17345
   17237
   17207
   17204
   17234
   17269
   17133
   17198
   17016
   17105
   17057
   17196
   17134
   17222
   17197
   17584
   18536
   18223
   17183
   16981
   16781
   16630
   17045
   16641
   16832
   16568
   16802
   17212
   19276
   18907
   16744
   16559
   16981
   18117
   21291
   19486
   17113
   16703
   16545
   16685
   16753
   16902
   17745
   18478
   19948
   21695
   24593
   29184
   35295
   43886
   61492
  112540
  403848
 1045806
  463077
   38051
   17587
   16170
   15654
   15390
   14616
   14732
   14751
   14458
   14167
   14099
   13981
   13920
   14019
   13915
   13982
   13842
   13432
   13774
   13715
   13893
   13934
   14143
   14403
   15267
   18794
   28605
   34256
   40777
   20566
   13216
   13169
   12991
   12827
   12643
   12869
   12838
   12585
   12973
   12705
   12739
   12684
   12690
   12766
   12667
   12887
   12651
   12426
   12785
   12773
   13683
   14132
   13159
   12513
   12675
   12289
   12404
   12462
   12530
   12337
   12414
   12250
   12335
   12090
   12129
   12409
   12097
   12262
   12184
   12230
   12179
   12304
   12112
   12227
   12483
   12550
   12842
   13083
   13514
   14254
   16018
   22689
   54276
   69886
   24449
   12569
   12384
   12368
   13530
   15135
   13153
   12506
   12115
   12079
   12014
   11755
   11748
   11826
   11757
   11721
   11860
   11900
   11868
   11520
   11809
   11625
   11806
   11830
   11790
   11791
   11652
   11728
   11740
   11976
   11940
   11883
   12113
   12317
   12729
   13028
   13811
   15270
   18727
   37699
   84921
   61486
   17520
   12271
   12016
   11918
   11712
   11878
   11666
   11691
   11714
   11702
   11777
   11583
   11613
   11604
   11473
   11483
   11551
   11634
   11683
   11603
   11648
   11495
   11631
   11739
   11822
   11825
   11840
   11526
   11172
   11545
   11068
   11499
   11478
   11365
   11466
   11451
   11480
   11480
   11420
   11411
   11236
   11373
   11414
   11553
   11482
   11549
   11974
   12278
   11813
   11544
   11677
   11761
   11922
   13004
   16506
   20140
   14734
   11735
   11612
   11720
   11669
   12160
   11895
   11678
   11735
   11755
   11614
   11465
   11199
   11197
   11434
   11719
   12015
   13910
   14060
   11907
   11390
   11665
   11589
   11644
   11620
   11976
   12439
   12956
   12340
   11652
   11502
   11524
   11347
   11460
   11359
   11435
   11429
   11711
   12436
   12286
   11885
   11379
   11744
   11715
   11517
   11317
   11560
   11786
   11743
   11527
   11630
   11428
   11433
   11655
   11654
   11732
   12478
   12346
   11863
   11572
   11563
   11730
   11855
   11717
   11691
   11593
   11635
   11700
   11801
   11449
   11876
   11846
   11958
   11850
   11874
   11837
   11812
   11680
   11953
   11873
   11958
   12318
   12185
   11922
   12439
   12339
   12478
   12336
   12091
   12326
   12621
   12833
   13680
   16338
   20990
   18307
   15173
   15513
   14269
   12762
   12386
   12603
   12383
   12147
   12419
   12408
   12357
   12590
   12742
   12500
   12704
   12273
   12408
   12538
   12468
   12470
   12389
   12763
   12370
   12702
   13039
   14668
   18391
   17398
   12635
   11499
   11304
   11200
   11344
   11436
   11384
   10893
   10824
   10642
   10799
   10707
   10659
   10672
   10443
   10717
   10663
   10355
   10529
   10658
   10341
   10409
   10277
   10513
   10362
   10602
   10282
   10400
   10501
   10528
   10506
   10262
   10247
   10368
   10438
   10412
   10566
   10308
   10312
   10292
   10345
   10320
   10067
   10218
   10188
   10220
   10081
   10193
   10004
   10188
    9959
   10093
   10218
   10063
    9995
   10068
   10193
   10076
    9984
   10150
   10032
    9944
   10085
   10025
   10130
    9962
   10141
   10070
   10141
   10200
    9996
   10203
   10163
    9943
    9933
   10158
   10112
   10004
   10183
   10151
   10246
    9834
    9976
   10109
   10139
   10334
   11039
   11939
   11619
   10214
    9965
   10007
    9779
    9853
   10135
    9959
   10088
   10030
   10025
    9865
    9744
    9831
    9890
    9804
    9821
    9924
   10113
    9943
    9995
   10759
   12036
   11573
   10380
   10467
   12481
   15379
   13833
   10310
    9736
    9432
    9489
    9809
    9839
    9828
   10057
   10619
   12007
   16177
   20990
   15796
   10573
    9639
    9753
    9646
    9630
    9553
    9594
    9586
    9518
    9404
    9610
    9290
    9521
    9494
    9477
    9371
    9666
    9616
    9431
    9551
    9499
    9614
    9513
    9535
    9839
    9679
   10045
   10478
   11023
   10910
    9936
   10005
    9692
   10002
   10021
   10767
   12654
   13697
   11720
   10154
   10334
   11002
   11663
   10686
   10057
    9916
   10126
   10099
   10061
    9911
   10132
    9933
    9927
    9976
    9974
   10050
    9992
   10237
    9967
   10169
   10124
   10116
   10000
   10263
   10159
   10224
   10238
   10444
   10360
   10398
   10247
   10480
   10262
   10330
   10362
   10365
   10468
   10422
   10493
   10412
   10613
   10834
   11591
   11490
   10821
   10376
   10160
   10325
   10159
    9839
    9777
    9786
    9814
   10396
   11419
   11260
    9895
    9335
    9561
    9975
   10133
    9483
    9371
    9676
    9787
   10406
   11040
   12373
   14349
   19283
   34613
   82850
  147171
  106635
   29225
   10203
    9041
    8937
    8756
    8841
    8726
    8586
    8651
    8532
    8636
    8566
    8522
    8530
    8432
    8645
    8498
    8539
    8749
    8607
    8393
    8445
    8264
    8237
    8316
    8156
    8258
    8214
    8267
    8201
    8382
    8309
    8434
    8419
    8367
    8551
    8939
   10450
   12060
   10599
    8670
    8267
    8262
    8235
    8376
    8234
    8154
    8250
    8291
    8081
    8093
    8184
    8116
    8237
    8189
    8027
    8167
    8194
    8078
    8285
    8388
    8192
    8167
    8163
    8205
    8271
    8330
    8313
    8335
    8365
    8515
    8244
    8327
    8351
    8496
    8757
    9230
    9960
    9918
    8896
    8354
    8451
    8294
    8538
    8465
    8549
    8628
    8641
    8541
    8515
    8469
    8584
    8649
    8597
    8739
    8725
    8677
    8747
    8754
    8804
    8928
    8853
    8999
    9113
    9558
    9757
   10484
   11914
   16556
   29526
   44550
   34802
   15219
    9828
    9217
    9275
    9520
    9805
    9752
    9372
    9079
    8955
    8803
    8777
    8771
    8520
    8558
    8529
    8145
    8268
    8210
    8091
    8050
    8072
    7827
    7864
    7965
    8018
    7863
    7868
    8015
    7780
    7807
    7705
    7779
    7901
    8062
    8279
    8295
    8085
    7924
    7828
    8123
    8299
    7714
    7284
    7211
    7008
    6945
    6935
    6636
    6484
    6543
    6401
    6220
    6292
    6334
    6242
    6121
    6230
    6141
    6100
    6114
    6249
    6972
    8504
    9489
    7868
    6364
    5948
    5929
    6010
    6137
    6514
    7477
    7817
    6548
    5984
    6054
    6096
    6431
    6092
    5643
    5518
    5546
    5498
    5614
    5463
    5554
    5529
    5340
    5343
    5371
    5422
    5458
    5264
    5316
    5292
    5374
    5390
    5306
    5359
    5188
    5284
    5182
    5265
    5325
    5157
    5297
    5217
    5378
    5216
    5354
    5617
    6029
    6483
    6998
    8114
    9905
   13896
   25001
   56173
  107091
  107086
   45584
   11157
    6001
    5595
    5216
    5156
    5019
    5004
    4748
    4837
    4794
    4864
    4566
    4678
    4676
    4565
    4553
    4546
    4501
    4483
    4359
    4548
    4365
    4395
    4436
    4428
    4272
    4364
    4577
    4795
    5314
    5037
    4708
    4262
    4200
    4197
    4138
    4219
    4407
    4737
    4558
    4143
    4115
    4082
    4182
    4096
    4297
    4477
    5104
    6743
    8978
    8868
    5910
    4198
    4060
    3903
    3895
    3787
    3831
    3870
    3831
    3761
    3756
    3643
    3724
    3718
    3679
    3741
    3704
    3812
    3772
    3753
    3721
    3755
    3795
    3610
    3589
    3659
    3656
    3546
    3715
    3652
    3557
    3674
    3692
    3622
    3639
    3659
    3633
    3557
    3681
    3569
    3747
    3673
    3741
    3777
    3621
    3693
    3566
    3643
    3667
    3707
    3627
    3672
    3744
    3822
    3755
    3625
    3629
    3668
    3737
    3689
    3559
    3601
    3649
    3586
    3700
    3640
    3669
    3652
    3633
    3619
    3692
    3679
    3676
    3626
    3700
    3822
    3707
    3624
    3598
    3736
    3679
    3680
    3764
    3862
    3668
    3754
    3699
    3706
    3672
    3811
    4099
    4181
    4448
    4680
    5255
    5757
    7192
   10008
   17140
   36371
   66353
   72910
   37391
   12296
    9928
   14263
   14665
    8642
    4652
    3812
    3681
    3611
    3598
    3552
    3607
    3554
    3665
    3628
    3661
    3676
    3660
    3695
    3800
    3994
    4027
    4377
    4716
    5313
    6250
    8135
   11526
   18643
   37387
   72627
   90198
   54155
   16025
    5296
    4340
    4075
    3945
    3892
    3963
    3854
    3972
    4057
    4593
    5618
    6233
    4972
    3973
    3729
    3761
    3815
    3604
    3625
    3715
    3689
    3841
    3603
    3619
    3708
    3766
    3683
    3679
    3708
    3564
    3774
    3719
    3658
    3736
    3693
    3731
    3721
    3727
    3714
    3725
    3825
    4040
    3712
    3897
    3798
    3970
    3917
    3970
    4051
    4039
    3964
    4056
    4005
    4018
    3971
    4114
    3933
    4022
    3955
    3958
    4220
    4001
    4191
    4152
    4224
    4071
    4075
    4079
    4238
    4265
    4417
    4465
    4552
    4330
    4204
    4292
    4222
    4202
    4305
    4233
    4381
    4397
    4297
    4313
    4348
    4302
    4349
    4378
    4276
    4296
    4267
    4187
    4133
    4116
    4060
    3998
    3754
    3659
    3454
    3502
    3301
    3108
    3024
    2991
    2945
    3005
    2912
    2745
    2767
    2648
    2679
    2696
    2615
    2634
    2663
    2644
    2665
    2655
    2631
    2783
    3003
    3192
    4341
    6518
    9329
    8980
    5488
    3049
    2459
    2415
    2390
    2362
    2299
    2335
    2266
    2264
    2307
    2316
    2290
    2321
    2264
    2204
    2221
    2223
    2196
    2202
    2296
    2446
    2641
    2922
    3574
    4000
    3326
    2346
    2142
    2040
    1940
    1972
    1950
    2007
    1987
    1971
    1948
    1954
    1840
    1931
    1992
    1961
    2020
    2121
    2553
    2917
    2646
    2113
    1965
    1786
    1752
    1812
    1691
    1707
    1753
    1736
    1695
    1728
    1782
    1796
    1866
    1633
    1677
    1537
    1529
    1530
    1559
    1499
    1520
    1504
    1549
    1564
    1670
    1642
    1818
    2374
    2785
    2546
    1803
    1496
    1372
    1301
    1337
    1320
    1285
    1268
    1259
    1193
    1229
    1199
    1218
    1237
    1135
    1200
    1188
    1239
    1227
    1299
    1432
    1772
    1722
    1550
    1460
    1541
    2034
    3127
    5371
    8289
    8317
    4718
    1800
    1111
    1032
    1070
    1038
    1003
    1009
     975
     949
     928
     909
     913
     888
     907
     870
     838
     859
     838
     789
     795
     801
     772
     750
     744
     734
     793
     738
     690
     696
     724
     711
     719
     685
     681
     701
     630
     677
     668
     668
     684
     679
     765
     823
     769
     725
     636
     652
     615
     634
     583
     615
     606
     647
     575
     623
     613
     605
     613
     654
     609
     643
     615
     583
     540
     585
     568
     562
     578
     558
     563
     565
     532
     523
     567
     568
     565
     537
     602
     652
     620
     654
     604
     572
     563
     516
     550
     534
     537
     539
     515
     572
     527
     487
     534
     488
     458
     532
     535
     535
     540
     538
     510
     532
     544
     531
     508
     516
     540
     525
     501
     554
     511
     519
     579
     570
     527
     540
     550
     515
     597
     597
     669
     726
     741
     796
     979
    1252
    1707
    2241
    3187
    4670
    7830
   14950
   31004
   60917
   88657
   79004
   36894
    8880
    1916
    1073
     889
     859
     735
     674
     628
     625
     518
     553
     506
     486
     457
     438
     421
     392
     397
     384
     355
     334
     363
     374
     376
     341
     309
     316
     357
     392
     441
     495
     433
     298
     249
     279
     304
     300
     301
     285
     279
     244
     277
     284
     303
     283
     298
     314
     335
     356
     326
     244
     289
     305
     328
     438
     438
     461
     758
    1180
    1948
    2463
    1925
     960
     370
     300
     273
     222
     204
     195
     201
     190
     182
     206
     186
     194
     152
     200
     179
     218
     164
     185
     179
     188
     169
     174
     197
     186
     196
     189
     218
     214
     241
     229
     224
     200
     177
     168
     179
     188
     210
     235
     177
     229
     255
     265
     267
     243
     216
     207
     172
     181
     187
     152
     154
     180
     167
     173
     164
     180
     181
     146
     148
     155
     145
     157
     169
     167
     170
     164
     165
     156
     191
     165
     171
     173
     200
     186
     156
     174
     185
     226
     240
     254
     242
     303
     382
     517
     789
    1352
    2125
    2906
    3395
    2679
    1331
     379
     157
     124
     109
     107
     122
     113
      97
     120
      83
     110
     102
      97
     104
      93
      90
      84
      80
      95
      93
      76
      88
      93
     107
      87
      85
      99
      88
      98
      85
      91
      91
      83
      77
      91
      78
     101
      80
      93
      80
      94
      81
      81
      98
      79
      77
      83
      94
      80
      99
      90
      74
      76
      71
      75
      75
      82
      97
     109
     129
     133
     110
      86
      89
      69
      67
      82
      73
      68
      95
      77
      68
      67
      51
      74
      86
      60
      88
       0
       0
       0
       0
       0
       0
       0
       0
       0
       0
       0
       0
       0
       0
       0
       0
       0
       0
       0
       0
       0
       0
       0
       0
       0
       0
       0
       0
       0
       0
       0
       0
$ROI:
0
$PRESETS:
None
0
0
$ENER_FIT:
-10.025118 0.801508
$MCA_CAL:
3
-1.002512E+001 8.015075E-001 0.000000E+000 keV
$SHAPE_CAL:
3
0.000000E+000 0.000000E+000 0.000000E+000
