$SPEC_ID:
No sample description was entered.
$SPEC_REM:
DET# 2
DETDESC# ALPHA COUNTER
AP# Maestro Version 7.01
$DATE_MEA:
04/05/2018 14:31:06
$MEAS_TIM:
300 300
$DATA:
0 2047
       0
       0
       0
       0
       0
       0
       0
       0
       0
       0
       0
       0
       0
       0
       0
       0
       0
       0
       0
       0
       0
       0
       0
       0
      32
      39
      34
      27
      32
      38
      36
      30
      21
      24
      33
      34
      41
      29
      24
      31
      29
      37
      26
      19
      18
      29
      29
      22
      25
      36
      32
      20
      30
      26
      21
      25
      27
      35
      30
      37
      24
      33
      24
      27
      27
      21
      23
      23
      23
      20
      32
      27
      26
      34
      36
      21
      27
      28
      15
      33
      31
      31
      20
      17
      27
      29
      24
      24
      29
      38
      31
      37
      37
      39
      87
      40
      30
      23
      31
      29
      28
      23
      24
      15
      23
      29
      55
      42
      32
      26
      33
      27
      21
      25
      31
      32
      31
      23
      22
      23
      14
      17
      25
      25
      31
      25
      25
      33
      27
      26
      30
      28
      15
      22
      20
      14
      29
      26
      15
      18
      24
      19
      21
      25
      25
      19
      19
      21
      22
      34
      28
      32
      27
      21
      28
      31
      17
      27
      20
      29
      23
      18
      25
      30
      22
      30
      32
      25
      21
      29
      25
      23
      22
      44
     181
     106
      25
      28
      21
      21
      15
      30
      22
      21
      26
      26
      28
      36
      20
      24
      22
      26
      29
      29
      27
      24
      27
      33
      31
      37
      30
      33
      21
      29
      25
      25
      27
      30
      33
      30
      26
      19
      32
      29
      26
      21
      31
      37
      26
      21
      32
      28
      26
      22
      23
      33
      21
      23
      26
      20
      26
      23
      22
      29
      27
      22
      24
      25
      28
      27
      24
      33
      21
      25
      25
      20
      23
      17
      19
      26
      22
      27
      23
      21
      19
      22
      13
      25
      19
      13
      24
      20
      17
      19
      21
      24
      18
      18
      22
      26
      18
      24
      16
      24
      25
      21
      14
      19
      16
      28
      25
      21
      25
      29
      19
      21
      18
      15
      14
      16
      26
      16
      23
      21
      18
      31
      15
      13
      20
      26
      13
      21
      23
      21
      27
      15
      21
      17
      19
      21
      14
      14
       8
      13
      20
      16
      25
      17
      19
      14
      12
      12
      22
      26
      27
      15
      20
      17
      20
      14
      14
      14
      13
      12
       7
       7
      12
      17
       8
      11
      14
      15
      11
      18
      14
      13
      12
      22
       9
       6
      10
      12
      11
      11
      10
       8
       8
      14
      14
       6
      16
      10
      10
      12
      16
       8
      10
       4
      14
      14
      13
      14
       6
       8
      10
       6
      11
       3
      12
       5
      14
      15
       9
      16
      21
      11
       8
      12
      10
      13
      15
      14
       4
      12
      10
      13
       9
       9
       9
      12
      14
       8
       9
      10
      10
      10
       5
      13
      16
      15
      10
       9
       8
      14
      12
       9
      12
       8
      13
      13
       8
      11
       8
      24
     214
     428
      82
       8
       7
       5
       9
       8
      10
       9
      13
      10
       8
       1
       8
       9
      15
       8
       7
       8
       9
       9
      13
       7
       6
      21
       8
      10
      12
       8
       5
       7
      10
      11
       5
       3
       7
       8
       8
       9
       7
      14
       5
       2
       8
      11
       3
       8
       6
       5
       6
      10
       6
       3
       8
       9
       9
       9
      10
       5
       9
      12
       6
       6
      11
       7
       8
       5
       7
       7
      15
      33
      17
       4
       9
       2
      16
      12
       3
       6
       6
       9
       9
       7
       7
       6
       2
       3
       7
       6
       6
       7
      11
       6
      11
       5
       8
       5
       2
      14
      10
      26
     157
     308
     101
       7
       4
       5
       3
       6
       6
       5
       7
       5
      11
       7
       4
      11
       8
       9
       2
       4
       2
       7
       9
       9
       6
       6
      10
       6
       3
       3
       2
       9
       5
       3
       6
       7
       9
       5
       8
       9
       7
       7
       8
       6
       6
       2
       6
       2
       9
       4
       6
       4
       4
       8
       6
       4
       5
       4
       6
       8
      14
       8
       4
      13
       9
       8
       9
       4
       8
       3
       7
       7
       5
       3
       6
       7
       7
       2
       7
       6
       4
       6
       3
      12
       7
       5
       4
       7
       8
       3
       7
       7
       5
       9
       4
       5
       8
       2
       5
       8
       7
       4
       6
       6
       6
       7
       3
       8
       9
       4
       3
       6
       9
       3
       3
       8
       2
       6
       5
       8
       6
       8
       7
       5
       3
       6
       1
       7
       7
       4
       7
       6
       5
       5
       6
      12
       8
       8
       9
       8
       4
      10
      10
       3
       5
       5
      12
       6
       4
       3
       8
       5
       3
       5
       5
       6
       3
       4
       1
       4
       5
       5
      15
       7
       6
       7
      10
       4
       8
       6
       6
       8
       7
       5
       4
       7
       9
       7
       6
       7
       8
      10
       4
       5
       6
       7
       6
       6
       9
       2
       7
       7
       7
       5
       3
       7
       5
       6
       4
       8
       4
       3
       4
       1
       2
       5
       5
      10
       7
       7
       5
      12
       6
       9
       7
       6
       3
       7
       7
       4
       4
       4
       9
      10
      10
       7
       4
      11
      13
       3
       6
       5
       6
       3
       9
       4
       3
       5
       9
       9
       6
       3
       5
       4
       5
       9
      11
       4
       8
       6
       9
       6
       8
       2
       7
      11
       5
       5
      10
       8
      10
       5
       3
       7
       9
       2
       8
       9
       6
       5
       6
       3
       8
       6
       3
       7
       7
       4
       9
       2
       2
       7
       6
       3
       2
       5
       9
       5
       6
       6
       4
       7
       4
       9
       8
       3
       6
       7
       9
       3
       7
       8
       5
       4
      11
       6
       5
       6
       1
       8
       0
       7
       3
       5
       5
       6
       5
       2
       5
       6
       7
       3
       8
       1
       4
       2
       8
       5
       6
       8
       6
      11
       3
       4
       3
       5
       9
       4
       4
      10
       4
       3
       5
       8
       3
       7
      10
      10
       6
       6
       9
       2
       6
       6
       6
       7
       5
       7
       3
       5
       3
       5
       3
       8
       4
       3
       6
      10
      10
       7
       4
       8
       2
       3
       5
       4
       8
       2
       4
       3
       3
       9
      11
       5
       4
       3
       2
       5
       7
       4
       2
       7
       5
       7
       3
       4
       5
       3
       4
       3
       6
       5
       1
      10
       6
       5
       7
       9
       5
       7
       3
       9
       5
       3
       5
       3
       3
       6
       4
       3
       5
       2
       4
       3
       7
       2
       2
       8
       2
       5
       5
       8
      10
       7
       6
       5
       6
      11
       5
       8
       7
       6
       6
       4
       4
       5
       5
       8
       9
       7
       8
       7
       4
       4
       6
       8
       9
       6
       9
       9
      13
       6
       5
       7
       1
       7
       5
       4
       3
       4
       8
       6
       5
       6
       3
       5
       6
       6
       6
       8
       8
       3
       5
       6
       8
       4
       6
       7
       7
       7
      10
       5
       4
       6
      10
       8
       5
       7
       6
       4
       6
       5
       5
       6
       1
       5
      11
       8
      18
      49
      39
      18
       4
       9
       8
       6
       3
      10
       4
       6
       7
       5
       4
       6
       2
       6
       8
       8
       6
      14
       5
       7
       5
       7
       7
      10
       7
       7
       9
       5
       3
       5
       8
       9
       6
       9
       3
       8
       9
      10
       4
       4
       7
      11
       7
       3
       8
       4
      10
       5
      12
       7
      11
       3
       4
       8
      10
       7
      11
       8
       8
       7
       8
       8
       6
       6
      17
      10
      11
      12
       5
       7
       9
       5
       3
       9
      11
       8
       9
       8
       3
       7
       9
       8
       2
       4
       6
       3
       5
       8
       8
       4
       7
       8
       5
       5
      13
       2
       4
       3
       6
       3
       7
       1
       2
       4
       8
       4
       4
       7
       4
       4
      11
       7
       3
       6
       4
       3
       2
       3
       6
       2
      10
       9
       8
       9
       5
       3
       7
       6
      12
       7
       9
       6
       1
       8
       5
       6
       3
       7
       8
       6
       5
       7
       9
       3
       8
       8
       7
       5
       7
       3
       4
       5
       3
       7
       3
       9
       3
       4
       9
       6
       3
       8
       9
       6
       6
       3
       6
       5
       3
       4
       7
       5
       8
       3
       6
       8
       8
       5
       6
       4
       6
       2
       7
       1
       4
       4
       6
       7
       3
       2
       6
       4
       8
       3
       1
       7
       2
       2
       4
       6
       7
       6
       3
       5
       5
       5
       9
       5
       5
       4
       4
       4
       7
       3
      12
       2
       2
       4
       5
       3
       3
       1
       4
       7
      10
       4
       4
       7
       2
       6
       5
       5
       5
       5
       7
       3
       3
       8
       8
      10
       3
       2
       1
       9
       5
       5
       8
       3
       6
       3
       3
       4
      10
       1
       8
       1
       5
       8
       7
       6
       6
       9
       2
       3
       6
       7
       3
       4
       6
       6
       5
       9
       1
       4
       4
       7
       6
       6
       9
       6
       3
       3
       9
       4
       4
       7
       4
       5
       3
       8
       5
       6
       9
       6
       3
       6
       4
       6
       9
       3
       4
       3
       6
       7
       7
       8
       7
      10
       7
       5
       7
       8
       6
       6
       4
       6
       8
       8
       7
      10
       9
       9
       7
       4
       5
       7
       5
       4
       2
       4
       3
       4
       1
       4
       4
       4
       6
       5
       7
       4
       5
       7
       9
       7
       3
       4
       8
      19
      32
     104
     137
      95
      29
       6
       3
       2
       4
       3
       1
       5
       2
       2
       4
       2
       3
       2
       3
       2
       1
       6
       4
       4
       0
       0
       4
       2
       3
       4
       4
       2
       1
       3
       2
       1
       3
       4
       2
       3
       1
       3
       0
       1
       4
       2
       5
       1
       1
       5
       2
       2
       3
       5
       6
       0
       1
       3
       1
       5
       1
       3
       5
       1
       3
       0
       1
       2
       2
       4
       1
       2
       2
       3
       3
       3
       1
       1
       1
       2
       4
       2
       2
       1
       3
       0
       1
       3
       1
       1
       4
       0
       3
       2
       0
       1
       2
       0
       4
       2
       2
       2
       0
       2
       2
       2
       5
       4
       1
       1
       2
       1
       4
       1
       0
       0
       0
       1
       2
       1
       0
       1
       0
       1
       1
       0
       2
       3
       2
       1
       3
       3
       3
       4
       3
       3
       0
       1
       1
       3
       1
       0
       1
       2
       0
       1
       0
       1
       1
       2
       2
       2
       3
       2
       0
       0
       3
       2
       0
       2
       0
       4
       1
       2
       0
       1
       1
       0
       1
       1
       0
       2
       7
       1
       2
       5
       0
       3
       4
       0
       1
       0
       2
       0
       1
       3
       2
       2
       1
       2
       0
       0
       3
       0
       0
       1
       4
       5
       2
       1
       1
       1
       1
       2
       1
       3
       0
       1
       2
       0
       0
       1
       3
       1
       0
       1
       0
       1
       1
       1
       1
       0
       0
       4
       3
       1
       0
       1
       1
       1
       1
       1
       2
       3
       4
       4
       3
       1
       1
       1
       2
       1
       1
       4
       2
       8
       9
      13
      38
      82
     144
     138
      52
      10
       3
       1
       1
       2
       2
       0
       2
       1
       1
       1
       2
       0
       0
       3
       1
       2
       2
       1
       1
       1
       0
       1
       0
       0
       0
       0
       0
       1
       2
       1
       4
       2
       0
       0
       1
       4
       0
       0
       0
       0
       0
       1
       2
       0
       1
       0
       0
       1
       1
       1
       3
       1
       0
       1
       1
       0
       1
       2
       1
       1
       1
       0
       1
       0
       1
       0
       0
       0
       1
       3
       1
       0
       0
       0
       0
       1
       1
       1
       1
       3
       0
       2
       0
       0
       1
       0
       2
       0
       1
       0
       0
       0
       1
       0
       0
       0
       0
       2
       0
       1
       1
       1
       0
       0
       1
       1
       1
       0
       0
       0
       0
       0
       0
       0
       0
       0
       1
       1
       0
       0
       0
       0
       1
       0
       0
       0
       1
       1
       1
       1
       1
       1
       0
       2
       0
       1
       1
       1
       0
       1
       0
       1
       0
       0
       0
       0
       1
       1
       1
       0
       0
       0
       1
       1
       1
       1
       1
       0
       1
       0
       4
       1
       0
       0
       0
       0
       0
       0
       1
       1
       1
       0
       1
       0
       1
       1
       1
       0
       0
       1
       2
       1
       0
       0
       1
       1
       1
       1
       1
       0
       0
       1
       1
       0
       0
       2
       1
       1
       0
       0
       1
       0
       0
       1
       1
       0
       1
       5
       2
       5
       0
       0
       1
       0
       0
       0
       0
       0
       0
       0
       0
       0
       0
       0
       0
       0
       0
       2
       0
       1
       1
       0
       0
       0
       1
       0
       0
       0
       0
       0
       4
       0
       0
       0
       1
       0
       0
       1
       1
       1
       1
       0
       1
       2
       0
       1
       1
       1
       0
       0
       0
       0
       1
       3
       2
       7
      11
      17
      10
       5
       2
       1
       1
       0
       2
       0
       0
       1
       1
       0
       0
       0
       0
       0
       0
       0
       2
       1
       1
       0
       1
       1
       0
       3
       0
       0
       0
       0
       0
       0
       0
       0
       0
       0
       1
       0
       0
       1
       0
       0
       0
       0
       0
       0
       0
       0
       0
       0
       0
       1
       1
       1
       0
       0
       0
       1
       0
       0
       1
       0
       1
       1
       1
       0
       1
       0
       0
       0
       0
       0
       1
       0
       1
       1
       0
       0
       1
       1
       0
       0
       1
       0
       0
       0
       0
       0
       0
       1
       1
       0
       0
       0
       0
       0
       0
       0
       1
       0
       0
       0
       0
       0
       0
       0
       0
       0
       0
       0
       0
       0
       0
       0
       0
       0
       0
       0
       0
       0
       0
       0
       0
       0
       0
       0
       0
       0
       0
       0
       0
       0
       0
       0
       0
       0
       0
       0
       0
       0
$ROI:
0
$PRESETS:
None
0
0
$ENER_FIT:
-10.025118 0.801508
$MCA_CAL:
3
-1.002512E+001 8.015075E-001 0.000000E+000 keV
$SHAPE_CAL:
3
0.000000E+000 0.000000E+000 0.000000E+000
