$SPEC_ID:
No sample description was entered.
$SPEC_REM:
DET# 2
DETDESC# ALPHA COUNTER
AP# Maestro Version 7.01
$DATE_MEA:
04/05/2018 14:44:33
$MEAS_TIM:
299 300
$DATA:
0 2047
       0
       0
       0
       0
       0
       0
       0
       0
       0
       0
       0
       0
       0
       0
       0
       0
       0
       0
       0
       0
       0
       0
       0
       4
      47
      43
      43
      33
      43
      49
      52
      32
      32
      33
      43
      49
      36
      38
      39
      38
      33
      35
      26
      37
      46
      30
      40
      33
      31
      35
      35
      45
      35
      40
      21
      32
      33
      42
      28
      35
      30
      28
      31
      29
      38
      34
      26
      38
      34
      35
      32
      31
      22
      35
      31
      24
      30
      36
      33
      34
      36
      31
      40
      27
      28
      32
      25
      29
      35
      33
      38
      53
      40
      34
      78
      44
      37
      40
      28
      29
      33
      30
      26
      24
      18
      37
      47
      54
      33
      40
      34
      33
      18
      24
      32
      28
      29
      39
      29
      28
      34
      23
      35
      29
      18
      30
      29
      23
      19
      23
      28
      16
      28
      23
      25
      40
      23
      33
      28
      19
      21
      26
      26
      32
      33
      34
      30
      24
      18
      32
      28
      28
      40
      41
      23
      22
      26
      28
      31
      27
      22
      32
      23
      33
      33
      32
      37
      37
      25
      30
      31
      33
      42
      41
     199
      99
      21
      16
      29
      31
      20
      27
      39
      38
      32
      41
      47
      36
      19
      38
      28
      44
      32
      37
      39
      33
      45
      37
      32
      34
      45
      37
      29
      33
      36
      32
      28
      29
      28
      27
      39
      36
      31
      33
      22
      28
      44
      31
      24
      23
      36
      26
      32
      34
      37
      36
      35
      37
      29
      25
      37
      32
      28
      33
      44
      33
      32
      29
      27
      34
      29
      25
      20
      29
      24
      25
      33
      23
      24
      23
      23
      19
      25
      21
      26
      29
      35
      15
      23
      25
      19
      26
      22
      18
      16
      27
      38
      25
      24
      27
      25
      21
      25
      23
      23
      25
      27
      24
      31
      18
      30
      19
      26
      25
      33
      26
      23
      28
      22
      25
      17
      22
      27
      15
      28
      23
      20
      13
      18
      28
      14
      26
      23
      20
      16
      17
      25
      23
      21
      21
      16
      19
      21
      19
      26
      20
      21
      23
      25
      13
      26
      20
      25
      22
      20
      15
      13
      16
      19
       9
      18
      10
      15
      19
      12
      17
      12
      14
      16
      19
      15
      15
      18
      19
      15
      16
      29
      16
      14
       8
      22
      18
      12
      12
      11
      15
      12
      13
       9
       9
       7
      14
      13
      20
      11
       9
      16
      13
      12
      14
       7
       9
      18
      10
      16
      11
      13
      13
      11
      11
      10
      12
      21
      17
      14
       8
      16
      14
      12
      10
       8
       9
      15
      10
      12
       9
      14
      11
       9
       6
      13
      12
      12
      12
      15
      15
      15
       9
      10
       6
      11
      12
       6
      20
       8
       5
      11
      13
      12
      13
      12
       8
      13
      42
     385
     666
     164
      13
       7
       7
       5
       7
       9
       5
       3
      12
       6
       9
       6
       8
       4
       6
      12
       8
       8
       7
       8
      15
      10
      13
      12
       4
      10
       8
       9
       9
       9
      11
       6
       6
       9
       8
      10
       7
       5
      11
       5
      10
       8
      10
       7
      12
       8
       6
       7
       6
      11
       7
       6
       5
      10
      12
       6
       9
       2
      10
       5
       7
       9
      10
      12
      12
       8
       8
      26
      53
      22
      15
      13
       7
       9
       5
       8
       9
       8
       7
       7
      12
       9
      12
       7
       9
       5
       9
       5
       6
       8
      11
       8
       7
       6
       6
       8
      10
       7
      23
     162
     337
     117
       9
       7
       8
       9
       6
       6
       2
       6
       2
       6
       6
       7
       4
       6
       4
       8
       7
       8
       9
       4
       7
       4
       8
       2
       5
       6
       7
       6
       2
       6
       9
       6
       8
       4
       9
       7
      12
       4
       8
       5
       8
       9
       6
       4
       6
       4
      10
       4
       7
       9
      10
      10
       4
       7
       5
       6
      16
      10
      11
       6
       2
       9
       4
       6
       8
       6
      10
      11
       6
       5
       7
       9
       6
       5
       3
       8
       6
       9
       3
       5
      11
       6
       5
       7
       2
       2
      10
      10
       6
       8
       2
       4
       5
       8
       3
       5
       4
       5
       8
       6
       7
      13
      10
       6
      12
       3
       5
       2
       3
      12
       8
       6
       7
       6
      10
       8
       9
      14
      11
       5
       6
       3
       4
       5
       7
       6
       2
       5
       6
       2
       7
       8
       8
       8
       6
       8
       4
       5
      10
       7
       9
       8
       7
       8
       6
       4
      11
       6
       9
       3
       0
       7
       3
       8
       4
       3
       9
       6
       7
       3
       6
       5
       8
       7
      10
       5
       4
       7
       9
       7
      11
       5
      10
       8
       4
      10
       3
       6
       2
       6
       3
       4
       9
       5
       4
      11
      14
       6
       4
       6
       5
      10
       6
       4
      10
       3
       8
       4
       7
       9
       7
      11
       3
       8
       1
       5
       5
       7
       9
       9
       9
       9
       5
       9
       6
       7
       7
       5
       8
       8
       6
       6
       9
       7
       6
       6
       5
       3
       4
       6
       2
       7
       6
       3
       5
       7
       6
       4
       9
       7
       7
       7
       7
       5
       5
       4
       6
       5
       6
       6
       7
      14
      10
       2
       3
       6
       5
       6
       6
       8
       5
       7
       6
       5
       3
       6
       6
       6
       2
       4
       9
       7
       7
       3
       4
       6
      10
       8
       8
       4
       6
       7
       9
       4
       5
       2
       7
       5
       4
       4
       9
       4
       5
      10
       8
      10
       3
       8
       5
       9
       4
      10
       3
       2
       6
       9
       7
       3
       6
       3
       4
       5
       4
       5
       7
       5
      11
       7
       8
       6
       7
       4
       5
       9
       7
       7
       5
       6
       3
       1
       8
       6
       6
       8
       4
       7
       2
       9
       6
       3
       6
       9
       6
       7
       6
       4
       7
       3
       4
      10
       4
       7
       6
       7
       4
       6
       5
       4
       4
       5
       7
       8
       2
       4
       8
       4
       5
       0
       6
       4
       6
       2
       7
       5
       2
       6
       7
       7
       1
       6
       5
       3
       4
       4
       1
       9
       6
       8
       6
       9
       9
       5
       5
      14
       4
       7
       5
       6
       6
       5
       3
       5
       5
      10
       9
      10
      10
       6
       5
       2
       6
       7
       7
      10
       3
       7
       9
       7
       5
       8
       7
       5
       1
       5
       8
       5
       9
       7
       8
       6
       9
       6
       4
       7
       7
       3
       4
       2
       6
       8
       8
       3
       5
      19
       5
       9
       5
       4
       6
       4
       1
       8
       6
       5
       4
       2
       8
       8
       8
       8
       6
       5
       7
       6
      11
       5
       6
       7
       9
       3
      11
       7
       3
       6
      11
       5
       5
       6
       5
       4
       5
       9
       9
       6
       8
       3
       7
       8
       5
       7
      11
       7
       6
       6
       4
       9
      10
       3
       7
       7
       8
       0
       6
       3
       8
      25
      62
      50
      15
       8
       7
       5
       6
       6
       9
      10
       4
       9
       6
       7
      11
      10
       8
       5
       9
       7
       8
       5
       7
       4
      12
      12
       4
       8
      10
       7
       6
       5
       6
       6
       9
       7
      11
       8
       7
      10
       6
       5
       7
       5
       5
      12
      11
      14
       6
      13
      11
       9
       4
      10
       6
       8
      15
       4
       4
      11
       4
       5
       7
      10
       2
       6
       5
       8
       8
      10
      13
       6
       7
       9
       7
       9
      11
       8
      10
       7
       9
      12
       7
       7
       4
       9
       6
       8
      11
       4
       9
       7
      12
       3
       5
      10
       5
       5
       4
       5
       6
       6
       6
       5
       8
       5
       7
      11
       8
       7
       5
      10
       4
       8
       7
       7
       7
      11
       3
       7
       4
       6
       3
       2
      11
       3
       7
       5
       4
      10
       4
       4
       4
       6
       9
       4
       8
       8
       8
       5
       7
       6
       8
       9
       8
       3
       5
      10
       5
       1
       5
       6
       9
       2
       5
       7
       2
       3
       6
       8
       3
       4
       3
       6
       8
       5
       6
       7
       4
       9
       7
       6
       4
       5
       9
       5
       3
       2
       6
       2
       5
       6
       6
       5
       3
       6
       5
       4
       3
       6
       3
       7
       7
       5
       5
       7
       5
       5
       5
       8
       5
       1
       4
       4
       4
       7
       4
       3
       9
       4
       2
       5
       9
       9
      10
       5
       5
       1
       1
       6
       0
       4
       7
      11
       7
       6
       5
       8
       6
       3
       7
       5
       4
       6
       2
       8
       4
       2
       6
       7
       5
       7
       3
       7
       6
       6
       8
       3
       5
       8
       7
       6
       7
       8
       3
       7
       9
       7
       8
       7
       3
       7
       3
       6
       6
       9
       8
       9
       5
       5
       5
       8
       7
       8
       8
       6
       9
       6
       2
       5
       6
       2
       5
       4
       2
       8
       3
       6
       3
       4
      10
       3
       4
       5
       5
       7
       7
       5
       4
       6
       6
       2
       8
      11
       4
       4
       6
       9
       7
       9
       7
       8
       3
       6
      11
       5
       6
       8
       8
       6
       5
       8
       8
       8
       9
      13
       9
       5
       6
       6
       4
       3
       7
       7
       1
       3
       6
       7
       4
       5
       3
       2
       7
       5
       5
       9
       2
       3
      10
       4
      12
      52
     101
     167
     109
      25
       6
       6
       4
       5
       3
       4
       7
       3
       4
       1
       4
       1
       3
      10
       4
       3
       4
       5
       4
       3
       1
       1
       3
       3
       5
       3
       3
       6
       4
       5
       4
       5
       5
       1
       4
       6
       1
       5
       3
       3
       3
       4
       3
       3
       1
       2
       1
       4
       3
       0
       3
       1
       2
       6
       6
       1
       3
       3
       3
       6
       3
       2
       1
       1
       4
       5
       5
       5
       3
       1
       3
       3
       0
       4
       2
       3
       1
       1
       3
       3
       2
       2
       2
       2
       2
       2
       3
       2
       2
       1
       2
       3
       3
       0
       4
       1
       2
       2
       2
       0
       1
       0
       2
       4
       3
       2
       1
       3
       1
       1
       1
       2
       2
       2
       2
       1
       1
       1
       0
       0
       3
       1
       0
       1
       2
       4
       1
       1
       1
       2
       1
       0
       2
       0
       1
       2
       0
       4
       1
       3
       0
       0
       2
       2
       1
       2
       0
       3
       2
       1
       3
       1
       0
       0
       1
       3
       3
       1
       4
       1
       2
       0
       1
       4
       1
       0
       2
       4
       0
       4
       2
       5
       1
       0
       2
       2
       5
       2
       1
       2
       1
       0
       1
       2
       3
       1
       2
       2
       5
       1
       1
       0
       4
       3
       1
       1
       2
       0
       1
       3
       3
       0
       1
       4
       0
       1
       1
       1
       1
       1
       4
       1
       2
       3
       0
       2
       1
       3
       3
       4
       2
       3
       1
       3
       1
       3
       1
       3
       1
       2
       5
       2
       4
       3
       4
       0
       2
       3
       2
       3
       8
       5
       8
      38
      97
     158
     143
      48
      11
       2
       0
       0
       0
       1
       2
       1
       1
       1
       3
       0
       0
       0
       1
       1
       0
       0
       0
       1
       1
       1
       1
       2
       1
       0
       0
       0
       3
       0
       0
       1
       2
       0
       0
       0
       1
       1
       0
       2
       0
       1
       0
       0
       1
       1
       0
       0
       1
       0
       1
       1
       1
       0
       0
       1
       1
       2
       0
       0
       2
       2
       0
       2
       1
       3
       2
       0
       1
       1
       1
       0
       0
       0
       1
       0
       1
       0
       0
       0
       2
       2
       0
       1
       0
       1
       1
       2
       3
       0
       1
       1
       0
       0
       2
       2
       0
       0
       0
       0
       0
       0
       1
       0
       0
       0
       1
       0
       0
       0
       1
       1
       2
       0
       0
       2
       1
       1
       0
       0
       2
       3
       0
       1
       1
       0
       0
       0
       0
       1
       0
       0
       0
       1
       0
       0
       0
       2
       1
       0
       1
       0
       2
       1
       1
       0
       0
       1
       2
       0
       0
       2
       0
       0
       0
       0
       0
       0
       2
       1
       0
       0
       1
       0
       1
       1
       0
       1
       0
       1
       1
       1
       0
       1
       0
       0
       1
       1
       0
       0
       0
       0
       0
       3
       1
       0
       0
       0
       0
       1
       1
       0
       4
       2
       1
       0
       1
       0
       2
       1
       1
       1
       0
       0
       0
       1
       0
       1
       0
       7
       3
       0
       1
       1
       0
       0
       0
       0
       1
       1
       0
       1
       0
       0
       0
       0
       1
       2
       2
       0
       0
       0
       0
       0
       0
       1
       2
       0
       0
       0
       0
       4
       0
       0
       1
       1
       1
       1
       1
       0
       1
       0
       0
       1
       1
       2
       1
       0
       2
       0
       0
       0
       2
       0
       1
       2
       6
      14
      12
      12
       7
       1
       0
       0
       0
       0
       2
       0
       0
       0
       1
       1
       0
       0
       1
       0
       0
       1
       2
       2
       1
       0
       0
       1
       2
       0
       1
       1
       0
       0
       0
       1
       0
       2
       1
       0
       0
       1
       1
       0
       1
       0
       0
       0
       0
       0
       1
       1
       2
       1
       0
       0
       1
       1
       0
       0
       1
       1
       2
       0
       1
       0
       0
       0
       0
       0
       0
       0
       0
       0
       1
       0
       1
       0
       1
       0
       0
       0
       0
       0
       1
       0
       1
       1
       0
       1
       0
       0
       0
       0
       0
       0
       0
       0
       0
       0
       0
       0
       0
       0
       0
       1
       3
       2
       1
       0
       1
       0
       0
       0
       0
       0
       0
       0
       0
       0
       0
       0
       0
       0
       0
       0
       0
       0
       0
       0
       0
       0
       0
       0
       0
       0
       0
       0
       0
       0
       0
       0
       0
$ROI:
0
$PRESETS:
None
0
0
$ENER_FIT:
-10.025118 0.801508
$MCA_CAL:
3
-1.002512E+001 8.015075E-001 0.000000E+000 keV
$SHAPE_CAL:
3
0.000000E+000 0.000000E+000 0.000000E+000
