$SPEC_ID:
No sample description was entered.
$SPEC_REM:
DET# 2
DETDESC# ALPHA COUNTER
AP# Maestro Version 7.01
$DATE_MEA:
04/05/2018 14:37:44
$MEAS_TIM:
300 301
$DATA:
0 2047
       0
       0
       0
       0
       0
       0
       0
       0
       0
       0
       0
       0
       0
       0
       0
       0
       0
       0
       0
       0
       0
       0
       0
       2
      57
      71
      58
      67
      49
      63
      47
      51
      41
      56
      48
      57
      47
      47
      54
      57
      49
      50
      47
      39
      48
      53
      46
      44
      49
      47
      33
      39
      33
      48
      42
      31
      43
      44
      45
      37
      54
      33
      55
      34
      43
      49
      28
      43
      24
      34
      38
      29
      36
      37
      44
      32
      34
      42
      39
      45
      43
      33
      55
      35
      37
      50
      40
      38
      53
      29
      46
      71
      51
      69
      98
      50
      39
      45
      36
      34
      39
      32
      45
      31
      41
      40
      67
      65
      42
      49
      53
      41
      39
      29
      35
      37
      34
      39
      44
      30
      53
      40
      30
      36
      28
      36
      30
      37
      32
      45
      36
      35
      35
      31
      29
      36
      41
      26
      46
      42
      32
      38
      33
      37
      26
      44
      28
      53
      39
      37
      34
      49
      40
      25
      39
      22
      39
      35
      35
      41
      47
      39
      36
      36
      36
      56
      41
      34
      39
      46
      37
      32
      37
      52
     250
     120
      42
      30
      34
      40
      38
      40
      40
      39
      41
      62
      51
      44
      49
      51
      54
      48
      46
      51
      37
      46
      39
      51
      46
      33
      50
      46
      45
      42
      46
      43
      41
      33
      44
      44
      36
      50
      36
      46
      39
      34
      37
      38
      39
      43
      43
      49
      42
      35
      30
      49
      47
      46
      30
      46
      43
      46
      35
      49
      41
      32
      37
      29
      36
      42
      43
      42
      32
      41
      27
      26
      41
      39
      43
      21
      40
      31
      35
      39
      29
      44
      35
      31
      30
      31
      24
      47
      30
      38
      33
      26
      35
      28
      32
      46
      36
      33
      35
      32
      32
      40
      45
      32
      32
      27
      31
      25
      27
      32
      20
      39
      36
      38
      28
      29
      32
      33
      28
      24
      27
      33
      27
      23
      24
      20
      31
      36
      33
      22
      24
      20
      21
      26
      27
      27
      25
      31
      28
      27
      23
      24
      23
      23
      21
      34
      15
      29
      26
      23
      18
      28
      25
      22
      23
      24
      21
      27
      27
      16
      19
      17
      23
      21
      17
      14
      17
      13
      19
      32
      16
      23
      15
      23
      11
      26
      19
      14
      17
      14
      12
      11
      18
      15
      17
      11
      25
      14
      15
      17
      14
      14
      26
      17
      22
      17
      14
      18
      18
      12
      14
      22
      18
      24
      12
      20
      18
      22
      10
      18
      22
      12
      10
      11
      16
      14
      14
      15
      14
       9
      15
      14
      16
      11
      17
      21
      11
      16
      13
      17
       9
      13
      20
      10
      14
       8
      11
       8
      15
      14
      11
      12
       9
      11
      17
      12
      15
      17
      19
      56
     483
    1053
     257
      25
      15
       5
       5
       9
      12
       8
       7
      16
      14
       8
       8
      10
       7
       9
       8
      10
      11
      12
      13
      13
      15
      16
       8
       8
       9
       8
       7
       3
      13
      13
       6
      13
      15
       7
      14
       9
      10
       8
      10
      13
      10
       7
       8
       7
      12
      14
       9
      14
       8
       6
      10
       6
       8
      14
       8
       9
       8
      11
       3
       8
      19
      13
      10
       9
      16
      10
      26
      71
      47
       9
      13
       7
       7
       9
       8
      10
       9
       2
      11
       5
      12
      11
       7
       6
      12
       8
       8
      12
       7
       7
      15
       8
      11
      13
       4
       7
      12
      36
     203
     388
     135
      18
       5
       7
       8
      13
       6
       9
       9
       7
       7
      11
       8
       5
       6
       7
       7
       6
       9
       5
       5
      11
       7
      14
       9
       3
      15
      11
      12
       7
      10
      11
      12
       9
       6
       9
       6
       4
       8
       6
       4
       7
       7
       3
       9
       9
       4
       6
      10
       8
      13
       9
       9
      11
       9
       5
       7
      15
      23
       7
      10
       7
       6
       9
       8
       6
       8
       5
      12
      10
       5
       8
      10
      11
       8
      11
       7
       8
       7
       8
       5
       8
       8
      10
       5
       9
       9
      11
       9
      11
       9
       8
       7
       8
       8
       9
      10
       6
       8
       7
       6
       9
       8
       7
       8
       6
       1
       6
       7
       5
       9
      10
       4
       4
       7
       8
      10
      14
      13
      13
       5
       7
       5
      12
       4
       4
       4
       9
       8
       5
       4
       3
      10
       4
       4
      11
       5
       7
       6
       4
       7
       8
       5
      11
       9
      13
       1
       5
       7
       6
       6
       4
      10
       7
       6
      11
      12
       6
       3
       8
       9
       4
      10
       5
       5
       5
       7
       7
       9
      11
       7
      11
      10
      10
      11
       8
      12
      10
      10
       8
       5
       9
       5
       7
       8
       9
       4
       6
       9
      12
      13
       6
      10
       1
      11
       4
       3
      15
       7
       7
       6
      11
       6
      14
       6
       6
      12
       7
       7
       8
       8
       9
      12
       4
      10
       6
      13
       4
       4
      14
       9
      10
       6
       5
       3
       5
       6
      10
       5
       6
      13
      12
      10
      12
       7
       7
       5
       6
       8
      10
       5
      13
      14
       7
       9
      10
       7
       4
       3
       7
      10
       7
       7
       3
      10
       7
      11
       8
       8
       7
       5
       9
       6
       7
       4
       5
       3
       6
       6
       8
      10
       8
      10
       7
      10
       8
       4
       6
       4
       6
       5
       7
       3
       6
       6
       8
       5
       2
      12
       6
      12
       2
       9
       6
       6
       7
       5
       4
      10
      13
       8
       8
      12
       9
       9
       9
       6
       7
       5
       5
       3
       7
       3
       9
       9
      14
       8
       6
       7
       5
      12
       5
       5
       6
       6
      10
       6
       6
       9
      12
       4
       9
       2
       4
       2
       8
       5
       6
       7
       2
       5
      12
       9
       5
       8
       8
       6
       7
       9
       9
       4
       2
       5
       2
       7
       8
       6
       6
       8
       7
       3
       7
       6
       5
       9
       4
      10
       6
       5
       7
       5
       8
       7
       9
       7
       6
       5
       8
       7
       4
       3
       7
       6
       8
       4
       9
       5
       7
       4
      11
      11
      10
       7
       3
       9
       5
       7
       7
       6
       8
       5
      11
       9
       9
       8
       8
       2
       7
       6
       9
       8
       6
       7
       4
       9
       5
       5
       3
       5
       9
       7
       8
       9
       5
       8
       5
       5
       7
       5
       7
       3
       4
       2
      11
       8
       4
       3
       5
       7
       4
      10
       6
       8
       8
       7
       8
       9
      10
       6
       7
       9
       8
       9
       9
       9
       8
       6
      11
      14
       8
       6
       7
      11
       6
      11
       8
       5
      14
      11
      10
      10
       9
       6
      10
       5
       7
       9
       7
       9
       9
       2
      12
      11
      10
      10
      12
      12
      10
       6
      10
      13
      14
      11
      12
       8
       6
       7
      13
       9
      11
       3
       7
       9
      11
       8
       9
      38
      69
      44
      20
       7
       4
       5
       9
       5
       8
       8
       8
      12
       4
       8
       8
       6
       9
       7
       5
       9
      10
       6
       5
       1
       5
       8
      10
       4
       9
       6
      11
       6
       9
       8
       1
       9
       8
       5
      14
       6
      12
      13
      16
       8
       9
      12
      10
       5
       7
      11
      13
       6
       5
      18
       7
       4
      10
       8
       7
      11
       9
       7
      12
       6
      13
       8
      10
       9
      13
       8
      13
       7
       5
       7
      13
      10
      12
       7
       8
       5
       9
      15
       6
      10
       8
       8
       8
       9
       9
       7
      14
       5
      10
      10
       9
       6
       7
       5
      13
       9
       5
       5
      13
      11
       9
       5
       4
       3
       7
      10
       7
       7
       4
       8
       5
       6
       5
      11
      12
       8
       4
       8
       3
       6
      11
       5
       2
      11
       7
       5
       7
       9
       3
       7
       9
       5
      11
       5
       7
       4
       8
       7
       6
       3
       8
      10
       9
      11
      10
       6
       6
       5
       8
       3
      14
       5
      10
       5
       6
      11
       5
      10
       9
       6
       7
       9
       4
       6
       3
       8
       5
       5
       4
       8
       4
       4
       5
       4
       9
       5
       3
       8
       7
      11
       5
       5
       7
      10
       5
       6
       2
       6
      11
       3
       6
      11
       8
       4
       9
       5
       8
       6
       6
       3
       9
       6
       6
       7
       3
       4
       2
       6
       3
       4
      12
       8
       6
      10
       6
       3
       8
       4
       4
       5
       8
       3
       3
       2
       7
       7
       7
       7
      11
       4
       5
       6
       4
       6
       4
       7
       5
       9
       5
       6
       4
       4
       3
       6
       4
       6
       5
       7
       7
      15
      11
       9
       7
       4
       5
       7
       8
       9
      11
       9
      10
       6
       8
       7
       2
       5
      10
       5
       4
      11
       7
       6
       4
       6
       9
       5
      10
       7
       9
       4
      11
       4
       7
       9
       9
       8
       5
       7
       8
       7
       8
       6
      12
       6
       8
      11
       7
       8
       9
       8
      11
       7
       6
       6
       7
       7
       9
       8
       8
      11
       9
      10
       7
       9
      10
       3
       9
       8
       9
       8
       6
       4
      12
       7
       6
       5
       4
       4
       9
       9
       8
      11
       6
       6
       5
       5
       4
       5
      10
       3
       3
       9
       7
       8
      10
      10
      25
      56
     123
     206
     124
      41
       7
       3
       5
       1
       5
       5
       5
       4
       3
       9
       5
       6
       2
       3
       4
       3
       1
       0
       1
       4
       4
       0
       4
       4
       5
       5
       7
       3
       4
       7
       2
       5
       3
       5
       5
       3
       2
       2
       0
       1
       3
       5
       3
       0
       3
       3
       5
       4
       8
       5
       6
       2
       3
       4
       1
       2
       2
       5
       9
       3
       3
       3
       3
       5
       2
       1
       2
       3
       4
       7
       0
       2
       3
       3
       3
       2
       3
       3
       2
       2
       4
       2
       4
       3
       4
       2
       1
       6
       0
       1
       2
       1
       3
       2
       2
       2
       2
       1
       5
       3
       2
       2
       1
       1
       4
       2
       3
       2
       1
       3
       3
       4
       3
       4
       0
       3
       0
       4
       0
       1
       4
       0
       2
       3
       3
       5
       2
       1
       2
       4
       2
       3
       3
       1
       3
       0
       2
       1
       0
       1
       1
       2
       3
       3
       0
       4
       1
       4
       3
       2
       2
       3
       0
       2
       1
       2
       1
       1
       0
       1
       2
       2
       3
       3
       1
       0
       2
       5
       5
       2
       3
       7
       2
       3
       3
       1
       2
       1
       2
       0
       2
       2
       2
       6
       3
       1
       1
       2
       3
       2
       1
       3
       3
       2
       0
       1
       2
       0
       1
       2
       3
       2
       0
       2
       1
       1
       1
       3
       4
       2
       2
       1
       2
       3
       1
       2
       3
       5
       2
       2
       0
       1
       1
       2
       3
       1
       1
       0
       2
       2
       2
       0
       2
       1
       0
       1
       3
       1
       0
       5
       9
       9
      18
      47
     120
     179
     178
      58
       8
       2
       2
       0
       0
       1
       0
       0
       1
       1
       1
       1
       1
       1
       0
       1
       0
       0
       0
       1
       1
       1
       1
       1
       1
       1
       1
       2
       3
       1
       1
       0
       2
       1
       1
       1
       2
       2
       1
       1
       1
       1
       1
       2
       0
       1
       1
       0
       0
       2
       0
       0
       0
       2
       1
       0
       2
       0
       0
       0
       3
       1
       1
       0
       0
       2
       1
       0
       1
       0
       1
       1
       3
       3
       0
       1
       1
       1
       0
       2
       0
       0
       2
       0
       0
       0
       1
       0
       0
       1
       0
       2
       1
       1
       1
       1
       2
       2
       1
       0
       0
       1
       1
       0
       1
       1
       0
       3
       1
       0
       1
       3
       2
       0
       0
       1
       1
       0
       0
       0
       2
       0
       0
       3
       0
       0
       2
       0
       0
       0
       1
       0
       0
       0
       0
       1
       0
       1
       0
       2
       2
       0
       1
       0
       1
       2
       1
       1
       1
       1
       0
       0
       0
       1
       1
       0
       1
       0
       2
       1
       0
       0
       0
       0
       1
       0
       1
       0
       2
       0
       1
       1
       0
       0
       0
       0
       0
       1
       0
       0
       2
       0
       0
       1
       0
       1
       2
       0
       1
       0
       1
       1
       0
       1
       0
       0
       0
       1
       1
       2
       1
       1
       0
       0
       0
       3
       0
       0
       2
       4
       2
       1
       2
       1
       0
       0
       4
       1
       1
       0
       0
       0
       1
       0
       1
       1
       0
       1
       0
       0
       0
       0
       1
       0
       0
       2
       1
       1
       0
       1
       1
       1
       2
       0
       0
       0
       0
       2
       2
       0
       1
       0
       1
       0
       2
       1
       0
       0
       1
       1
       0
       1
       3
       1
       3
       3
       7
      11
      24
      20
      13
       4
       0
       0
       0
       1
       0
       0
       0
       1
       0
       0
       0
       0
       0
       0
       0
       0
       0
       1
       0
       0
       2
       1
       1
       0
       0
       0
       0
       4
       0
       0
       1
       0
       0
       1
       0
       0
       2
       1
       0
       1
       0
       2
       0
       0
       0
       0
       0
       0
       1
       1
       0
       1
       2
       1
       1
       0
       1
       0
       0
       0
       0
       0
       1
       0
       2
       0
       0
       0
       0
       2
       1
       0
       0
       1
       0
       1
       1
       2
       1
       0
       0
       0
       0
       1
       0
       0
       1
       1
       1
       0
       1
       0
       0
       2
       1
       0
       0
       1
       0
       1
       0
       1
       0
       1
       0
       0
       0
       0
       0
       0
       0
       0
       0
       0
       0
       0
       0
       0
       0
       0
       0
       0
       0
       0
       0
       0
       0
       0
       0
       0
       0
       0
       0
       0
       0
       0
       0
$ROI:
0
$PRESETS:
None
0
0
$ENER_FIT:
-10.025118 0.801508
$MCA_CAL:
3
-1.002512E+001 8.015075E-001 0.000000E+000 keV
$SHAPE_CAL:
3
0.000000E+000 0.000000E+000 0.000000E+000
