$SPEC_ID:
No sample description was entered.
$SPEC_REM:
DET# 2
DETDESC# ALPHA COUNTER
AP# Maestro Version 7.01
$DATE_MEA:
04/05/2018 15:04:46
$MEAS_TIM:
299 300
$DATA:
0 2047
       0
       0
       0
       0
       0
       0
       0
       0
       0
       0
       0
       0
       0
       0
       0
       0
       0
       0
       0
       0
       0
       0
       0
       5
      47
      43
      45
      65
      50
      39
      49
      43
      40
      46
      46
      46
      55
      32
      34
      41
      45
      50
      42
      37
      43
      31
      31
      33
      50
      44
      34
      39
      24
      42
      38
      40
      34
      31
      33
      35
      43
      31
      29
      24
      42
      31
      38
      39
      34
      32
      42
      38
      31
      46
      37
      24
      36
      36
      38
      41
      39
      40
      31
      42
      26
      35
      36
      29
      47
      37
      42
      63
      55
      50
     100
      52
      31
      34
      34
      26
      29
      44
      41
      31
      49
      31
      68
      55
      37
      40
      40
      45
      43
      36
      33
      38
      51
      44
      39
      36
      31
      38
      35
      35
      27
      27
      28
      35
      33
      32
      42
      32
      38
      28
      34
      45
      37
      46
      23
      29
      30
      34
      31
      31
      23
      34
      32
      27
      30
      34
      40
      36
      37
      36
      34
      29
      36
      38
      39
      38
      39
      42
      45
      33
      31
      41
      36
      37
      36
      29
      19
      33
      38
      51
     203
      92
      36
      34
      28
      41
      37
      36
      38
      55
      31
      41
      37
      45
      58
      53
      54
      39
      50
      43
      50
      52
      43
      40
      46
      40
      40
      43
      39
      43
      31
      41
      50
      58
      59
      54
      45
      42
      45
      39
      44
      41
      46
      43
      32
      23
      44
      40
      55
      41
      48
      32
      39
      33
      39
      30
      41
      45
      32
      53
      49
      44
      40
      43
      40
      43
      38
      40
      43
      32
      31
      24
      34
      20
      28
      21
      19
      26
      34
      29
      43
      26
      26
      25
      28
      35
      34
      29
      22
      27
      40
      29
      26
      31
      30
      29
      27
      28
      22
      24
      30
      36
      23
      28
      17
      36
      24
      24
      23
      32
      30
      18
      25
      28
      18
      32
      25
      28
      27
      20
      35
      19
      29
      27
      26
      19
      20
      34
      22
      17
      23
      24
      20
      25
      16
      31
      17
      22
      28
      21
      32
      28
      21
      23
      22
      22
      16
      15
      23
      21
      15
      29
      13
      13
      19
      13
      15
      25
      27
      15
      18
      24
      11
      12
       9
      19
      18
      13
      13
      16
      12
      13
      14
      17
      13
      23
      16
      20
      15
      22
      17
      17
      12
      12
      17
      20
      20
      11
      20
      15
      21
      10
      13
      10
      12
      15
      18
      13
      13
      10
      14
      13
      15
      10
      21
      13
      13
      10
      11
       9
      13
      17
       9
      12
       8
      11
       9
       8
      11
      14
      14
      12
      13
      10
      14
      17
      19
      11
       9
      10
      11
      12
       8
      16
       9
      15
      11
      17
      20
      16
      15
      15
      10
      16
      21
      15
      16
      10
      21
      77
     539
    1103
     224
      18
       9
       7
       9
      10
       8
      10
      10
       4
       5
       5
       6
       9
       9
       8
       7
       8
       4
      10
      10
      10
      11
      24
      14
       9
      12
       7
       7
       9
       1
       7
      10
       7
       5
       6
       9
       7
      12
       7
       6
       2
      11
       1
      15
       9
       5
      10
       8
       9
       6
       6
      10
      11
      10
      10
       7
       8
       5
       2
       6
       6
      14
       7
       8
      10
       9
      11
      28
      63
      33
       6
       4
      10
       9
       7
       6
       7
       5
       6
       4
      10
       7
       8
       8
       7
       6
       6
       5
       5
       7
       6
       6
       8
       6
       6
      16
       3
       9
      23
     151
     289
      80
       9
       4
       6
       3
       6
      10
       5
       7
       7
       4
       3
       6
       4
       3
       5
       7
       8
       5
      10
      11
      10
       4
       9
       5
      12
       6
       8
       4
       6
      11
       3
       5
       6
      10
       5
       5
       8
       7
      11
       4
       8
       5
       5
       4
       0
      10
       8
       2
       5
       4
      11
       9
       8
       3
      10
       9
      13
      14
      10
       6
       7
       5
       5
       8
       8
       4
       7
       7
       4
       6
       4
       3
      12
       7
       4
       5
       7
      12
       5
       3
      10
       7
       6
       8
      10
       6
       6
      10
       8
       6
       9
       7
       5
      11
       6
       7
       7
       8
       5
       3
       2
       3
       6
       9
       4
       3
      10
       8
       5
       6
       9
      13
       7
       9
       6
       7
      15
       7
      10
       9
       3
       6
       4
       6
       8
       4
       6
       7
       6
       4
       5
       2
      11
      10
       2
       7
       7
       8
       3
       5
       6
       2
       4
       8
       7
       5
       7
       8
       2
      12
       5
       5
       7
       3
      11
       5
       5
       6
       8
       5
       6
       6
       7
       3
       3
       6
       6
       7
       4
       7
       5
       4
       5
       9
       5
       8
       6
       7
       4
       7
       6
       2
       8
       3
       6
       7
       8
       9
       4
       5
       7
       4
       5
      10
       3
       8
       8
       9
       4
       2
       8
       6
       5
       5
       3
      15
       8
       7
       9
       8
       9
       5
       8
       4
       6
       8
       2
       4
       8
      11
       2
       6
       5
       6
       6
       5
       5
       2
       3
      11
       7
       4
       1
       4
       4
       7
       4
       9
       3
       6
       3
       6
       5
       7
      10
      12
       7
       5
       2
       6
       4
       7
       6
       7
       6
       2
       6
       4
       7
       5
       6
       8
       4
       7
       7
       5
       5
       6
       7
       6
       4
       7
       1
       5
       6
       4
       2
       7
       3
       0
       7
      10
       5
       5
      10
       5
       4
       8
       3
       5
       4
       7
       5
       6
       4
       6
       5
       6
       4
       6
       2
       7
       7
       7
       2
       9
       4
       3
       4
       2
       3
       5
       6
       1
      10
       6
       7
       9
       3
       6
       3
       4
       9
       7
       1
       3
       5
       4
       1
       6
       4
      10
      11
       5
       7
       9
       5
       6
       3
       2
       3
       4
       9
       3
       4
       5
       5
       8
       1
       5
       5
       7
       7
       8
       2
       4
       3
       5
       6
      11
       8
       4
       5
       7
       8
       5
       3
       4
       9
       4
       3
      12
       6
       3
       3
      13
       4
       7
       6
       5
       7
       2
       5
       6
       3
       5
       4
       8
       6
       5
       8
       8
      11
       5
      10
       3
       5
       3
      12
       2
       7
       6
       8
       1
       5
       2
       3
       6
       2
       6
       7
       3
       9
       5
       9
       7
       4
      12
      10
       8
       5
       6
       6
       9
       9
       8
       6
       7
       7
       5
       8
       5
       5
       6
       4
       4
       4
       4
       5
       5
       7
       1
       6
       5
       9
       9
       7
       6
       5
       6
       4
      10
       7
       7
       2
       8
       5
       5
       8
       8
       9
       6
       9
       8
       6
       6
       9
       7
      10
       8
       4
       9
       7
       5
       9
       6
       6
       5
       3
       5
       6
       8
       3
       2
       4
       9
       4
       8
       4
       8
       4
       7
       5
       5
       5
       6
       7
       6
       2
      12
       4
       3
       4
       4
      13
      19
      42
      35
      16
       5
       9
       6
       7
       6
       8
       2
       3
      11
       6
      10
       9
       8
       4
       9
       9
       9
       9
       7
       3
       9
       7
       7
       7
       5
       3
       6
       4
       5
       9
       4
       6
       7
       6
       9
       4
       9
       6
       7
       3
       2
       8
       8
      12
       4
       9
       6
       6
       5
       7
       7
       8
      11
       8
       8
       4
       4
       7
       7
       8
       7
      11
       6
       9
       6
      12
       5
      12
       3
      11
       6
      14
      10
       8
       6
       9
      12
       7
       7
       7
      11
      12
       6
       3
       3
       6
       9
       5
       5
       6
       4
       4
       6
      10
      11
       6
       5
       5
       7
       6
      10
       6
       5
       2
       4
       5
      10
       6
       7
       2
       4
       2
       5
       8
       3
       2
       7
       6
       4
      10
       7
       4
       8
       3
       5
       7
       5
       7
       3
       5
       9
       2
       8
       7
       6
       5
       6
      12
       5
       4
       8
       3
      10
       2
       9
       4
       3
       6
       3
       7
       4
       5
       4
       2
       4
       3
       3
       6
       5
       4
       3
       5
       6
       4
       4
       8
       5
       9
       9
       5
       5
       4
       3
       8
       4
       3
       4
       5
       7
       8
       4
       3
       4
       8
       6
       3
       8
       5
       5
       3
       3
       5
      15
       7
       4
       4
       4
       8
       5
       7
       5
       5
       6
       2
       5
       5
       5
       4
       7
       3
       6
       6
       7
       6
       5
       5
       4
       8
       5
       2
       3
       4
       6
       4
       2
       7
       3
       6
       6
       6
       6
       3
       4
       3
       5
       6
       7
       4
       5
       2
       3
       4
      12
       8
       5
       5
       7
       3
       5
       3
       3
      11
       8
       7
      11
       6
       7
       7
       6
       9
       6
       6
       5
       2
       5
       7
       5
       7
       7
       4
       5
       9
       7
       1
       3
       7
       2
       4
       7
       6
       4
       6
      11
       2
       4
       5
       8
       1
       8
       6
       5
       8
      11
       3
       6
       8
       8
       5
       5
       6
       7
       4
       3
       3
       5
       6
       3
       5
      11
       3
      13
       1
       8
       8
       7
       9
       8
       6
       9
       5
       4
       6
       5
       5
      11
      10
       6
       8
       5
       4
       6
       1
       7
       5
       2
       7
       7
       4
       7
       4
       8
       8
       1
       5
       4
       4
      10
      16
      51
      94
     146
      88
      27
       4
       7
       7
       3
       4
       1
       3
       8
       4
       3
       2
       5
       4
       1
       3
       2
       0
       6
       6
       1
       1
       4
       3
       3
       4
       4
       5
       2
       5
       3
       3
       2
       6
       2
       1
       2
       1
       3
       4
       2
       2
       3
       0
       5
       2
       0
       3
       3
       4
       4
       2
       3
       0
       2
       1
       1
       1
       0
       3
       3
       1
       2
       5
       3
       2
       2
       3
       1
       1
       2
       2
       2
       5
       1
       0
       0
       1
       2
       2
       4
       2
       0
       2
       5
       2
       1
       1
       2
       1
       1
       1
       3
       2
       3
       0
       0
       2
       3
       3
       5
       1
       1
       0
       6
       0
       4
       4
       1
       0
       2
       3
       1
       1
       0
       1
       1
       2
       2
       3
       2
       2
       1
       1
       1
       2
       0
       1
       1
       0
       2
       3
       1
       0
       1
       1
       2
       4
       1
       1
       3
       2
       1
       2
       0
       0
       4
       3
       2
       2
       4
       2
       0
       1
       2
       1
       0
       3
       0
       1
       0
       1
       1
       2
       1
       2
       2
       0
       1
       1
       2
       2
       2
       3
       1
       0
       1
       1
       1
       4
       2
       2
       2
       3
       1
       2
       2
       0
       1
       2
       0
       1
       0
       3
       1
       1
       0
       1
       2
       0
       2
       0
       2
       1
       2
       4
       1
       0
       1
       1
       1
       1
       0
       1
       2
       2
       0
       2
       1
       1
       3
       0
       0
       0
       2
       0
       4
       2
       0
       1
       3
       2
       0
       1
       0
       3
       1
       3
       5
       1
       2
       7
       8
      14
      34
     102
     144
     119
      41
      11
       0
       2
       1
       0
       0
       1
       0
       1
       0
       0
       0
       0
       2
       0
       0
       1
       0
       0
       0
       1
       1
       1
       3
       1
       0
       1
       2
       1
       1
       0
       1
       1
       0
       1
       0
       2
       1
       0
       2
       0
       0
       1
       0
       0
       1
       1
       0
       1
       0
       0
       0
       1
       0
       1
       0
       1
       0
       1
       0
       1
       0
       0
       0
       1
       1
       1
       0
       0
       0
       0
       0
       1
       0
       2
       1
       0
       3
       1
       1
       0
       0
       0
       1
       1
       0
       0
       0
       0
       0
       0
       0
       2
       1
       1
       0
       1
       1
       1
       2
       1
       0
       1
       0
       1
       0
       0
       0
       2
       0
       1
       0
       1
       1
       0
       0
       0
       1
       0
       0
       1
       2
       0
       0
       1
       0
       1
       0
       0
       0
       0
       0
       0
       0
       2
       1
       0
       0
       1
       0
       0
       0
       0
       1
       0
       2
       2
       1
       3
       1
       1
       0
       2
       2
       0
       0
       0
       1
       0
       0
       1
       0
       1
       1
       1
       0
       0
       0
       0
       1
       0
       1
       0
       0
       0
       0
       0
       1
       1
       0
       0
       0
       0
       0
       4
       0
       0
       2
       0
       0
       0
       2
       1
       0
       0
       0
       0
       0
       1
       0
       0
       1
       0
       1
       3
       1
       1
       1
       1
       1
       2
       0
       0
       0
       0
       0
       0
       1
       1
       0
       1
       0
       1
       0
       0
       1
       1
       0
       0
       0
       0
       0
       1
       0
       0
       0
       0
       0
       0
       1
       0
       0
       0
       0
       2
       1
       0
       0
       0
       0
       0
       1
       0
       1
       0
       1
       1
       0
       0
       0
       1
       1
       0
       2
       1
       3
       9
       7
      19
      17
       3
       0
       0
       2
       0
       1
       0
       0
       0
       1
       0
       1
       0
       0
       1
       0
       0
       0
       1
       0
       1
       1
       1
       2
       0
       0
       0
       0
       0
       1
       0
       0
       1
       0
       1
       0
       1
       0
       0
       1
       0
       1
       0
       0
       0
       1
       0
       0
       0
       0
       0
       2
       1
       0
       1
       1
       1
       1
       0
       0
       0
       0
       0
       0
       0
       0
       0
       0
       3
       1
       2
       1
       1
       1
       0
       0
       1
       2
       0
       0
       0
       0
       0
       0
       1
       0
       1
       0
       1
       0
       0
       0
       0
       0
       0
       0
       1
       1
       0
       0
       2
       0
       0
       0
       1
       0
       0
       0
       0
       0
       0
       0
       0
       0
       0
       0
       0
       0
       0
       0
       0
       0
       0
       0
       0
       0
       0
       0
       0
       0
       0
       0
       0
       0
       0
       0
       0
       0
       0
$ROI:
0
$PRESETS:
None
0
0
$ENER_FIT:
-10.025118 0.801508
$MCA_CAL:
3
-1.002512E+001 8.015075E-001 0.000000E+000 keV
$SHAPE_CAL:
3
0.000000E+000 0.000000E+000 0.000000E+000
