$SPEC_ID:
HFNG Beamline
$SPEC_REM:
DET# 2
DETDESC# EasyMCA
AP# Maestro Version 7.01
$DATE_MEA:
04/26/2018 09:00:23
$MEAS_TIM:
182134 182143
$DATA:
0 8191
       0
       0
       0
       0
       0
       0
       0
       0
       0
       0
       0
       0
       0
       0
       0
       0
       0
       0
       0
       0
       0
       0
       0
       0
       0
       0
       0
       0
       0
       0
       0
       0
       0
       0
       0
       0
       0
       0
       0
       0
       0
       0
       0
       0
       0
       0
       0
      16
     503
     757
     682
     736
     682
     699
     716
     732
     778
     777
     736
     761
     787
     724
     696
     757
     744
     712
     705
     760
     726
     696
     728
     739
     630
     673
     699
     629
     675
     684
     647
     635
     623
     622
     639
     679
     586
     652
     624
     635
     610
     602
     594
     603
     639
     648
     633
     627
     643
     691
     609
     594
     622
     562
     596
     617
     586
     645
     632
     632
     546
     582
     580
     530
     582
     568
     549
     598
     597
     532
     544
     574
     551
     563
     567
     513
     549
     517
     563
     530
     539
     555
     585
     552
     525
     492
     536
     550
     498
     530
     500
     510
     510
     530
     515
     500
     553
     480
     509
     486
     486
     512
     477
     519
     508
     515
     498
     513
     495
     504
     504
     534
     552
     518
     509
     448
     509
     466
     478
     508
     490
     452
     424
     478
     526
     469
     423
     466
     476
     488
     487
     480
     450
     477
     460
     480
     460
     427
     435
     446
     494
     464
     486
     461
     442
     441
     431
     438
     421
     476
     521
     387
     449
     416
     431
     450
     455
     439
     418
     425
     424
     401
     420
     458
     405
     465
     427
     448
     425
     441
     385
     414
     401
     453
     412
     470
     440
     405
     442
     410
     387
     424
     429
     415
     431
     419
     413
     424
     420
     398
     441
     423
     409
     410
     401
     410
     423
     426
     359
     403
     421
     405
     344
     388
     425
     390
     380
     424
     403
     375
     388
     405
     384
     395
     434
     398
     392
     385
     388
     421
     400
     391
     432
     409
     372
     403
     423
     400
     385
     378
     397
     389
     365
     384
     422
     406
     400
     341
     410
     400
     387
     383
     384
     355
     401
     371
     363
     392
     413
     426
     412
     410
     412
     412
     402
     424
     421
     408
     407
     419
     370
     423
     383
     439
     428
     397
     422
     440
     403
     394
     415
     411
     386
     434
     427
     472
     454
     457
     443
     442
     420
     386
     354
     387
     410
     420
     407
     406
     436
     406
     412
     384
     375
     391
     391
     408
     432
     389
     426
     387
     380
     410
     390
     407
     378
     440
     413
     422
     420
     429
     399
     424
     423
     397
     395
     404
     409
     433
     434
     412
     441
     472
     498
     520
     752
     870
     885
     750
     662
     473
     440
     427
     486
     512
     681
     973
    1348
    1396
    1195
     825
     529
     410
     389
     368
     385
     391
     401
     417
     420
     370
     359
     374
     358
     392
     354
     372
     370
     366
     389
     369
     381
     371
     381
     349
     348
     394
     362
     401
     389
     376
     373
     396
     382
     372
     367
     360
     372
     395
     369
     396
     382
     406
     430
     558
     632
     748
     811
     820
     794
     720
     541
     454
     414
     380
     342
     389
     373
     418
     435
     515
     485
     524
     484
     431
     375
     356
     351
     366
     321
     344
     372
     357
     363
     414
     406
     368
     366
     349
     367
     363
     327
     355
     356
     385
     440
     444
     456
     496
     545
     495
     492
     476
     402
     375
     341
     351
     356
     324
     336
     344
     375
     360
     355
     355
     333
     362
     359
     314
     334
     326
     332
     339
     314
     326
     335
     335
     317
     353
     374
     331
     360
     354
     336
     342
     349
     338
     387
     314
     371
     330
     320
     341
     312
     320
     359
     374
     361
     344
     373
     340
     322
     342
     359
     325
     328
     389
     367
     321
     336
     301
     326
     358
     340
     372
     340
     369
     348
     351
     309
     377
     332
     305
     317
     342
     354
     330
     351
     352
     342
     339
     355
     365
     387
     375
     382
     337
     354
     326
     346
     350
     352
     382
     333
     370
     340
     329
     355
     389
     370
     347
     334
     355
     367
     342
     344
     338
     345
     391
     330
     332
     337
     360
     343
     334
     352
     359
     345
     350
     336
     373
     355
     337
     327
     367
     340
     327
     354
     333
     349
     346
     339
     334
     331
     345
     336
     323
     346
     362
     345
     300
     380
     342
     382
     399
     356
     362
     349
     362
     366
     389
     343
     354
     358
     348
     345
     363
     335
     348
     314
     348
     350
     322
     343
     345
     341
     317
     349
     338
     372
     354
     332
     357
     359
     364
     352
     365
     345
     322
     353
     322
     320
     371
     370
     363
     337
     343
     364
     367
     340
     324
     357
     350
     306
     339
     346
     336
     336
     318
     306
     339
     319
     350
     336
     357
     327
     321
     306
     346
     319
     320
     329
     320
     357
     352
     301
     345
     350
     342
     349
     322
     315
     325
     357
     343
     317
     369
     312
     345
     299
     311
     351
     299
     334
     345
     363
     346
     325
     362
     334
     317
     361
     300
     318
     317
     335
     324
     330
     319
     334
     343
     331
     339
     339
     331
     347
     343
     362
     409
     526
     546
     578
     535
     411
     384
     347
     301
     315
     333
     310
     284
     345
     333
     301
     296
     286
     342
     307
     284
     323
     296
     329
     333
     314
     313
     335
     278
     318
     314
     275
     300
     333
     280
     308
     287
     301
     293
     306
     302
     338
     283
     318
     339
     305
     296
     312
     322
     300
     278
     299
     325
     306
     340
     275
     304
     290
     313
     307
     286
     282
     321
     303
     297
     266
     286
     321
     297
     330
     291
     286
     304
     301
     323
     278
     329
     276
     302
     305
     296
     284
     273
     294
     294
     329
     311
     336
     313
     324
     298
     271
     321
     304
     306
     294
     290
     279
     323
     317
     309
     352
     395
     383
     365
     336
     311
     349
     285
     293
     286
     280
     312
     259
     278
     279
     268
     287
     279
     276
     285
     286
     264
     280
     294
     270
     279
     253
     295
     311
     287
     290
     251
     271
     289
     275
     285
     317
     286
     257
     264
     284
     285
     294
     294
     289
     284
     292
     270
     249
     269
     315
     273
     290
     309
     252
     298
     281
     286
     298
     298
     296
     271
     252
     276
     265
     264
     301
     272
     252
     272
     266
     259
     281
     284
     290
     277
     285
     227
     277
     263
     287
     278
     280
     283
     267
     270
     279
     258
     250
     259
     281
     293
     279
     284
     272
     293
     252
     263
     270
     265
     276
     265
     259
     302
     293
     292
     267
     269
     283
     292
     279
     299
     347
     475
     641
     988
    1124
    1286
    1178
     897
     638
     373
     262
     285
     240
     253
     250
     239
     234
     243
     230
     254
     264
     250
     259
     264
     249
     261
     235
     261
     239
     238
     219
     255
     237
     254
     259
     217
     225
     271
     261
     226
     249
     226
     250
     239
     236
     249
     244
     247
     231
     243
     248
     264
     242
     243
     248
     260
     236
     226
     223
     220
     240
     230
     254
     215
     257
     230
     230
     209
     242
     209
     221
     239
     221
     252
     252
     208
     260
     222
     236
     214
     218
     214
     232
     215
     248
     232
     198
     251
     266
     219
     247
     229
     241
     234
     241
     219
     258
     232
     224
     252
     221
     219
     235
     248
     306
     286
     310
     278
     293
     229
     232
     231
     245
     216
     255
     215
     228
     210
     231
     217
     219
     246
     252
     235
     229
     235
     231
     227
     230
     239
     234
     219
     235
     226
     201
     237
     235
     203
     226
     206
     193
     249
     205
     211
     192
     200
     205
     211
     231
     196
     213
     221
     208
     187
     233
     213
     224
     208
     210
     245
     200
     201
     205
     202
     205
     199
     193
     205
     192
     203
     222
     188
     192
     195
     191
     228
     223
     203
     185
     183
     207
     200
     181
     177
     216
     201
     193
     186
     182
     183
     217
     206
     204
     179
     191
     199
     210
     197
     212
     185
     189
     199
     182
     187
     182
     202
     224
     199
     219
     184
     210
     166
     215
     195
     200
     192
     203
     176
     202
     211
     171
     223
     199
     211
     200
     185
     178
     202
     156
     181
     206
     204
     206
     176
     194
     179
     175
     206
     194
     182
     194
     173
     157
     211
     179
     195
     191
     191
     179
     207
     166
     181
     182
     188
     187
     163
     210
     201
     183
     195
     190
     200
     202
     166
     171
     185
     196
     181
     199
     157
     197
     199
     205
     214
     266
     299
     310
     354
     287
     249
     225
     198
     185
     182
     152
     155
     188
     186
     185
     217
     180
     172
     191
     178
     183
     187
     194
     184
     181
     176
     153
     189
     178
     182
     167
     150
     173
     168
     179
     215
     163
     156
     173
     158
     175
     171
     152
     179
     178
     186
     169
     162
     185
     152
     192
     148
     167
     174
     156
     167
     158
     176
     162
     153
     171
     171
     162
     150
     143
     168
     154
     149
     152
     167
     170
     144
     163
     160
     158
     189
     172
     145
     152
     186
     158
     182
     169
     161
     163
     147
     150
     162
     166
     152
     131
     150
     188
     153
     136
     152
     148
     173
     134
     148
     146
     157
     157
     148
     154
     169
     142
     165
     151
     141
     157
     149
     171
     130
     123
     160
     149
     142
     157
     162
     156
     140
     159
     131
     132
     145
     131
     163
     164
     134
     131
     143
     160
     137
     172
     126
     157
     152
     150
     130
     147
     121
     143
     161
     131
     139
     155
     126
     152
     128
     141
     130
     168
     149
     163
     153
     146
     136
     168
     143
     145
     146
     146
     150
     144
     142
     161
     144
     127
     140
     134
     153
     137
     146
     153
     157
     154
     133
     143
     146
     142
     135
     151
     157
     146
     142
     154
     146
     153
     146
     144
     135
     139
     177
     138
     153
     138
     128
     159
     169
     147
     155
     165
     126
     137
     151
     145
     121
     142
     135
     139
     130
     125
     144
     144
     117
     162
     133
     165
     134
     148
     122
     117
     161
     137
     129
     123
     127
     129
     127
     133
     145
     123
     130
     142
     134
     151
     125
     149
     131
     128
     133
     111
     140
     114
     125
     146
     120
     154
     126
     131
     129
     133
     151
     145
     118
     135
     120
     140
     146
     136
     112
     122
     131
     109
     131
     119
     118
     101
     133
     119
     132
     116
     138
     132
     133
     146
     146
     140
     102
     138
     116
     142
     120
     119
     127
     127
     123
     133
     138
     128
     150
     149
     139
     166
     168
     123
     128
     128
     133
     137
     119
     147
     116
     124
     129
     125
     120
     122
     124
     121
     129
     117
     130
     134
     144
     118
     137
     152
     126
     125
     117
     126
     123
     113
     127
     108
     123
     120
     120
     104
     105
     121
     118
     111
     111
     120
     120
     132
     118
     122
     114
     121
     108
     116
     116
     118
     128
     108
     127
     122
     108
     113
     114
     134
     119
     115
     119
     135
     125
     108
     115
     121
     108
     128
     127
     118
     102
     120
     106
     137
     117
     115
     119
     119
     116
     123
     122
     120
     108
      97
     110
     124
     113
     110
     128
      98
      99
     118
     119
     114
     138
     125
     124
     103
     101
     118
     105
     117
     105
      83
     131
      96
     110
     129
     128
     108
     107
     121
     118
     104
     111
     111
     104
     117
     123
     134
     103
     102
     116
      98
     123
     127
     116
     115
     104
     112
     100
     142
     103
     110
     109
     101
      93
     105
     116
     107
     112
     107
     110
     105
     111
     103
     107
     111
      99
     112
     113
     117
     109
     108
     105
     103
      97
     130
     119
      98
     125
     128
     114
     114
     126
     116
     130
     113
     118
     110
      91
     101
     113
     105
     115
     106
     111
     115
      96
      97
     104
     111
     101
     108
      97
     104
     112
     115
     112
     118
     122
     123
     108
      96
     101
     109
     104
     113
     113
      95
     104
     103
     120
     102
     109
      97
      91
     102
     109
     112
      96
     118
     106
     108
     126
     149
     126
     125
     136
     109
     118
     122
     109
     128
      99
      95
     102
      85
     118
     117
      99
      87
     116
     100
     109
      97
      85
     117
     104
     109
      97
      91
      89
      88
     111
     114
      96
      96
     104
     100
      90
      89
      97
      95
     128
     100
      89
     103
      88
     108
      87
      90
      92
     114
     115
     109
     100
      81
      99
     101
      93
     126
      94
      85
      91
      93
      91
     102
      95
     104
     101
     106
     132
     141
     160
     174
     183
     171
     126
     151
     112
      87
      96
      88
     101
      76
      81
      97
      94
      88
      99
      96
      91
      82
      79
      96
      95
      85
      90
      99
      83
      79
      83
      77
      90
      99
      79
      92
      91
      78
      85
      99
      87
     108
      89
     104
      91
      89
      81
      97
      96
      89
      97
      86
      94
      94
      96
      93
      79
      88
      79
      97
      92
      89
      73
      94
      92
      91
      62
      93
      96
      84
     116
      95
      94
      87
      57
      95
      84
      87
     103
      77
      83
      82
      95
      97
      97
      82
     104
      95
     100
      86
      96
      93
      90
      76
      79
      88
      71
      94
      91
      77
      73
      92
      89
      75
      73
      77
      78
      87
      92
      91
      71
      89
      80
      77
      94
      82
      86
      89
      92
      79
      89
      96
      74
      68
      67
      74
      87
      85
      99
      89
      76
      67
      85
      91
      89
      95
      82
     102
      85
      85
      66
      83
      81
      82
      85
      81
      88
      71
      85
      89
      81
     106
      84
      88
      62
      76
      73
      49
      79
      80
      72
      61
      72
     106
      94
      88
      80
      68
      99
     104
      90
      67
      61
      76
      70
      79
      83
      69
      78
      78
      90
      97
      78
      85
      80
      90
      71
      82
      91
      93
      63
      89
      70
      83
      74
      81
      81
      94
      69
      82
      69
      89
      92
      56
      72
      85
      65
      79
      83
     108
      79
      90
      72
      88
      68
      68
      85
      68
      68
      65
      86
      90
      81
      79
      79
      92
      80
      68
      63
      78
      68
      66
      65
      77
      75
      80
      72
      79
      78
      80
      74
      76
      71
      85
      72
      74
      74
      72
      66
      80
      76
      73
      73
      73
      79
      89
      79
      92
      69
      84
      83
      77
      77
      69
      78
      88
      91
      70
      93
      79
      84
      84
      80
      74
      82
      88
      81
      83
      72
      72
      80
      71
      75
      85
      70
      58
      70
      59
      95
      71
      82
      83
      72
      80
      85
      70
      75
      74
      90
      67
      70
      94
      80
      81
      87
      62
      72
      71
      86
      67
      66
      83
      65
      76
      80
      70
      74
      85
      85
      78
      76
      70
      85
      81
      73
      66
      74
      63
      76
      66
      80
      67
      97
      84
      63
      72
      77
      59
      76
      52
      69
      69
      70
      63
      78
      76
      78
      63
      76
      70
      74
      73
      81
      60
      84
      82
      66
      67
      86
      82
      94
      77
      67
      73
      86
      66
      81
      69
      70
      69
      75
      73
      80
      55
      66
      71
      77
      65
      82
      79
      78
      74
      68
      56
      66
      55
      68
      68
      78
      70
      76
      57
      73
      66
      70
      69
      63
      83
      56
      63
      69
      82
      66
      82
      79
      70
      64
      83
      66
      59
      78
      72
      71
      59
      70
      61
      68
      57
      74
      76
      69
      79
      76
      83
      88
      81
      79
      80
      82
      69
      68
      76
      58
      83
      67
      71
      59
      75
      71
      81
      72
      60
      70
      66
      73
      70
      62
      66
      52
      69
      68
      70
      62
      76
      71
      82
      78
      65
      72
      64
      68
      79
      69
      61
      81
      65
      66
      52
      71
      61
      72
      91
      70
      54
      71
      49
      62
      58
      69
      60
      63
      66
      62
      66
      69
      79
      60
      62
      82
      65
      65
      50
      78
      61
      69
      75
      59
      62
      55
      51
      68
      49
      47
      55
      64
      83
      66
      66
      62
      64
      75
      62
      64
      52
      69
      64
      48
      66
      56
      63
      77
      68
      63
      60
      63
      60
      57
      59
      71
      49
      77
      64
      63
      66
      57
      56
      63
      72
      57
      81
      60
      63
      67
      61
      57
      68
      81
      66
      61
      58
      57
      55
      77
      65
      81
      50
      74
      59
      53
      45
      58
      63
      61
      61
      55
      59
      64
      64
      60
      59
      78
      52
      86
      63
      51
      77
      79
      64
      73
      51
      70
      65
      78
      60
      78
      65
      59
      58
      55
      62
      54
      59
      56
      57
      65
      56
      52
      58
      51
      61
      54
      60
      70
      52
      71
      55
      68
      74
      66
      68
      70
      60
      77
      63
      46
      62
      58
      68
      55
      63
      63
      59
      63
      51
      74
      59
      53
      64
      66
      52
      60
      62
      59
      63
      72
      68
      64
      49
      67
      59
      63
      54
      64
      70
      65
      57
      65
      71
      63
      53
      81
      63
      52
      68
      71
      50
      57
      54
      66
      63
      66
      67
      58
      68
      69
      64
      58
      51
      57
      49
      52
      63
      64
      67
      69
      62
      53
      57
      59
      53
      67
      47
      62
      59
      73
      54
      55
      51
      50
      45
      67
      48
      62
      48
      67
      57
      61
      71
      60
      48
      78
      52
      56
      67
      65
      76
      45
      67
      69
      54
      53
      67
      46
      53
      59
      52
      67
      60
      60
      69
      59
      62
      49
      57
      58
      66
      60
      49
      72
      60
      54
      50
      54
      64
      53
      52
      51
      67
      55
      51
      57
      50
      53
      49
      53
      54
      48
      54
      66
      53
      65
      46
      59
      51
      43
      54
      58
      61
      65
      72
      55
      60
      67
      50
      51
      58
      52
      62
      57
      51
      53
      64
      56
      54
      48
      56
      59
      54
      52
      50
      61
      53
      60
      57
      57
      58
      63
      55
      64
      51
      33
      45
      57
      54
      61
      62
      57
      53
      64
      76
      56
      57
      75
      70
      57
      76
      63
      86
      80
      94
      90
     109
     150
     125
     154
     159
     168
     185
     188
     193
     178
     212
     192
     164
     155
     126
     130
     110
      73
      93
      81
      85
      81
      55
      48
      73
      64
      66
      52
      67
      53
      58
      48
      52
      49
      55
      59
      49
      64
      58
      73
      51
      63
      57
      45
      49
      51
      33
      55
      47
      50
      58
      44
      45
      44
      53
      52
      44
      50
      47
      62
      31
      59
      59
      49
      44
      62
      54
      53
      59
      42
      65
      62
      56
      56
      60
      55
      47
      49
      58
      44
      50
      48
      57
      58
      62
      58
      57
      51
      40
      64
      53
      41
      45
      55
      58
      50
      57
      49
      50
      65
      52
      54
      60
      46
      66
      54
      42
      40
      58
      60
      57
      53
      61
      57
      61
      58
      51
      42
      50
      63
      46
      56
      47
      52
      50
      42
      57
      43
      55
      56
      58
      59
      39
      58
      49
      54
      63
      39
      60
      60
      50
      61
      61
      51
      52
      46
      47
      43
      56
      52
      51
      46
      50
      48
      46
      50
      47
      50
      50
      45
      65
      52
      55
      50
      51
      48
      54
      42
      41
      58
      48
      58
      52
      52
      50
      41
      57
      54
      53
      59
      54
      45
      48
      54
      63
      47
      54
      45
      48
      52
      53
      59
      58
      53
      51
      54
      56
      48
      35
      52
      58
      46
      56
      44
      56
      50
      39
      46
      54
      51
      58
      45
      45
      42
      47
      59
      43
      48
      46
      50
      49
      42
      67
      46
      55
      55
      48
      56
      61
      41
      68
      43
      46
      46
      45
      51
      50
      47
      47
      43
      48
      52
      46
      49
      53
      64
      46
      44
      45
      45
      51
      56
      54
      43
      46
      48
      46
      44
      45
      53
      43
      47
      49
      43
      41
      34
      51
      38
      54
      58
      46
      53
      50
      52
      57
      65
      57
      50
      47
      46
      44
      57
      43
      50
      41
      53
      31
      46
      53
      45
      50
      46
      56
      37
      52
      49
      45
      37
      45
      44
      45
      50
      49
      51
      43
      59
      60
      55
      56
      50
      42
      29
      59
      49
      53
      50
      53
      55
      52
      64
      46
      46
      51
      40
      50
      57
      53
      41
      48
      41
      48
      46
      43
      54
      39
      47
      51
      37
      45
      47
      54
      49
      38
      42
      44
      55
      50
      42
      34
      50
      52
      50
      61
      49
      48
      55
      39
      33
      38
      33
      42
      55
      55
      37
      55
      52
      57
      53
      44
      44
      44
      62
      51
      63
      68
      64
      94
      95
      91
      74
      87
      78
      71
      80
      70
      59
      49
      50
      55
      42
      34
      40
      47
      55
      45
      46
      50
      56
      44
      57
      51
      49
      38
      46
      37
      45
      55
      37
      50
      44
      43
      44
      32
      45
      46
      38
      36
      50
      39
      48
      46
      36
      37
      33
      36
      32
      44
      49
      47
      50
      53
      63
      44
      55
      31
      35
      38
      52
      46
      58
      55
      51
      59
      50
      38
      46
      56
      48
      38
      54
      41
      40
      37
      50
      38
      47
      43
      41
      44
      43
      52
      54
      47
      51
      49
      42
      53
      44
      34
      39
      40
      46
      56
      39
      45
      36
      53
      41
      38
      42
      49
      42
      40
      38
      34
      38
      56
      46
      38
      40
      42
      44
      49
      47
      50
      44
      35
      50
      44
      36
      50
      33
      37
      54
      56
      53
      68
      80
      75
      73
      95
      89
     101
      92
      94
      72
      77
      76
      45
      62
      51
      44
      45
      41
      48
      46
      45
      45
      48
      64
      56
      45
      48
      49
      67
      58
      49
      40
      53
      53
      50
      51
      54
      51
      52
      53
      53
      41
      49
      51
      39
      45
      57
      41
      47
      33
      37
      38
      50
      36
      42
      44
      41
      38
      48
      45
      36
      55
      46
      49
      44
      46
      42
      38
      45
      34
      47
      39
      41
      42
      52
      30
      36
      42
      49
      31
      47
      48
      44
      43
      44
      46
      40
      38
      46
      49
      43
      57
      35
      39
      64
      52
      44
      43
      42
      43
      48
      40
      38
      45
      41
      46
      44
      33
      40
      42
      35
      37
      43
      49
      42
      38
      29
      41
      40
      35
      45
      42
      37
      33
      34
      35
      51
      36
      31
      36
      39
      48
      42
      50
      37
      43
      34
      26
      35
      29
      44
      47
      35
      41
      39
      33
      36
      36
      32
      39
      46
      40
      39
      44
      46
      28
      27
      36
      52
      44
      42
      47
      37
      30
      32
      38
      32
      30
      52
      39
      43
      39
      38
      50
      36
      38
      33
      38
      39
      32
      32
      34
      45
      36
      34
      32
      29
      41
      43
      35
      30
      40
      33
      40
      40
      24
      41
      36
      37
      41
      45
      39
      47
      34
      38
      41
      31
      43
      33
      37
      34
      33
      36
      41
      42
      31
      37
      53
      42
      34
      43
      35
      33
      42
      37
      35
      36
      30
      34
      36
      54
      44
      25
      49
      31
      44
      35
      40
      32
      26
      32
      33
      44
      39
      40
      41
      45
      33
      38
      33
      33
      28
      26
      30
      46
      46
      40
      34
      34
      38
      37
      36
      40
      36
      38
      41
      44
      43
      46
      30
      29
      48
      33
      41
      27
      36
      36
      47
      33
      30
      43
      27
      35
      43
      28
      39
      30
      47
      32
      51
      43
      23
      33
      40
      34
      33
      41
      44
      30
      40
      41
      47
      36
      41
      29
      36
      32
      35
      30
      32
      32
      34
      41
      47
      44
      46
      35
      39
      39
      37
      33
      35
      27
      44
      29
      30
      36
      30
      35
      35
      37
      39
      34
      46
      34
      38
      29
      53
      35
      38
      34
      22
      42
      41
      35
      39
      32
      56
      32
      30
      43
      34
      47
      40
      30
      27
      40
      31
      44
      24
      32
      34
      34
      42
      39
      40
      45
      42
      30
      33
      32
      42
      37
      30
      30
      31
      28
      33
      43
      43
      29
      36
      26
      39
      35
      27
      24
      35
      37
      27
      40
      35
      34
      29
      32
      35
      38
      36
      29
      35
      30
      35
      34
      33
      33
      34
      29
      33
      32
      34
      41
      38
      28
      43
      30
      38
      34
      32
      25
      32
      36
      46
      39
      28
      30
      21
      47
      47
      42
      31
      29
      49
      33
      27
      40
      26
      35
      29
      30
      38
      41
      42
      35
      32
      29
      35
      49
      31
      41
      27
      46
      27
      33
      42
      48
      29
      40
      40
      35
      30
      30
      36
      34
      39
      37
      34
      23
      40
      23
      47
      27
      35
      34
      40
      32
      35
      23
      37
      32
      37
      31
      32
      27
      41
      32
      30
      33
      40
      34
      39
      35
      37
      33
      34
      34
      35
      34
      40
      25
      32
      29
      28
      29
      29
      29
      36
      27
      28
      37
      39
      30
      33
      33
      27
      28
      34
      25
      33
      36
      31
      36
      36
      26
      26
      32
      31
      46
      39
      31
      28
      40
      34
      28
      22
      25
      33
      29
      28
      36
      41
      38
      27
      27
      33
      32
      38
      37
      34
      33
      21
      42
      35
      26
      26
      43
      38
      33
      43
      35
      37
      25
      32
      31
      32
      30
      33
      36
      32
      22
      32
      37
      25
      29
      30
      34
      29
      25
      24
      29
      41
      37
      25
      34
      46
      37
      38
      41
      41
      46
      37
      49
      49
      33
      40
      35
      40
      31
      31
      30
      15
      39
      34
      34
      38
      49
      27
      32
      31
      35
      50
      53
      38
      30
      30
      32
      43
      35
      28
      34
      32
      33
      37
      30
      32
      34
      33
      31
      29
      35
      37
      33
      40
      31
      34
      35
      24
      25
      18
      40
      30
      34
      27
      34
      35
      23
      22
      23
      33
      26
      28
      33
      44
      28
      38
      31
      30
      28
      25
      29
      33
      39
      41
      37
      27
      32
      32
      22
      31
      30
      24
      30
      40
      20
      43
      33
      45
      43
      33
      32
      35
      30
      35
      28
      36
      36
      30
      35
      46
      40
      33
      32
      25
      35
      40
      28
      35
      31
      36
      31
      33
      28
      30
      28
      42
      24
      35
      33
      30
      38
      27
      29
      39
      33
      27
      29
      33
      29
      30
      32
      33
      39
      18
      36
      31
      33
      29
      32
      24
      21
      32
      31
      24
      25
      38
      29
      35
      37
      33
      31
      32
      25
      31
      36
      28
      31
      25
      29
      31
      33
      39
      37
      46
      39
      38
      44
      20
      40
      35
      30
      26
      32
      31
      28
      31
      33
      35
      37
      27
      29
      33
      39
      29
      35
      36
      34
      26
      31
      32
      22
      30
      32
      33
      37
      33
      30
      29
      23
      28
      21
      34
      32
      36
      31
      26
      36
      38
      22
      34
      27
      16
      33
      46
      32
      30
      41
      37
      43
      30
      31
      30
      32
      27
      35
      19
      24
      32
      23
      40
      39
      33
      33
      35
      29
      38
      43
      35
      44
      39
      30
      30
      33
      24
      31
      27
      31
      34
      32
      25
      31
      25
      30
      24
      20
      38
      36
      16
      39
      34
      29
      29
      26
      22
      34
      29
      26
      43
      24
      36
      27
      28
      42
      32
      32
      32
      24
      22
      30
      29
      33
      26
      26
      25
      29
      29
      36
      33
      27
      29
      29
      37
      44
      19
      28
      29
      30
      22
      27
      29
      28
      28
      30
      24
      46
      24
      31
      38
      25
      24
      28
      40
      30
      36
      34
      34
      23
      30
      33
      22
      31
      36
      30
      21
      27
      38
      21
      35
      26
      30
      22
      26
      43
      24
      21
      30
      29
      31
      27
      27
      21
      22
      32
      26
      37
      27
      29
      23
      18
      28
      25
      24
      33
      23
      34
      30
      28
      24
      33
      22
      33
      27
      30
      28
      29
      34
      36
      29
      39
      43
      40
      21
      39
      29
      23
      28
      28
      31
      28
      29
      31
      28
      28
      18
      30
      26
      38
      34
      24
      31
      28
      26
      28
      32
      33
      28
      25
      37
      33
      20
      28
      28
      23
      28
      27
      25
      23
      23
      24
      32
      26
      22
      27
      27
      24
      34
      25
      29
      26
      20
      35
      28
      26
      23
      27
      28
      28
      22
      35
      32
      25
      22
      39
      37
      19
      32
      28
      29
      37
      23
      44
      57
      50
      57
      74
      84
     106
     126
     149
     145
     153
     156
     159
     134
     152
     120
      90
      87
      59
      42
      44
      36
      32
      27
      24
      26
      18
      35
      21
      28
      24
      18
      31
      30
      23
      29
      31
      16
      16
      19
      29
      26
      27
      29
      30
      30
      23
      22
      18
      25
      26
      26
      33
      14
      26
      36
      28
      29
      27
      31
      31
      40
      35
      28
      17
      31
      22
      33
      15
      21
      20
      34
      25
      19
      24
      26
      15
      26
      18
      27
      23
      29
      35
      24
      28
      20
      39
      24
      22
      27
      17
      25
      25
      23
      28
      35
      38
      27
      24
      29
      33
      22
      32
      33
      27
      34
      28
      23
      34
      29
      26
      17
      32
      25
      34
      26
      24
      25
      27
      22
      28
      33
      22
      32
      26
      21
      29
      24
      29
      29
      26
      18
      19
      32
      31
      22
      27
      24
      34
      23
      15
      30
      32
      26
      26
      24
      23
      23
      31
      33
      18
      26
      24
      22
      19
      29
      36
      26
      20
      27
      26
      20
      21
      23
      23
      31
      31
      36
      25
      20
      23
      24
      29
      31
      33
      29
      22
      18
      20
      31
      26
      31
      33
      26
      34
      20
      17
      28
      23
      34
      27
      23
      28
      24
      30
      16
      21
      27
      30
      20
      26
      25
      32
      28
      26
      25
      29
      29
      21
      29
      17
      32
      19
      22
      29
      28
      29
      31
      27
      20
      20
      39
      24
      24
      14
      21
      28
      34
      35
      26
      24
      20
      24
      18
      29
      21
      24
      27
      27
      25
      23
      22
      28
      37
      24
      27
      23
      19
      27
      28
      23
      25
      24
      17
      19
      21
      24
      22
      28
      21
      22
      23
      31
      33
      33
      38
      28
      23
      24
      28
      30
      30
      29
      21
      23
      18
      27
      20
      29
      34
      31
      28
      27
      16
      29
      26
      23
      25
      22
      25
      24
      23
      19
      15
      28
      22
      30
      22
      24
      31
      32
      21
      29
      24
      25
      25
      23
      26
      28
      28
      29
      11
      21
      22
      16
      28
      26
      14
      28
      27
      30
      23
      19
      28
      19
      29
      22
      21
      18
      24
      22
      20
      19
      22
      20
      19
      21
      26
      25
      22
      38
      24
      23
      22
      24
      22
      24
      23
      33
      20
      21
      31
      21
      24
      25
      25
      22
      24
      34
      23
      28
      18
      28
      18
      35
      25
      19
      33
      27
      26
      20
      22
      24
      35
      26
      28
      25
      25
      23
      27
      28
      27
      26
      35
      18
      22
      27
      29
      22
      20
      21
      21
      21
      25
      22
      24
      17
      25
      22
      30
      17
      15
      35
      30
      22
      26
      24
      18
      23
      27
      25
      21
      25
      14
      14
      29
      31
      26
      20
      27
      33
      27
      22
      28
      23
      16
      20
      25
      19
      20
      22
      22
      28
      15
      22
      22
      24
      25
      34
      25
      19
      22
      29
      29
      16
      27
      13
      26
      23
      22
      29
      36
      29
      24
      27
      22
      20
      23
      27
      29
      21
      19
      35
      21
      25
      28
      20
      34
      28
      22
      22
      17
      16
      24
      15
      26
      17
      21
      23
      20
      30
      30
      22
      14
      18
      27
      27
      18
      25
      27
      20
      27
      16
      20
      22
      24
      26
      25
      29
      23
      23
      26
      23
      18
      22
      24
      23
      28
      23
      26
      19
      28
      24
      19
      25
      20
      35
      27
      29
      42
      39
      40
      45
      48
      56
      55
      39
      48
      34
      49
      44
      37
      31
      28
      20
      20
      24
      22
      18
      22
      20
      29
      23
      20
      20
      22
      32
      20
      22
      13
      19
      27
      17
      21
      28
      37
      25
      37
      15
      23
      12
      14
      18
      25
      27
      24
      19
      29
      22
      25
      26
      19
      18
      22
      23
      17
      21
      26
      25
      22
      18
      27
      24
      24
      14
      23
      24
      25
      21
      12
      35
      21
      22
      15
      24
      25
      27
      19
      28
      20
      22
      21
      16
      33
      18
      20
      14
      20
      23
      34
      18
      17
      18
      15
      28
      29
      26
      20
      16
      22
      34
      21
      27
      22
      25
      22
      17
      27
      18
      28
      22
      19
      16
      19
      32
      19
      29
      16
      16
      20
      23
      22
      25
      33
      21
      26
      16
      21
      31
      19
      29
      20
      29
      29
      22
      22
      17
      23
      17
      15
      26
      30
      31
      31
      20
      23
      29
      27
      24
      11
      28
      23
      17
      21
      23
      20
      19
      22
      21
      25
      20
      30
      14
      22
      33
      23
      18
      25
      22
      23
      23
      30
      24
      14
      19
      20
      20
      22
      21
      26
      24
      26
      17
      23
      25
      19
      33
      19
      19
      21
      24
      19
      18
      19
      22
      19
      19
      24
      25
      20
      21
      13
      25
      26
      23
      22
      22
      21
      19
      18
      17
      17
      28
      30
      20
      27
      23
      21
      16
      19
      25
      27
      16
      22
      19
      16
      32
      25
      25
      24
      19
      28
      19
      18
      23
      23
      22
      22
      17
      17
      29
      22
      26
      28
      28
      19
      25
      24
      17
      24
      23
      19
      14
      21
      24
      31
      20
      26
      14
      24
      13
      28
      15
      18
      29
      20
      20
      18
      27
      25
      20
      23
      24
      30
      19
      28
      30
      38
      29
      35
      20
      24
      21
      30
      24
      22
      21
      23
      30
      19
      19
      25
      22
      18
      29
      28
      34
      35
      27
      36
      28
      32
      40
      35
      32
      25
      25
      39
      27
      34
      17
      18
      16
      22
      24
      12
      17
      17
      14
      22
      19
      23
      22
      17
      24
      21
      20
      28
      22
      19
      26
      21
      12
      16
      19
      20
      25
      20
      15
      20
      19
      28
      16
      28
      20
      20
      23
      17
      17
      29
      15
      19
      14
      22
      24
      18
      27
      16
      13
      21
      18
      16
      19
      22
      25
      18
      14
      20
      15
      26
      13
      28
      14
      19
      13
      16
      16
      27
      16
      22
      15
      23
      26
      23
      19
      26
      18
      10
      20
      27
      18
      17
      31
      14
      27
      16
      23
      18
      18
      20
      15
      21
      27
      31
      20
      17
      25
      13
      20
      17
      19
      20
      17
      19
      25
      35
      18
      22
      25
      16
      22
      19
      23
      20
      19
      26
      23
      15
      16
      26
      13
      18
      20
      21
      17
      20
      19
      19
      12
      12
      13
      22
      31
      25
      21
      19
      22
      16
      10
      22
      22
      20
      17
      16
      22
      20
      20
      25
      19
      14
      24
      20
      26
      14
      21
      22
      23
      23
      24
      33
      23
      27
      19
      20
      13
      19
      14
      28
      14
      15
      14
      17
      17
      19
      16
      17
      18
      22
      19
      21
      16
      19
      24
      19
      22
      22
      14
      18
      28
      14
      17
      21
      21
      17
      23
      19
      17
      22
      15
      14
      26
      25
      18
      27
      25
      16
      15
      16
      18
      18
      30
      27
      25
      16
      22
      20
      24
      20
      26
       8
      17
      21
      22
      34
      14
      13
      14
      22
      35
      23
      12
      20
      15
      22
      20
      25
      22
      15
      15
      24
      22
      17
      25
      23
      15
      18
      27
      24
      24
      14
      25
      18
      22
      30
      25
      11
      17
      21
      22
      22
      21
      16
      13
      23
      25
      15
      17
      21
      25
      20
      19
      27
      14
      25
      17
      16
      21
      13
      24
      21
      20
      17
      23
      22
      15
      24
      13
      23
      18
      17
      20
      14
      22
      10
      20
      13
      12
      15
      19
      26
      19
      26
      18
      18
      25
      22
      25
      17
      17
      21
      15
      16
      19
      16
      19
      18
      14
      10
      12
      13
      17
      15
      16
      14
      16
      19
      20
      20
      21
      16
      15
      21
      19
      22
      22
      18
      16
      21
      18
      15
      23
      23
      22
      17
      17
       9
      18
      20
      16
      18
      20
      27
      13
      15
      17
      24
      21
      14
      22
      19
      20
      15
      15
      20
      23
      25
      18
      12
      21
      22
      14
      24
      19
      15
      19
      24
      12
      24
      21
      16
      20
      18
      26
      21
      25
      17
      14
      20
      11
      14
      19
      19
      25
      22
      12
      21
      15
      16
      14
      21
      24
      19
      20
      15
      13
      14
      20
      17
      15
      22
      18
      14
      15
      24
      15
      20
      20
      13
      23
      19
      14
      22
      28
      22
      23
      19
      19
      18
      16
      14
      23
      13
      15
      20
      14
      23
      14
      15
      18
      25
      20
      24
      23
      17
      18
      14
      24
      25
      11
      23
      17
      21
      21
      19
      23
      21
      18
       9
      23
      17
      23
      27
      23
      23
      17
      18
      28
      19
      18
      26
      11
      20
      29
      19
      26
      26
      26
      23
      17
      19
      22
      19
      17
      20
      21
      20
      14
      16
      20
      19
      22
      23
      21
      16
      17
      22
      22
      17
      16
      22
      24
      12
      16
      20
      22
      26
      15
      25
      23
      23
      21
      14
      26
      24
      11
       9
      19
      11
      21
      18
      19
      22
      17
      14
      19
      18
      18
      19
      24
      12
      18
      22
      13
      15
      24
      24
      20
      23
      13
      12
      17
      12
      19
      13
      18
      21
      19
      17
      16
      14
      25
      20
      14
      14
      12
      15
      20
      17
      14
      14
      12
      17
      20
      17
      17
      17
      17
      20
      15
      17
      15
      13
      17
      21
      13
      13
      29
      13
      20
      24
      17
      18
      24
      19
      20
      15
      14
      17
      17
      14
      19
      18
      17
      16
      12
      17
      16
      24
      20
      13
      16
      13
      21
      24
      16
      20
      13
      20
      25
      12
      15
      21
      16
      13
      20
      18
      15
      23
      25
      19
      14
      20
      16
      10
      16
      14
      19
      17
      12
      17
      25
      23
      19
      16
      24
      14
      18
      18
      20
      21
      14
      14
      20
      17
      12
      30
      10
      16
      15
      28
      20
      15
      12
      19
      17
      12
      15
      20
      21
      13
      18
      11
      19
      24
      19
      12
      26
      14
      17
      15
      18
      25
      21
      17
      20
      15
      12
      23
      22
      24
      20
      17
      17
      19
      13
      18
      21
      15
      21
      14
      11
      18
      10
      14
      14
      19
      26
      19
      18
      14
      15
      18
      16
      20
      19
      14
      23
      17
      16
      10
      18
      21
      21
      20
      17
      11
      14
      16
      12
      10
      11
      13
      16
      20
      18
      18
      19
      22
      13
      20
      18
       9
      20
      17
      19
      17
      15
      26
      18
      16
      16
      21
      19
      14
      18
      26
      17
      29
      16
      22
      23
      22
      20
      18
      20
      16
      18
      15
      20
      24
      17
      23
      21
      42
      29
      39
      34
      31
      27
      22
      27
      28
      30
      21
      16
      22
      29
      15
      24
      10
      15
      25
      15
      25
      19
      17
      18
      15
       7
      19
      19
      18
      18
      18
      11
      15
      18
      12
      13
      19
      23
      16
      19
      19
      24
      15
      19
      12
      13
      18
      21
      16
      22
      17
      17
      15
      22
      20
      16
      12
      18
      22
      22
      23
      19
      18
      25
      17
       9
      13
      12
      18
      17
      23
      13
      16
      16
      18
      16
      14
      18
      20
      15
      20
      15
      16
      21
      18
      15
      15
      18
      15
      19
      21
      16
      14
      19
      17
       8
      15
      14
      11
      22
      12
      19
      18
      11
      19
      15
      21
      12
      11
      18
      21
      12
      14
      15
      17
      18
      13
      21
      19
      16
      20
      17
      20
      14
      20
      15
      21
      20
      19
      17
      20
      19
      17
      24
      26
      14
      14
      18
      21
      18
      21
      17
      24
      15
      12
      25
      14
      15
      24
      13
      16
      20
      26
      19
      24
       8
      18
      18
      19
      21
      11
      13
      21
      21
      12
      14
      20
      15
      23
      17
      19
      12
       7
      20
      13
      11
      19
      12
      18
      21
      13
      16
      20
      24
      18
      11
      21
      13
      19
      21
      17
      16
      16
      14
      20
      21
      22
      18
      19
      14
      19
      26
      32
      19
      15
      12
      20
      19
      15
      15
      14
      19
      16
      28
      15
      13
       9
      15
      24
      23
      16
       9
      13
      23
      20
      12
      23
      14
      17
      20
      20
      22
      14
      16
      18
      13
      17
      14
      11
      13
      24
      24
      19
      20
      23
      17
       9
      13
      14
      14
      21
      19
      17
      17
      11
      15
      12
      17
      24
      22
      24
      18
      20
      20
      20
      20
      16
      25
      25
      26
      25
      22
      25
      22
      22
      30
      19
      26
      26
      22
      20
      20
      16
      22
      19
      24
      18
      26
      22
      18
      16
      19
      15
      20
      21
      12
      23
      22
      14
      14
      19
      22
      20
      13
      22
      20
      30
      22
      17
      26
      17
      13
       9
      17
      17
      19
      19
      21
      18
      16
      20
      17
      20
      19
      14
      15
      16
      21
      11
      22
      16
      24
      18
      14
      18
      13
      22
      15
      17
      21
      19
      23
      17
      18
      19
       9
      13
      21
      15
      17
      25
      21
      17
      15
      21
      16
      18
      14
      19
      16
      18
      16
      13
      19
      18
      15
      17
      17
      18
      16
      17
      16
      25
      14
      24
      20
      15
      15
      24
      17
      13
      20
       7
      16
      16
      10
      20
      14
      15
      16
      14
      20
      14
      17
      14
      17
      10
      12
      13
      11
      14
      12
      23
      16
      21
      20
      20
      22
      20
      17
      21
      12
      22
      18
      17
      13
      23
      11
      14
      13
      14
      21
      19
      18
      15
      17
      11
      27
      13
      18
      14
      20
      18
      20
      14
      23
      17
      20
      18
      13
      22
      12
      14
      15
      25
      15
      19
      10
      20
      19
      10
      26
      17
      12
      19
      19
      20
      21
      15
      11
      18
      13
      13
      24
      16
      21
      20
      19
      14
      17
      19
      17
      19
      17
      20
      18
      18
      17
       9
      10
      13
      15
      16
      19
      17
      16
      18
      20
      16
      15
      12
      21
      15
      21
      15
      16
      10
      22
      18
      16
      19
       8
      17
      21
      12
      16
      14
      21
      15
      15
      10
      23
      16
      17
      22
      20
      15
       9
      16
      18
      14
      17
      16
      17
       9
      24
      25
       8
       9
      16
      16
      25
      20
      17
      14
      16
      15
      17
      17
      19
      14
      18
      14
      19
      20
      13
      17
      26
      23
      20
      16
      15
      22
      24
      21
      22
      13
      24
      15
      15
      15
      17
      17
      18
      19
      22
      15
      24
      14
      15
      13
      17
      15
      18
      19
      15
      18
      16
      14
      20
      17
      15
      15
      13
      19
      18
      14
      16
      24
      23
      15
      19
      17
      16
      16
      19
      25
      17
      18
      21
      23
      24
      19
      20
      15
      19
      27
      18
      21
      25
      20
      23
      21
      10
      19
      15
      17
      15
      22
      18
      19
      12
      12
      23
      15
      12
      11
      10
      18
      22
      23
      13
      15
      20
      17
      14
      12
      18
       8
      14
      16
      16
      16
      10
      23
      11
      10
      11
      19
      14
       9
      19
       9
       9
       8
      15
      19
      10
      17
       8
      11
      14
      15
      11
       5
      13
      11
      14
      11
      17
      16
       6
       9
      13
      15
      16
      14
      31
      12
      15
      12
       9
      16
      15
      11
       9
      11
      15
      14
      17
      15
      18
       8
      15
      16
      19
      11
      15
      16
      21
      17
       7
      14
      17
      10
      16
      15
      14
      12
      10
      11
      12
      13
      14
      13
      17
      11
       9
      13
      16
      17
      16
      18
       9
      17
      11
      12
      10
      18
      11
      15
      11
      15
      14
      16
      13
      12
      13
      17
      14
      11
       8
      14
       8
      16
       9
       9
      12
       3
      15
      10
       6
      14
      11
      23
      15
       6
      24
      14
      13
       6
      10
       8
      11
      16
      16
      10
       9
      14
      14
      13
      13
      14
       9
      17
      11
       9
      11
       9
       6
      13
      16
      11
      10
      17
      11
      17
       9
      10
      20
       9
      10
      12
      11
      10
      11
      15
      15
       6
      11
       9
      19
      14
      17
      13
       7
      14
      13
       9
       4
      10
      12
       9
       7
      13
      11
      13
      10
      18
      21
      12
      14
      10
      13
       7
      16
      15
      16
      17
      10
      19
       6
      18
      14
      15
      13
      11
      15
      18
      15
      12
       9
      13
       9
      12
      13
      11
      13
      12
       9
      11
      13
      11
       8
      12
      13
       9
      13
       5
       9
      20
      16
       9
       9
      17
       8
      10
      12
      10
      10
       7
      13
      10
      12
      16
       8
      13
      12
      18
      11
       8
      14
      11
       9
      14
      14
      13
       6
      11
      14
      10
      13
      20
      11
      10
      12
      15
      11
      11
      13
       7
      12
      12
      11
       8
      14
      15
      15
      14
      10
      10
      10
      15
       7
      13
       5
      12
      11
      13
       7
       9
      12
       8
      14
       6
      10
       8
       8
      18
      10
       9
       8
      19
       4
       9
      12
       5
      10
      15
       5
      16
      12
       9
       6
      11
       9
       4
      15
      12
       7
      14
      12
       8
      13
      10
      14
       6
      17
       8
      16
       7
      10
       8
       4
      20
      15
      12
      15
      13
      14
      18
       9
      10
      14
       5
      15
       9
      17
      15
       8
      11
       7
      10
      15
       8
       5
      10
       9
      10
       8
      13
      14
      11
       9
      13
       9
      11
       8
      11
      10
      13
      11
      13
      16
      10
      13
      11
      15
       8
       9
      13
       9
       7
      19
      10
       8
       5
       8
      12
       4
      10
       8
       9
      11
       9
       8
       7
       9
       8
       5
       7
       6
       8
       8
       8
      11
      10
      10
      10
      11
      14
       5
      11
      18
       9
       9
       8
       9
      10
       7
       8
       9
       8
      12
      15
       8
       7
      12
       6
      12
       7
      10
      10
      17
       9
       6
       9
      20
      11
      15
       5
      14
      10
      11
      10
      12
      10
      18
      17
      10
      11
      16
       7
      11
       6
      12
      16
      19
      12
      14
      18
      14
      20
      19
      15
      14
      12
      12
      16
      21
       9
      10
      15
       9
       9
      15
       8
       8
       9
       5
      10
       7
       3
      11
      10
      13
       5
       9
      15
       6
       8
      12
      10
      12
       9
      11
      10
       7
       6
      12
       9
      10
       5
       8
       9
      10
      12
      11
       5
      11
       9
       6
      15
      10
      15
      12
      10
       6
      10
       8
       8
      11
      11
      13
      14
       6
      13
       7
       4
       5
       8
       7
      14
      10
       8
       5
       6
       4
       8
       7
      12
       6
       7
       8
       6
       9
      13
      11
      11
       3
      10
      11
       7
       7
       9
       6
       9
       6
      12
      14
       7
       9
      11
      10
      10
       6
      10
       8
      11
       9
       9
       6
      11
      12
       8
      10
       9
      12
       6
       8
       7
       8
      13
      13
       6
      10
      14
       3
      15
       7
       5
       8
       9
       5
       9
       8
       8
       8
      13
       5
      12
       9
       8
       6
       8
       5
       4
       8
       4
       9
      15
      12
      11
       2
       8
      12
       8
       7
      10
      10
       5
       4
       5
       6
      11
       6
       8
       7
       7
       7
       5
       9
      13
      15
       5
      11
      10
      10
       7
       9
       4
      10
       6
       9
      13
       4
       4
      11
       5
       6
       8
       3
       7
       6
       5
       9
      11
       9
       4
      11
      10
      11
      10
       9
       9
      10
       7
       8
       6
       4
       5
       8
       7
      11
       8
       9
      12
       8
       5
       8
       6
      11
       8
      13
      13
      12
      11
       7
      14
       9
      11
      13
      10
      10
      13
       6
      10
      12
      11
       5
       7
       9
       8
       9
       7
       8
       5
      10
      16
       9
      11
      10
       7
       4
       8
       6
      12
       5
       9
       9
       3
      11
       8
      12
      12
      12
       7
       5
       6
      14
      10
      12
      10
       8
       6
       8
       8
       9
       6
       8
      11
      10
       3
       7
       7
       6
      10
       4
       8
       4
       8
       6
       9
       6
       9
      15
       7
       5
       8
      12
      11
      13
       5
      13
       8
       5
       6
      11
       8
       8
       7
       6
       6
       3
      10
       6
       4
       9
      12
      12
      10
       9
       6
       6
       8
       7
       8
       8
      11
      11
      10
       9
       8
       8
       8
       9
       8
      10
       9
       5
      13
      11
      12
      14
       7
       5
      11
       5
       6
      11
       4
      10
       9
       8
      11
      12
       7
       6
       6
       8
       6
      14
       6
      12
       6
       8
       6
       6
      11
       8
       5
       8
       6
       6
       5
      11
       6
      10
      11
       5
       7
      11
      18
      10
      12
       8
      12
       9
      13
       7
       9
      13
      18
       9
      10
       6
      12
      12
      10
       7
      12
      12
       9
       6
       9
       4
       5
       7
       4
       9
       7
       8
       8
      10
       5
       3
       8
       8
      11
      11
       5
       7
       4
      10
       9
       7
       4
       6
       6
       7
       9
      11
      10
       5
      10
       3
       6
      16
       6
       4
       7
       3
       5
       6
       8
      10
       6
       7
       9
       8
      11
       8
       6
       7
      11
       4
       7
       1
      11
      10
      12
       5
       5
       8
       9
      10
       8
       3
       8
       8
      11
       8
      10
       4
       4
       4
       9
       2
       9
       7
       6
       2
       6
       9
      10
       8
       7
       6
       8
       4
      10
       6
       4
       5
       4
       6
       6
       8
      15
       8
      13
       8
      10
       7
      13
       5
      15
       9
       8
       7
       8
      11
       8
       6
       5
       5
       7
       2
       6
      10
       9
       8
      13
      10
       7
       6
       6
      10
       3
      11
       4
       7
      10
       3
      10
       5
       7
       7
       8
       7
       7
       9
      11
      12
       7
       7
       9
       8
      12
       8
       9
       5
      10
       4
      11
       8
       5
       7
       8
       6
       7
       7
       6
       6
      11
       4
      15
       8
       8
      11
       4
       7
       7
       7
      14
       9
       9
       5
       6
       4
       8
       6
       9
       8
       7
       7
       7
       4
       7
      10
       9
       5
       6
       7
       5
       9
       3
       9
       6
       6
      13
      14
       9
       5
      10
      12
       7
       6
       9
       9
       9
      11
       7
      11
      11
       8
      11
       8
       7
       8
      11
       7
       9
      13
       7
      10
      13
       2
      11
      15
      14
      11
      12
      11
      16
      15
      19
      12
      18
      20
      17
      23
      24
      36
      38
      28
      40
      47
      71
      66
      92
      83
     102
     111
     116
     141
     134
     153
     143
     154
     131
     143
     134
     127
     113
     105
      73
      68
      57
      40
      34
      30
      15
      10
      15
       7
       8
       3
       4
       8
       4
       7
       3
       2
       6
       5
       4
       4
       3
       7
       6
      12
       5
       5
       5
       5
      10
      11
       5
       5
       7
       4
       9
       7
       3
       4
       4
       4
       8
       2
       9
       3
       4
       7
       6
       5
       9
       3
       6
       4
       2
       7
       4
       6
       7
       5
       1
       9
       4
       2
       4
       3
       0
       1
       3
       5
       4
       5
       2
       3
       1
       4
       4
       7
       4
       9
       6
      11
       3
       6
       5
       4
       7
       5
       6
       5
       9
       3
       4
       4
       3
       4
       6
       9
       8
       6
       5
       4
       9
       3
       4
       2
       4
       5
       5
       6
       5
       0
       4
       5
       3
       7
      11
       4
       6
       1
       7
       3
       7
       6
       2
       4
       6
       1
       9
       6
       6
       7
       6
       6
       6
       6
       3
       7
       2
       1
       2
       7
       7
       2
       5
       3
       4
       7
       5
       8
       9
       7
       7
       4
       8
       5
       7
       8
       3
       6
       6
       3
       4
      11
       5
       7
       9
       6
       6
       5
       8
       7
       7
       6
       6
      10
       2
       3
       7
       7
       5
       7
       8
       4
       6
       7
       6
       5
       2
      11
       6
       5
       5
       3
       6
       8
       5
       8
       6
       8
       5
       4
       6
       7
       9
       3
       8
       5
       7
       7
       7
       1
       5
       3
       2
       6
       2
       7
       8
       7
       4
       2
       4
       8
       6
       5
       6
       6
       9
       4
       4
       6
       7
       6
       5
       5
       7
      12
       8
       7
      10
       9
       3
       8
       7
       9
      10
       7
       3
       3
       8
       7
       3
       5
       2
       6
       9
       4
       8
       8
       5
       1
       4
       6
       6
       4
      11
       8
       4
       6
       7
       5
       5
       4
       4
       2
       6
       6
       8
       6
       2
       6
       2
       6
      10
       8
       2
       4
       4
      12
       9
       4
       3
       3
       3
       8
       6
       6
       7
       6
       5
       4
       7
       8
       7
       0
       8
       7
       4
       5
       3
       6
       5
       3
       4
       3
       3
       4
       4
       4
       6
       0
      10
       3
       7
       9
       6
       4
       5
       6
       9
       6
       2
       5
       3
       5
       1
       7
       9
       6
       4
       2
       6
       4
       5
       5
       9
       7
       8
       6
       5
       4
       2
       4
       9
      12
       5
       4
       5
       2
       6
       4
       4
       6
       2
       2
       4
       3
       5
       4
       5
       6
       2
       3
       7
       8
       1
       2
       6
       7
       6
       4
       3
       6
       7
       3
       3
       2
       7
       4
       4
       8
       9
       5
       6
       5
       5
       4
       4
      12
       8
       4
       2
       7
       2
       4
       6
       5
       5
       8
       8
       6
       6
       6
      10
       4
       4
       4
       3
       3
       7
       5
       3
       7
       3
       6
       5
       6
       3
      11
       1
       3
       7
       6
       3
       3
       4
       2
       8
       5
       4
       1
       5
       6
       4
       5
       5
       1
       5
       4
       4
       5
      13
       1
       4
       4
       6
       5
       6
       5
       6
       3
       7
       4
       4
       4
       3
       3
       2
       4
       4
       9
       7
       3
       2
       5
       4
       3
       5
       7
       2
       6
       2
       2
       7
       3
       6
       6
       7
       5
       4
       2
       2
       3
       7
       4
       3
       5
       8
       5
       8
       3
       2
       3
       6
       4
       6
       3
       9
       5
       8
       3
       5
      10
       4
       3
       9
       7
       4
       3
       3
       4
       7
       3
       3
       7
       3
       4
       4
       3
       4
       5
       2
       4
       5
       5
       6
       0
       3
       5
       3
       7
       6
       5
       7
       6
       7
       4
       3
       8
       2
       3
       1
       3
       3
       5
       3
       7
       6
       2
       5
       3
       5
       7
       4
       6
       5
       4
       6
       0
       0
       0
       0
       0
       0
       0
       0
       0
       0
       0
       0
       0
       0
       0
       0
       0
       0
       0
       0
       0
       0
       0
       0
       0
       0
       0
       0
       0
       0
       0
       0
       0
       0
       0
       0
       0
       0
       0
       0
       0
       0
       0
       0
       0
       0
       0
       0
       0
       0
       0
       0
       0
       0
       0
       0
       0
       0
       0
       0
       0
       0
       0
       0
       0
       0
       0
       0
       0
       0
       0
       0
       0
       0
       0
       0
       0
       0
       0
       0
       0
       0
       0
       0
       0
       0
       0
       0
       0
       0
       0
       0
       0
       0
       0
       0
       0
       0
       0
       0
       0
       0
       0
       0
       0
       0
       0
       0
       0
       0
       0
       0
       0
       0
       0
       0
       0
       0
       0
       0
       0
       0
       0
       0
       0
       0
       0
       0
$ROI:
1
4146 4168
$PRESETS:
None
0
0
$ENER_FIT:
0.196194 0.194904
$MCA_CAL:
3
1.961942E-001 1.949036E-001 3.834765E-008 keV
$SHAPE_CAL:
3
0.000000E+000 0.000000E+000 0.000000E+000
