$SPEC_ID:
HFNG Beamline
$SPEC_REM:
DET# 2
DETDESC# EasyMCA
AP# Maestro Version 7.01
$DATE_MEA:
05/02/2018 17:31:32
$MEAS_TIM:
86201 86205
$DATA:
0 8191
       0
       0
       0
       0
       0
       0
       0
       0
       0
       0
       0
       0
       0
       0
       0
       0
       0
       0
       0
       0
       0
       0
       0
       0
       0
       0
       0
       0
       0
       0
       0
       0
       0
       0
       0
       0
       0
       0
       0
       0
       0
       0
       0
       0
       0
       0
       0
       9
     250
     361
     299
     312
     313
     324
     329
     366
     327
     360
     333
     359
     369
     335
     358
     329
     380
     366
     333
     330
     325
     353
     343
     354
     334
     306
     331
     302
     299
     312
     301
     312
     337
     299
     291
     327
     321
     292
     293
     301
     324
     315
     267
     325
     289
     274
     301
     293
     298
     288
     283
     286
     294
     293
     297
     288
     256
     265
     301
     302
     281
     281
     255
     266
     261
     259
     263
     260
     257
     266
     272
     279
     258
     284
     266
     258
     270
     274
     259
     255
     254
     240
     267
     255
     257
     272
     241
     235
     261
     282
     250
     264
     254
     259
     237
     246
     258
     228
     263
     232
     274
     235
     251
     217
     252
     213
     247
     246
     237
     241
     219
     240
     221
     230
     216
     210
     228
     202
     252
     223
     187
     214
     228
     232
     239
     223
     225
     226
     221
     205
     201
     228
     224
     212
     187
     205
     200
     212
     206
     214
     214
     205
     201
     221
     187
     230
     202
     212
     219
     217
     224
     235
     215
     216
     200
     200
     194
     199
     210
     202
     208
     201
     232
     223
     225
     165
     187
     212
     194
     169
     213
     204
     189
     183
     177
     187
     192
     187
     196
     186
     189
     202
     187
     215
     182
     203
     208
     203
     201
     192
     200
     183
     191
     203
     184
     175
     187
     207
     177
     180
     188
     194
     181
     197
     187
     190
     189
     193
     181
     189
     166
     176
     172
     176
     202
     196
     208
     201
     184
     190
     165
     187
     195
     179
     203
     213
     198
     188
     192
     201
     173
     200
     197
     204
     210
     181
     193
     191
     176
     181
     181
     194
     181
     186
     181
     205
     199
     198
     169
     172
     182
     182
     180
     182
     172
     193
     180
     182
     172
     183
     161
     195
     177
     193
     169
     184
     181
     193
     169
     180
     208
     186
     191
     189
     194
     204
     213
     228
     205
     197
     196
     205
     159
     198
     180
     225
     198
     182
     181
     173
     213
     173
     193
     212
     176
     197
     167
     229
     193
     217
     208
     185
     172
     211
     194
     201
     202
     197
     215
     205
     194
     179
     176
     176
     167
     205
     207
     181
     192
     167
     189
     236
     235
     265
     343
     396
     480
     406
     288
     218
     216
     187
     212
     253
     324
     496
     617
     675
     565
     390
     248
     175
     175
     154
     191
     167
     173
     210
     181
     212
     188
     167
     184
     183
     193
     163
     158
     175
     171
     196
     156
     183
     179
     175
     184
     161
     205
     175
     180
     165
     169
     172
     175
     195
     190
     172
     183
     197
     162
     164
     169
     197
     208
     242
     299
     364
     378
     363
     373
     350
     292
     204
     189
     152
     171
     180
     191
     174
     215
     238
     265
     240
     231
     185
     186
     163
     180
     167
     167
     157
     170
     172
     191
     180
     183
     177
     191
     160
     155
     151
     154
     124
     149
     154
     191
     196
     253
     267
     235
     237
     231
     211
     190
     188
     142
     160
     135
     167
     177
     140
     148
     164
     153
     166
     161
     170
     181
     163
     175
     171
     148
     168
     163
     160
     160
     148
     165
     153
     138
     145
     166
     179
     152
     170
     149
     145
     148
     153
     159
     152
     201
     165
     152
     174
     167
     159
     166
     177
     159
     161
     175
     147
     146
     146
     156
     147
     147
     178
     163
     168
     161
     161
     186
     164
     172
     171
     156
     164
     166
     155
     171
     170
     162
     157
     186
     158
     167
     175
     174
     193
     174
     157
     171
     180
     172
     157
     142
     158
     155
     170
     158
     164
     156
     185
     153
     171
     165
     169
     165
     164
     170
     172
     166
     168
     176
     174
     151
     172
     149
     152
     160
     148
     163
     161
     184
     156
     179
     173
     153
     159
     187
     150
     170
     164
     150
     163
     145
     155
     162
     147
     184
     170
     176
     169
     167
     162
     157
     166
     170
     169
     175
     196
     163
     170
     177
     179
     167
     158
     143
     157
     148
     154
     164
     170
     169
     159
     164
     143
     160
     151
     155
     145
     146
     154
     148
     144
     180
     157
     165
     166
     150
     160
     159
     157
     163
     154
     188
     159
     156
     139
     164
     175
     143
     161
     175
     183
     147
     161
     158
     156
     169
     172
     153
     143
     152
     166
     136
     154
     145
     170
     145
     157
     158
     148
     152
     152
     172
     142
     149
     137
     154
     159
     163
     146
     160
     173
     157
     156
     152
     152
     155
     175
     182
     153
     157
     158
     146
     156
     160
     159
     146
     147
     168
     151
     146
     153
     171
     167
     153
     175
     147
     162
     147
     150
     139
     133
     167
     175
     170
     145
     169
     148
     181
     142
     142
     135
     172
     187
     203
     236
     270
     250
     227
     172
     166
     142
     150
     168
     157
     152
     160
     150
     158
     164
     155
     161
     141
     169
     137
     152
     176
     155
     160
     171
     140
     146
     156
     142
     141
     167
     161
     145
     134
     136
     164
     153
     144
     145
     137
     153
     166
     152
     132
     151
     171
     141
     137
     145
     161
     140
     135
     142
     143
     142
     145
     158
     150
     146
     148
     160
     164
     169
     138
     151
     135
     132
     147
     152
     163
     139
     136
     139
     137
     154
     142
     153
     140
     136
     150
     131
     126
     170
     135
     141
     131
     171
     136
     145
     119
     117
     141
     132
     150
     146
     134
     152
     126
     151
     161
     187
     187
     160
     165
     149
     150
     135
     146
     127
     149
     137
     140
     114
     146
     134
     146
     132
     131
     136
     137
     140
     123
     140
     123
     121
     151
     133
     142
     142
     131
     142
     130
     138
     136
     155
     126
     131
     117
     133
     142
     149
     124
     134
     127
     136
     135
     156
     142
     123
     120
     160
     109
     129
     143
     138
     119
     134
     118
     144
     115
     121
     133
     121
     118
     143
     138
     116
     123
     111
     140
     121
     123
     135
     126
     149
     141
     123
     119
     131
     144
     129
     126
     108
     114
     121
     144
     122
     111
     131
     126
     123
     115
     134
     123
     144
     127
     117
     120
     115
     124
     123
     106
     120
     129
     133
     140
     145
     117
     141
     126
     140
     153
     209
     301
     461
     575
     627
     538
     418
     246
     178
     143
     113
     143
     107
     107
     129
     123
     111
     123
      94
     115
     122
     117
     100
     103
     110
     111
     130
     122
     119
     105
      89
     119
     132
     122
     129
     129
     122
      94
     122
     125
      98
     100
     122
      99
     109
     105
     108
     123
     109
     112
     110
     124
     114
     109
     117
     115
     100
     106
     102
     101
     112
      97
     122
     126
     115
     110
     105
      99
     102
     104
     112
     121
     103
     112
      98
     114
     103
     102
     107
     125
      82
     109
     117
     113
      88
     116
      96
      99
     117
     105
     120
     121
     100
     112
      81
     109
      97
     103
      91
     119
     111
     120
     104
     129
     143
     138
     148
     108
     115
     107
      96
     101
     113
     108
      96
     111
     136
     114
     105
     122
     107
     109
     104
     100
     113
      94
     122
     115
      88
      95
      94
     109
     100
     108
      96
     106
     107
      93
     119
      97
      91
     116
     124
     102
     102
      80
     113
      87
      94
      98
      99
     116
      97
     112
     103
      94
      88
      96
      99
      95
     109
      94
      94
      90
      98
      92
     124
      99
      96
     111
     102
     115
      96
      91
      95
     115
      98
     105
      98
     106
     106
     101
      91
      83
      94
      98
     109
      92
      89
     117
     121
     112
      86
      91
      98
      83
      87
      82
     110
      92
      90
     104
      95
      91
      95
      77
      85
      73
      91
      93
      80
      98
      78
     109
      89
     103
      87
      92
      86
      78
      92
      79
      82
      90
      95
      99
      97
     106
      97
     103
      80
      92
      97
      99
      92
      77
      92
      74
      93
      83
      81
      86
      84
      87
      87
      79
      78
      86
      99
     103
      96
      98
      79
      66
     100
      94
      92
      89
     106
      89
      81
      97
      84
      78
      74
      85
      92
      85
      73
      75
      84
      87
     100
     145
     129
     142
     159
     136
     102
      96
      75
      78
      84
      79
      90
      81
      87
      92
      83
      82
      72
      79
      92
      80
      75
      94
      73
      92
      85
      74
      81
      70
      95
      89
      46
      65
      67
      77
      82
      78
      66
      68
      82
      84
      87
      79
      82
      78
      81
      78
      78
      72
      65
      68
      91
      80
      67
      80
      73
      80
      79
      66
      72
      76
      81
      91
      88
      90
      78
      70
      74
      70
      93
      66
      77
      74
      81
      67
      79
      83
      81
      71
      68
      74
      77
      73
      79
      85
      74
      72
      76
      81
      77
      75
      80
      75
      49
      83
      85
      72
      81
      69
      71
      70
      75
      73
      96
      78
      73
      73
      67
      69
      79
      70
      73
      74
      71
      74
      71
      78
      64
      75
      72
      64
      79
      67
      70
      79
      68
      76
      62
      71
      75
      64
      71
      84
      59
      75
      46
      52
      69
      70
      77
      68
      66
      76
      60
      59
      86
      71
      64
      57
      44
      67
      72
      81
      84
      57
      71
      79
      94
      75
      64
      72
      74
      70
      88
      68
      81
      75
      72
      65
      87
      81
      51
      74
      72
      68
      72
      69
      59
      73
      68
      69
      69
      61
      60
      62
      60
      55
      58
      68
      63
      78
      59
      63
      82
      69
      75
      72
      85
      55
      70
      56
      66
      59
      78
      63
      58
      57
      64
      65
      65
      68
      66
      54
      50
      67
      77
      64
      71
      66
      62
      46
      52
      52
      68
      51
      60
      63
      79
      59
      68
      55
      65
      62
      70
      69
      55
      57
      68
      72
      56
      63
      54
      69
      57
      69
      76
      55
      64
      71
      53
      55
      56
      66
      67
      55
      58
      69
      71
      85
      55
      62
      57
      52
      60
      66
      66
      60
      74
      66
      72
      66
      48
      68
      53
      47
      53
      63
      69
      55
      62
      66
      56
      51
      53
      55
      48
      57
      64
      69
      64
      62
      68
      91
      70
      62
      71
      66
      56
      49
      47
      49
      48
      52
      46
      51
      45
      45
      69
      64
      47
      64
      60
      54
      51
      61
      66
      56
      57
      46
      54
      56
      49
      54
      54
      69
      56
      60
      55
      48
      47
      44
      60
      57
      61
      49
      55
      59
      50
      56
      53
      54
      59
      64
      56
      58
      52
      69
      50
      59
      61
      43
      55
      57
      55
      60
      42
      51
      50
      63
      55
      58
      58
      41
      42
      58
      54
      52
      47
      66
      67
      47
      50
      59
      55
      59
      57
      43
      44
      56
      53
      40
      43
      49
      55
      40
      38
      59
      66
      52
      58
      53
      59
      55
      61
      47
      54
      49
      49
      55
      43
      59
      64
      55
      44
      52
      67
      57
      61
      46
      59
      50
      72
      50
      43
      61
      57
      60
      57
      42
      53
      54
      70
      51
      50
      54
      64
      47
      57
      59
      45
      39
      59
      61
      53
      51
      60
      50
      52
      59
      41
      50
      47
      56
      54
      50
      51
      40
      52
      51
      60
      38
      46
      70
      53
      60
      51
      58
      52
      61
      48
      51
      71
      54
      38
      62
      54
      52
      63
      49
      53
      53
      54
      48
      54
      56
      49
      53
      58
      50
      49
      50
      58
      51
      45
      51
      58
      48
      43
      45
      44
      51
      56
      58
      54
      41
      38
      55
      66
      58
      54
      43
      49
      50
      63
      52
      41
      44
      51
      58
      48
      52
      50
      61
      62
      58
      59
      53
      31
      44
      43
      41
      44
      42
      52
      49
      59
      55
      43
      51
      51
      60
      42
      42
      44
      40
      63
      53
      56
      51
      44
      54
      51
      52
      45
      51
      46
      45
      43
      54
      45
      44
      43
      52
      53
      41
      35
      46
      33
      53
      49
      53
      44
      45
      60
      49
      41
      48
      43
      43
      62
      51
      31
      39
      39
      38
      38
      48
      46
      60
      52
      48
      66
      61
      72
      69
      74
      78
      54
      50
      58
      39
      38
      36
      43
      48
      58
      47
      56
      51
      39
      49
      36
      45
      36
      39
      43
      51
      39
      44
      52
      45
      49
      51
      41
      45
      43
      35
      45
      47
      45
      45
      59
      31
      36
      38
      43
      36
      56
      45
      46
      45
      32
      35
      61
      48
      36
      50
      32
      46
      46
      43
      52
      49
      38
      46
      28
      56
      42
      46
      46
      36
      35
      52
      35
      43
      40
      27
      42
      37
      46
      54
      43
      39
      34
      37
      35
      42
      40
      45
      28
      27
      45
      47
      41
      42
      29
      35
      42
      35
      47
      30
      30
      43
      48
      37
      35
      38
      50
      49
      34
      34
      40
      36
      35
      46
      40
      40
      39
      41
      46
      53
      32
      36
      40
      38
      47
      36
      40
      45
      29
      37
      38
      33
      49
      48
      35
      50
      37
      50
      41
      41
      36
      37
      45
      42
      35
      31
      38
      36
      27
      40
      36
      37
      45
      45
      34
      46
      41
      48
      39
      30
      33
      44
      40
      38
      41
      25
      41
      47
      36
      43
      38
      39
      41
      44
      28
      46
      35
      41
      48
      47
      37
      38
      45
      42
      36
      49
      41
      39
      32
      32
      39
      34
      47
      34
      34
      39
      31
      29
      42
      33
      37
      32
      39
      42
      35
      33
      38
      30
      36
      29
      37
      38
      39
      28
      42
      44
      36
      45
      35
      49
      42
      35
      35
      41
      30
      38
      35
      37
      39
      23
      36
      27
      37
      28
      37
      41
      35
      43
      37
      39
      40
      28
      31
      38
      36
      45
      37
      46
      35
      28
      27
      43
      42
      38
      41
      36
      39
      43
      28
      25
      46
      42
      42
      40
      39
      29
      36
      30
      31
      37
      40
      33
      30
      34
      42
      28
      31
      40
      33
      44
      41
      28
      36
      36
      34
      35
      21
      26
      34
      29
      44
      20
      34
      39
      48
      38
      37
      34
      39
      34
      42
      34
      44
      34
      35
      40
      30
      34
      51
      22
      35
      28
      26
      29
      42
      36
      37
      53
      28
      32
      43
      36
      40
      41
      32
      29
      32
      40
      26
      30
      24
      32
      33
      36
      31
      40
      31
      27
      33
      32
      34
      39
      25
      42
      32
      32
      24
      37
      31
      24
      32
      32
      29
      30
      25
      32
      32
      36
      32
      28
      28
      45
      31
      23
      37
      32
      31
      26
      32
      27
      28
      31
      36
      30
      36
      41
      29
      33
      32
      28
      43
      33
      49
      38
      27
      31
      30
      35
      26
      37
      30
      32
      40
      36
      37
      36
      27
      39
      37
      29
      32
      32
      31
      27
      33
      35
      37
      31
      37
      35
      34
      30
      38
      36
      33
      31
      35
      33
      30
      30
      34
      35
      33
      34
      37
      30
      37
      36
      22
      21
      29
      31
      36
      41
      38
      37
      43
      36
      32
      35
      27
      33
      25
      34
      34
      35
      26
      42
      24
      28
      25
      31
      28
      34
      24
      37
      28
      23
      34
      39
      31
      25
      38
      24
      31
      27
      22
      29
      31
      20
      27
      33
      28
      30
      21
      31
      31
      30
      22
      27
      27
      28
      26
      31
      33
      31
      26
      33
      30
      27
      39
      29
      24
      34
      24
      30
      32
      36
      28
      31
      26
      30
      25
      30
      27
      28
      31
      30
      31
      35
      30
      20
      27
      24
      34
      37
      33
      29
      28
      29
      18
      28
      31
      39
      27
      24
      25
      27
      30
      30
      28
      32
      32
      26
      28
      29
      25
      29
      33
      40
      34
      26
      33
      26
      27
      35
      34
      19
      27
      34
      48
      32
      36
      29
      32
      22
      22
      33
      25
      24
      29
      31
      31
      40
      30
      23
      36
      24
      33
      24
      39
      39
      24
      26
      29
      18
      30
      28
      29
      32
      31
      31
      24
      29
      22
      20
      28
      28
      25
      35
      31
      22
      26
      30
      38
      27
      30
      24
      28
      19
      35
      33
      29
      19
      24
      28
      30
      27
      31
      28
      35
      31
      23
      29
      29
      31
      35
      33
      24
      31
      29
      32
      28
      27
      26
      28
      33
      37
      25
      29
      38
      32
      36
      27
      32
      17
      28
      26
      28
      33
      32
      26
      27
      28
      25
      35
      30
      22
      34
      33
      23
      38
      28
      20
      21
      31
      24
      40
      25
      28
      24
      30
      17
      31
      24
      30
      23
      29
      27
      28
      19
      29
      23
      30
      27
      30
      38
      28
      26
      27
      32
      33
      26
      35
      29
      28
      32
      30
      34
      24
      35
      21
      34
      32
      27
      29
      33
      30
      28
      32
      20
      30
      35
      29
      37
      29
      25
      28
      27
      19
      27
      13
      15
      27
      32
      34
      36
      27
      24
      20
      38
      29
      23
      29
      27
      25
      33
      34
      37
      18
      27
      28
      15
      25
      40
      31
      33
      28
      23
      27
      26
      32
      24
      28
      22
      33
      20
      22
      23
      34
      23
      34
      28
      28
      25
      24
      25
      21
      25
      31
      36
      26
      19
      28
      29
      20
      30
      36
      25
      18
      31
      26
      24
      24
      25
      25
      24
      27
      26
      29
      27
      24
      22
      33
      27
      20
      28
      29
      25
      28
      29
      31
      24
      26
      31
      24
      18
      29
      31
      27
      21
      28
      30
      30
      34
      30
      37
      40
      45
      42
      56
      43
      57
      70
      75
      75
      87
      82
      70
      85
      80
      75
      74
      54
      60
      62
      40
      45
      37
      40
      43
      21
      26
      25
      30
      30
      24
      13
      24
      28
      24
      22
      35
      28
      33
      27
      33
      24
      18
      13
      27
      20
      31
      28
      23
      24
      19
      26
      21
      27
      17
      22
      30
      30
      25
      18
      24
      34
      28
      20
      25
      24
      21
      29
      22
      23
      29
      22
      29
      23
      21
      19
      28
      22
      20
      17
      20
      23
      29
      30
      26
      24
      23
      21
      26
      23
      29
      21
      26
      15
      15
      22
      22
      25
      29
      23
      31
      34
      20
      29
      29
      21
      12
      30
      21
      23
      20
      29
      20
      28
      24
      26
      24
      34
      17
      21
      27
      21
      24
      23
      26
      23
      18
      20
      22
      34
      22
      16
      26
      30
      23
      29
      23
      30
      15
      25
      27
      28
      25
      23
      22
      24
      23
      24
      20
      28
      26
      22
      23
      30
      21
      25
      23
      26
      22
      24
      22
      19
      18
      25
      23
      20
      31
      25
      26
      28
      32
      29
      25
      19
      24
      22
      25
      30
      11
      25
      15
      23
      34
      25
      30
      21
      24
      20
      21
      20
      19
      18
      28
      31
      21
      30
      25
      31
      25
      25
      17
      17
      19
      35
      19
      34
      19
      16
      20
      27
      22
      22
      22
      17
      23
      17
      26
      29
      28
      19
      33
      16
      16
      24
      21
      15
      28
      15
      15
      16
      19
      22
      25
      24
      23
      31
      25
      28
      19
      16
      19
      20
      20
      24
      17
      27
      18
      28
      27
      18
      26
      13
      25
      26
      24
      23
      22
      23
      26
      23
      22
      18
      25
      21
      16
      22
      11
      28
      20
      23
      29
      29
      26
      21
      22
      17
      24
      17
      21
      27
      16
      22
      18
      19
      17
      20
      27
      22
      20
      11
      23
      19
      24
      24
      31
      25
      25
      22
      22
      21
      17
      22
      22
      28
      12
      20
      20
      23
      23
      23
      23
      32
      22
      23
      23
      27
      16
      18
      30
      27
      27
      21
      17
      18
      31
      27
      29
      26
      26
      19
      24
      13
      14
      18
      25
      21
      24
      22
      21
      31
      20
      16
      22
      31
      33
      21
      24
      20
      19
      23
      20
      22
      28
      18
      27
      21
       8
      18
      21
      28
      26
      19
      20
      20
      33
      27
      22
      27
      22
      19
      24
      21
      27
      23
      24
      24
      26
      37
      39
      45
      41
      42
      36
      32
      30
      32
      24
      26
      19
      17
      15
      18
      23
      18
      26
      27
      19
      18
      22
      16
      21
      19
      20
      20
      19
      22
      24
      16
      17
       9
      26
      23
      18
      28
      13
      17
      25
      25
      18
      22
      14
      17
      26
      22
      24
      26
      22
      26
      18
      20
      24
      10
      22
      22
      27
      21
      15
      23
      22
      17
      22
      25
      18
      19
      24
      29
      23
      24
      21
      19
      25
      22
      26
      21
      14
      22
      19
      29
      24
      18
      16
      21
      19
      20
      18
      23
      19
      18
      29
      22
      11
      24
       9
      26
      14
      23
      19
      32
      22
      25
      18
      24
      19
      24
      12
      20
      29
      15
      21
      25
      19
      25
      12
      25
      25
      15
      16
      24
      32
      19
      19
      20
      27
      14
      18
      24
      28
      26
      34
      34
      39
      38
      36
      38
      46
      50
      40
      39
      40
      36
      33
      20
      19
      33
      20
      21
      13
      24
      16
      20
      20
      18
      17
      23
      18
      23
      24
      25
      21
      22
      21
      26
      36
      24
      25
      17
      20
      19
      17
      17
      15
      17
      22
      27
      23
      10
      15
      16
      19
      20
      14
      12
      16
      20
      32
      24
      19
      17
      21
      22
      16
      18
      18
      14
      16
      18
      19
      19
      20
      21
      19
      20
      22
      22
      14
      21
      13
      10
      15
      23
      20
      25
      17
      17
      26
      25
      21
      12
      23
      12
      22
      22
      17
      15
      18
      18
      19
      18
      22
      13
      21
      24
      18
      20
      19
      22
      23
      25
      16
      19
      20
      16
      15
      21
      24
      18
      19
      16
      18
      17
      17
      23
       8
      17
      23
      19
      16
      16
      20
      23
      14
      19
      24
      16
      14
      14
      16
      18
      17
      18
      19
      19
      20
      21
      26
      21
      21
      16
      11
      17
      16
      18
      12
      14
      10
      20
      19
      20
      20
       9
      20
      10
      17
      20
      25
      17
      20
      24
      21
      18
      20
      18
      23
       9
      15
      26
      27
      17
      14
      20
      20
      21
      16
      20
      14
      18
      19
      24
      20
      14
      23
      20
      18
      23
      19
      19
      17
      12
      15
      17
      18
      17
      12
      16
      16
      18
      26
      19
      27
      14
      18
      14
      19
      12
      22
      18
      14
      20
      16
      17
      19
      17
      12
      16
      25
      17
      18
      20
      21
      18
       9
      15
      15
      10
      13
      17
      23
      15
      15
      20
       9
      14
      19
      16
      16
      20
      17
      13
      16
      22
      19
      10
      28
      18
      13
      12
      19
      16
      17
      13
      29
      20
      19
      23
      20
      21
      22
      17
      17
      19
      17
       9
       9
      23
      23
      19
      20
      20
      17
      11
      19
      20
      24
      16
      16
      17
      14
      29
      13
      14
      11
      21
      13
       9
      10
      10
      19
      19
      18
      12
      25
      14
      15
      10
      14
       7
      27
      20
      17
      12
      25
      15
      25
      24
      20
      11
      22
      10
      24
      22
      20
      20
      23
      15
      16
      19
      17
      15
      18
      11
      11
      14
      13
      13
      23
      13
      15
      14
      14
      12
      16
      19
      25
      23
      15
      15
      15
      21
      20
      10
      16
      21
      13
      16
      24
      15
      15
      16
      21
      14
      16
      18
      20
      18
      17
      22
      13
      14
      17
      23
      19
      13
      21
      20
      10
      18
      22
      17
      19
      20
      15
      22
      16
      11
      10
      25
      11
      19
      13
      22
      22
      18
      19
      28
      14
      16
       9
      17
      16
      17
      15
      15
      12
      21
      16
      18
      20
      13
      17
      17
      11
      13
      25
      15
      30
      17
      19
      18
      18
      22
      12
      18
      31
      20
      14
      13
      12
      17
      20
      12
      13
      24
      13
      15
      19
      20
      19
      20
      24
      18
      17
      21
      19
      19
      26
      20
      19
      21
      20
      21
       9
      15
      22
      16
      23
      14
      13
      15
      13
      15
      14
      13
      16
      13
      21
      11
      19
      15
      14
      18
      11
      18
      10
      16
      21
      21
      12
      21
      22
      17
      20
      27
      20
      15
      19
      15
      13
      22
      17
      14
      17
      17
      20
      15
      17
      17
      20
      20
      19
      18
      14
      19
      24
      17
       8
       6
      14
      15
      22
      14
      13
      20
      10
      12
      15
      25
      10
      16
      17
      18
      21
      21
      15
      13
      16
      21
      19
      15
      14
      15
      15
      16
      24
      16
      14
      19
      19
      16
      18
      16
      12
      21
      13
      14
      14
      16
      14
      12
      21
      12
      10
      15
      18
      18
      13
      18
      23
      22
       9
      13
      14
      14
      11
      19
      14
      16
      20
      13
      18
      18
      16
      25
      15
      14
      21
      25
      10
      23
      11
      16
      21
      22
      13
      14
      15
      23
      27
      21
      16
      20
      21
      19
      14
      21
      17
      12
       8
      12
       8
      16
      18
       8
       6
      15
      14
      16
      17
      17
      12
      21
      21
      18
      17
      19
      26
      18
      18
      20
      15
      21
      16
      22
      16
      16
      20
      12
      18
      20
      16
      20
      16
      14
      14
      15
      15
      16
      10
      15
      10
      21
      12
      19
      16
      21
      16
      15
      10
      15
      17
      14
      20
      12
      18
      10
      16
      16
      18
      11
      13
      14
      17
      13
      19
      15
      15
      19
      15
      19
      14
      16
      12
      18
      15
      14
      17
      16
      15
       9
      13
      22
      12
      24
      16
      10
      11
      20
      18
       5
      18
      14
      16
      17
      13
      15
      15
      11
      14
      13
      12
      16
      13
      20
      15
      13
      15
      10
      13
       8
       9
      20
      16
       9
      14
      10
      22
       9
      14
      14
      14
      18
       9
      16
      17
       8
       6
      11
      18
      13
      21
      12
      15
      18
      13
      14
      17
      14
      17
      16
      15
      11
      14
       4
      13
      10
      14
      11
      15
      15
      21
      11
      13
      15
      21
      16
      18
      17
      14
      12
      16
      14
      11
      12
      22
      14
      12
      14
      11
      18
      16
      14
      12
      15
      12
      17
      16
      33
      15
      17
      13
      15
      15
       6
      11
       8
      14
      16
       8
      16
      15
      16
      14
      13
      12
      11
      12
      11
       9
      14
      20
      20
      12
       8
      16
      13
      25
      13
      10
      10
      12
      16
      22
      10
      20
      14
      16
      12
      16
      18
      18
      22
       8
      16
      16
      17
      15
      17
      12
      20
      14
      19
      21
      19
      16
      14
      14
      12
      12
      18
      10
      20
      13
      12
      15
       9
      14
      18
      11
      16
      10
       8
       9
      13
      19
      10
       5
      18
      16
      16
      17
      10
       7
      10
      12
       9
       9
      15
      22
      16
      16
      13
      16
      15
      16
      16
      11
      11
      17
      10
      14
      13
      11
       9
       9
       8
      17
      18
       9
      14
      16
      17
      19
      13
      16
       7
      13
      19
      18
      10
      10
      13
      11
      20
      11
      10
      14
      12
      15
      11
      11
       9
      11
      14
       8
      18
      14
      20
      11
      14
      14
      10
      10
       6
       7
      16
       8
      13
      13
       9
      14
      13
      11
      16
      17
      15
      15
      19
      14
      12
      12
      14
      15
       7
      12
      11
      12
      16
      13
      12
       9
      15
      18
      24
       9
      15
       8
      10
      17
      18
      15
      17
      18
      15
      13
       9
      10
      16
      18
      15
      10
      11
      10
      18
       9
      17
      17
      16
      15
      15
      17
      12
      13
      11
      10
      15
      12
      11
      14
      11
      17
      14
       6
      12
      10
       5
      16
      11
      22
      17
      17
      13
      10
      12
       9
      17
      12
       7
      11
      11
      12
      10
      16
      15
      12
       8
      14
      12
       8
       9
      18
      11
      15
      13
      23
      10
      16
      15
      13
      10
      24
      17
      22
      44
      32
      37
      59
      45
      59
      53
      61
      64
      48
      62
      37
      32
      30
      28
      18
      18
      19
      13
       9
      21
      12
       7
      10
      12
       7
      21
      10
      14
      12
      13
      13
      16
      12
       9
       8
       9
       9
      20
      17
       8
      11
      18
      12
      11
      15
      10
      20
       6
       8
      13
      13
      17
      10
      15
      19
       8
      13
      13
      12
       9
      17
      17
      12
      20
      13
      12
      19
      14
       7
      13
      12
      12
      22
      15
      14
      10
      13
      11
      11
      10
      15
      16
      11
      14
       9
      14
       6
      11
       9
       7
      12
      20
      11
      11
      12
       7
      10
      17
      12
      10
       8
      15
       6
       9
       8
      10
      11
      13
       9
      20
      11
      19
      16
      18
      12
      18
      14
      15
       5
      14
      12
      10
      10
      10
      12
       7
       9
       8
      11
      17
      16
      17
      17
      17
      12
      17
      16
       7
      15
      17
      19
      17
      19
      10
      13
      16
      12
      14
       9
      11
      13
       7
      17
       9
       8
      10
      10
      11
      10
       9
      13
      15
      14
      15
      15
       7
      13
      19
      17
      10
      12
      12
      10
       8
      12
      10
      16
      14
      11
      13
      10
      17
      18
      16
      12
       9
      16
       9
      12
       8
      11
      11
      16
      12
      17
       7
      16
       9
      17
      10
      13
       8
      15
      17
       6
       9
       9
      10
      13
      16
      12
      10
       9
       6
      13
      10
      15
      13
      11
      11
      11
      12
      13
      10
       8
      15
       7
      11
      12
       6
      12
      14
      12
      12
      17
      11
      15
      12
      12
      15
       7
       8
      10
      17
      15
       9
      12
       9
      15
      10
      14
       9
      11
      17
      12
       4
      16
       8
       7
      20
      19
      15
       7
      11
      11
      10
      15
      10
      15
      11
      10
       6
      17
       6
      18
      17
      13
      11
      14
      11
      14
       9
       8
      15
      11
      12
       9
       7
      15
      13
      15
      14
      11
      15
       7
      10
      10
       9
      18
      11
      16
      11
       9
      12
       9
      12
      12
      12
       8
       6
      10
      14
       9
      10
      19
      22
       7
       9
      13
      10
       8
      11
      16
       8
      12
      12
      12
      16
      15
      10
       8
      12
      10
      12
       4
      20
      10
      10
      13
       9
      12
      10
      12
      12
       4
      12
      11
      18
       8
      11
      11
       9
      12
      15
       8
      14
       6
      10
       7
       6
      12
       8
      13
      11
       8
      15
      12
      14
      13
      10
       5
      12
      15
      15
      11
       8
      10
       8
      13
      13
       5
       7
       6
      13
       8
       9
      10
      13
      13
      14
       7
      14
       9
      15
      12
      13
      17
       9
      12
      10
      12
      15
      13
       6
      13
      14
      12
      12
      13
       9
      19
       7
      13
      16
      11
      14
      12
      11
      13
      15
      14
      13
      15
      13
      10
       9
       9
      12
      15
       8
      12
      12
      11
      12
      17
      14
      11
      15
       9
      11
       7
       4
      14
      12
      10
      10
      11
       6
       8
      11
      12
      10
       8
       4
      13
      10
      11
      14
       4
      10
      11
      10
      10
      12
      13
      16
       6
      12
      14
       9
      12
       8
      16
      12
      12
       9
      11
      10
      13
       7
      13
       8
       6
      16
      15
       8
      11
      19
      15
      12
       7
      18
      14
       9
       4
       8
      15
      13
      10
      10
      12
       9
       9
      13
      15
       9
      12
       7
       8
      11
      14
      16
      10
       9
      22
      15
      19
      22
      19
      30
      28
      18
      29
      27
      24
      21
      15
      11
      11
      14
      12
      11
      10
       8
      10
      12
       6
      16
       7
       9
      15
       5
      12
      15
       7
      17
       8
      10
       9
      10
      16
      14
      10
       9
       5
      16
       9
      11
      11
       8
       7
      10
      11
      12
       9
       8
      10
      15
      12
      12
      13
      11
       8
      11
      12
      12
      10
      24
      10
      15
      19
       8
      11
       7
      16
      14
      12
      17
      16
       9
       9
       8
      11
      10
       9
      16
      15
      12
      15
       3
      11
      13
       9
       7
      17
      11
      11
       6
      14
       8
      10
       8
       7
      13
       9
      11
      12
      11
      11
      14
      12
      11
       9
       9
       9
       8
       4
       9
      17
      10
      16
      10
      11
       8
      12
      11
      20
      15
      12
      15
      13
      11
       9
      12
      11
      10
       2
      13
      13
      12
      12
       8
      13
       6
      10
       8
      10
      13
       8
       7
       9
      12
      14
       8
      12
      12
       6
       7
       9
       8
      13
      10
      13
       7
       9
      10
      15
       9
       7
       9
      11
      12
       8
       7
       9
      13
       7
      13
       7
      10
      11
       7
      20
      14
       8
       7
      10
      12
      13
      10
      10
       8
      11
      14
       9
      12
       7
      13
       6
      13
      12
      11
      12
       6
       8
      13
      15
       7
      14
       7
       6
       9
      14
      13
      12
      13
       8
      19
      10
      10
      11
       8
      17
      11
       9
      12
      10
      11
       4
       6
      14
      12
      17
      16
      11
      11
       9
      13
       8
      10
      11
      12
      12
      14
      13
       7
      18
      13
       8
      13
       9
       8
       6
       8
       9
       7
       9
      10
      12
       8
       5
       4
       7
       9
       9
      12
       8
       9
      11
       9
      11
      11
      12
      10
       9
       7
       8
       8
      14
       5
      11
      13
       8
       9
       4
      12
      12
      11
      14
      16
      17
      10
       9
       7
      11
      13
       7
      11
      13
      17
      11
      18
      10
       7
      13
      14
      21
       7
      18
      19
      29
      16
      16
       5
      11
       6
      14
      15
      12
       8
      11
       9
      13
      10
       9
      16
      12
       5
       9
       4
       7
       7
      10
       9
      10
       9
      10
      12
       3
       9
       7
       6
       9
       5
       9
      12
       8
       6
       8
      12
       5
       8
       5
      11
       5
       6
      12
      11
      11
      10
      14
      14
      10
       7
       3
       9
      17
       6
      18
      10
       8
      11
      12
       8
       8
       6
       8
      10
      14
       8
       6
      11
      11
       5
      10
      13
      10
       8
      14
       6
      10
      13
      13
      10
       8
      10
      11
       8
      12
      17
       6
      13
      12
       8
      12
      10
      10
      10
       9
       7
      16
       7
      11
      12
       9
       4
      15
      11
       8
      11
      15
      12
      10
       9
       4
      10
      11
       7
       9
       5
      11
       8
       7
      12
      13
      11
      13
      17
       7
       9
      17
       4
      13
       9
       6
      11
      13
      11
      12
      10
       4
       8
      12
      10
       5
      10
      12
      13
      11
      13
      11
       7
       8
       7
       9
      15
      18
       7
      11
       8
      11
      11
      10
      14
       7
      22
      12
       5
      10
      10
       8
       6
      13
       5
      11
       9
      10
      12
      13
       6
      15
       6
       7
       6
      11
       9
       7
       9
      11
       9
       6
      10
       9
       7
      12
      12
      14
       8
      11
      10
      10
      12
      10
       7
       9
       6
       6
      11
       8
      13
      11
      10
      11
       9
       6
      12
       9
       7
      11
       6
       8
      12
      12
      18
      10
      10
       8
       6
       8
      10
       8
       4
      12
      12
       7
      19
      12
      11
       9
       8
       6
       8
       7
       7
      11
       9
      13
       7
      20
       6
      10
       5
       6
       8
       7
       9
      14
       5
       7
      16
       6
      11
       7
       5
       5
      12
      12
       7
       7
      11
       6
      10
       4
      11
       8
       7
      10
       9
       6
       6
       5
      14
      12
      11
       8
      10
      14
       8
      11
       8
       9
       9
       9
      11
       8
       6
      13
      12
       8
       9
      13
       4
      13
      12
      11
       6
       7
       3
       7
      13
       7
       8
       7
       8
       3
       6
       9
       9
       9
      12
       9
       8
       9
      14
      10
       9
       6
       8
       7
       7
       4
       9
      11
       5
       9
      12
       4
       7
       9
       7
      12
      12
       5
      13
      11
       7
       8
      14
      11
       9
      13
       7
       7
      11
      10
       6
       7
      11
       9
       6
       7
       9
      10
      13
       6
      14
       7
       9
       5
      12
       6
      11
      10
       8
       8
      10
       8
       7
      10
       6
      10
      11
      10
       7
      11
       4
       8
      10
       4
      14
       9
      17
      11
      11
      15
       9
      13
       6
      10
       4
      12
      10
       8
       9
      12
       8
       8
       8
       9
       7
       9
      11
       9
       8
       7
       9
       5
       5
       9
       9
       6
       9
      12
       6
       8
       5
      12
      14
       9
       9
      10
       7
      10
      14
      10
       5
       7
      13
       5
       9
       8
       8
       6
      12
       7
       6
       6
      11
       4
       4
       6
       5
       9
       9
       7
      10
      12
       9
      15
       4
       9
       9
       8
       9
       8
       8
       6
      15
       9
      15
       5
       9
       5
       6
      11
      13
       9
      10
       8
      16
      11
      11
       7
       9
       7
       7
       8
      13
       9
      12
      10
       7
      11
      13
       7
      11
      12
       7
      10
       8
      11
       7
       5
      15
       4
      10
       8
       9
      11
       8
      12
      12
       5
       7
      12
      10
      11
      16
       6
      10
       7
       7
      17
       7
       9
       7
       5
      11
       8
      10
      11
       7
      11
      13
       9
       4
       2
       8
       8
       8
       8
      10
       9
       9
      13
       7
       8
       6
       9
       5
       9
       4
       9
       8
      10
       9
      13
       8
       7
      13
       6
       9
       9
      10
       6
       7
       9
       8
       7
      10
       9
       7
      16
       8
      10
       7
       7
      11
       3
       9
       5
       5
      11
       8
       7
       4
       9
       8
       7
       5
       8
       8
       4
       4
       8
      15
       8
       7
      15
      12
       3
      13
       2
       6
      14
       4
       8
       7
       8
       9
       8
      11
      10
       2
      10
       8
      15
      10
       7
       8
       8
      12
       3
       7
       9
       6
      13
       6
      11
       8
       9
       9
       7
       9
       5
       9
      12
       9
       7
       9
      10
       8
      14
      11
       8
      10
       8
      14
      10
       5
       8
      10
      14
       3
       9
      15
      16
       6
       6
       8
       9
       6
       8
       5
      10
       7
       5
       6
       4
       8
      10
      14
       9
       7
       5
      12
      11
      11
       7
      12
       5
       7
       6
      13
       6
       9
       9
      10
      13
      12
       9
       8
       8
       9
      10
       7
       9
       7
      12
       7
       7
      10
       7
       9
       6
       1
       8
      10
       5
       8
       3
       4
       9
       7
       5
      10
       8
       9
       8
       7
       6
      10
       3
       7
       8
       7
       7
      14
       7
      10
      11
      13
      11
      12
       8
      11
       5
       7
       9
       9
       9
       4
      13
       4
       7
       7
       6
       5
       2
       6
      12
       4
      10
      14
       6
      19
       9
      14
       5
       7
      10
       6
      11
      11
      14
      10
       7
       9
      14
      18
      21
      18
      17
      16
      11
      12
      16
      13
      12
      14
       9
      10
      16
      12
      11
       7
       9
      12
       3
       8
       7
       6
      15
      14
       7
       7
      11
       8
      16
      12
      10
      13
       7
      11
       5
       8
      10
      14
       8
       7
      11
       7
      16
       4
      10
      10
       5
       7
       9
       9
       8
       8
      14
       6
       5
      10
      11
       7
       9
       3
       9
       8
      11
       8
       8
      16
       7
       4
      10
       8
       3
       5
       6
       7
       8
       3
      11
       7
      10
      13
       5
       5
       4
       4
       8
      10
       6
      10
       9
       9
       5
       6
       4
      10
       6
      15
      12
       8
      10
       6
       9
       8
       4
      11
       5
       5
       5
      15
       6
       4
       7
       6
       9
       7
      10
      11
       7
       9
      14
      10
       6
       7
       9
       7
       6
       6
       9
       5
       5
      10
       8
      10
       5
      10
       7
       5
       8
       8
       6
       7
       5
      12
       5
      10
       7
      10
       2
      10
      10
       9
       9
       6
       9
       7
      13
       7
       7
      11
       6
       9
       7
       6
       8
      12
      14
       7
       9
       8
       6
      15
      13
       6
      16
      10
       4
      10
      13
       6
      14
       5
      14
       7
      12
       9
       8
      12
       7
       7
       5
      10
      10
       7
       9
      13
      10
       6
       7
       7
      10
       9
       9
       7
       8
       4
       4
       4
      10
      10
      14
       9
      12
       7
       4
       8
       8
      10
       7
       4
      10
       5
       2
       5
       8
       7
       9
       7
       5
      11
       3
       5
       9
       5
      11
      10
       6
       9
      14
      14
      10
       9
       9
       9
       9
       4
       7
      12
      10
       3
       8
       5
       9
       8
      10
       4
      10
       9
       6
      13
       4
       8
       6
      11
      14
       9
       7
      11
       9
      11
      12
       8
      18
       9
      16
       8
       4
      14
      13
      11
      11
       8
      11
      15
      13
       9
       7
       8
       5
      11
       9
      11
       6
      10
       9
       8
       5
       7
       8
      10
      10
       4
       6
       9
      10
       7
       7
      11
       7
       7
       7
       8
      14
       9
       7
       4
       9
       9
      10
       5
       7
       6
      11
       5
       7
       3
       7
      12
       8
      11
       6
       5
       5
       5
       4
       6
       9
      11
       4
      10
      10
      11
      11
       8
      14
       6
       7
       6
      13
       7
      12
       6
       9
       6
       7
       9
       4
       9
       8
      10
       8
       9
       7
       4
      10
       5
      12
       8
       7
       9
       9
       5
      10
      12
       8
       9
       4
       5
       8
       7
       3
      10
       7
       8
       8
       9
       5
       3
      10
       8
      12
      10
       5
      13
       7
       9
       8
       9
       8
       4
       7
      14
       6
       9
      12
       9
       6
      10
       5
       4
       6
       7
       7
       6
       6
       5
      11
       4
       7
      12
      11
       7
      10
       8
       7
      11
       8
       4
      11
       8
      10
       6
       6
       6
       8
       6
       9
      14
       7
      12
       6
       6
       6
       7
      13
      10
       7
       7
      11
      10
       5
      10
       8
       7
       6
       9
       9
       6
       9
       2
       6
       4
       5
      10
      10
       8
       9
       8
       9
       7
       8
      15
      11
       8
       6
      11
       9
       8
       7
       9
       4
       9
       7
      11
       9
       9
       7
      12
       7
      11
      10
      13
      11
       7
       9
       8
       8
       9
       6
      10
       9
       8
       9
      12
       8
      12
       8
       6
       8
      16
       6
       4
       8
       9
      10
       5
      15
      13
      11
      14
       4
      10
       8
      10
       3
       9
       5
       8
       6
       8
      11
       7
       2
      10
       9
       8
      16
       7
       8
      10
       7
       9
       7
      10
       8
       4
       5
       4
       9
      12
       4
      11
      12
      12
      10
       4
       8
      12
       8
       7
      14
       5
      11
      12
      10
       9
       8
       7
      10
       8
       9
       9
       4
       5
       4
       5
       5
       7
      14
       7
      11
       5
       6
       5
       4
       7
       6
      10
      10
       6
       8
       9
      13
      10
      10
       9
       5
       7
       4
      14
       5
       3
       7
       7
       7
       8
      11
      11
       8
      10
      12
       6
      13
      10
       5
       9
      12
       6
       8
       9
       8
       7
       5
       8
       3
      13
      12
       6
       5
       7
       5
      10
      10
       8
       5
       8
       4
       6
       9
      13
       7
       5
      12
       3
       4
       5
       8
       9
      10
       8
       9
       8
       5
       7
       6
       7
       5
       6
       8
       5
       5
       9
       5
       4
       5
       4
       7
       5
       4
      11
       8
       6
       5
       7
      10
       6
       8
       6
       7
       6
       6
       4
       6
       4
       6
       5
       1
       5
      11
       7
       6
       6
       5
       6
       6
       9
       5
       4
       9
       4
       8
       3
       7
      10
       5
       8
       9
       6
       4
       1
       5
       7
       3
       4
       4
       4
       8
       6
       6
       3
       5
       3
       3
       2
       4
       7
       5
       4
       2
       7
       5
       4
       6
       4
       5
       2
       8
       6
       9
       5
       9
       3
       8
       6
       4
       1
       6
       5
       8
       8
       9
       4
       5
       3
       4
       9
       6
       2
       3
       8
       7
       6
       6
       6
       4
       9
       6
       7
       5
       8
       3
       7
       9
       6
       8
       8
       4
       5
       2
       8
       5
       5
       4
      12
       3
       6
       3
       6
       6
      10
       9
       6
       6
       4
       3
       5
      13
       5
       9
       3
       8
       8
       6
       6
       7
       7
       2
       3
       6
       3
       9
       3
       3
       5
       5
       7
       8
      10
       3
       4
      11
       6
       4
      10
       3
       6
       3
       8
       6
       8
       3
       3
       6
       2
       7
       7
       8
       7
       4
       9
       2
       5
       7
       5
       4
       8
       5
       7
       5
       5
       4
       6
       7
       8
       4
       1
       6
       4
       6
       8
      10
       6
       5
       3
       4
       5
       3
       6
       4
       7
       4
       3
       4
       9
       7
       6
       4
       4
       7
       2
       1
       8
       7
       5
       3
       6
       3
       3
       4
       9
       3
       6
       5
       6
       5
       8
       4
       5
       6
       2
       4
       7
       5
      10
       5
       4
       5
       4
      10
       6
       5
       4
       5
       3
       6
       5
       7
       1
       3
       2
       5
       7
       7
       3
       7
       6
       4
       3
      12
       4
       5
       6
       9
       7
       5
       3
       6
       6
       7
       2
       5
       6
       8
       6
       8
       5
       3
       6
       6
       2
       8
       5
       5
       4
      10
       4
       7
       6
      12
       6
       4
       3
       5
       5
       7
       6
       7
       2
       4
       9
       6
       4
       7
       8
       5
       5
       6
       5
       4
       7
       3
       3
       5
       4
       8
       3
       2
      11
       6
       5
       4
       4
       5
       6
       7
       8
       0
       2
       2
       6
       3
       7
       4
       5
       9
       6
       7
       8
       6
       7
       5
       8
       3
       1
       5
       6
       3
       9
       3
       4
       5
       9
       5
       3
       8
       5
       2
       2
       4
       3
      10
       5
       3
       3
       3
       5
       7
       5
       9
       4
       4
       6
       2
       4
       9
       1
       5
       5
       3
       2
       3
       4
       1
       4
       2
       3
       8
       4
       8
       3
       4
       6
       5
       5
       3
       4
       8
       2
       6
       7
       4
       5
       4
       4
       3
       2
       3
       5
       6
       6
       4
       8
       5
      12
       3
       6
       7
       8
       5
       6
      10
      12
       5
       8
      12
       7
       5
       5
       7
       6
       7
       4
       3
       7
       3
       4
       5
       3
       6
       6
       7
       2
       4
       7
       2
       4
       4
       2
       5
       6
       3
       6
       4
       5
       3
       6
       5
       7
       2
       0
       5
       4
       6
       6
       3
       4
       3
       3
      10
       1
       3
       6
       3
       4
       4
       2
       5
       5
       6
       3
       3
       4
       7
       2
       3
       7
       7
       2
       3
       2
       5
       2
       8
       2
       4
       5
       7
       9
       8
       5
       6
       6
       2
       4
       3
       3
       2
       3
       3
       3
       7
       3
       6
       2
       0
       5
       6
       6
       5
       3
       3
       2
       3
       2
      10
       4
       2
       2
       5
       3
       3
       2
       3
       2
       3
       7
       4
       5
       4
       2
       3
       5
       3
       4
       0
       4
       4
       1
       2
       3
       5
       2
       4
       7
       3
       7
       2
       2
       7
       2
       4
       1
       4
       4
       2
       7
       6
       3
       5
       3
       4
       6
       6
       5
       6
       5
       4
       3
       5
       8
       3
       4
       0
       3
       1
       3
       6
       6
       7
       5
       2
       4
       5
       4
       4
       4
       3
       6
       2
       2
       4
       1
       8
       6
       2
       1
       3
       6
       3
       7
       6
       4
       2
       4
       2
       4
       2
       8
       3
       7
       7
       4
       7
       3
       3
       5
       8
       7
       5
       0
       2
       5
       3
       1
       1
       6
       7
       9
       4
       7
       4
       3
       2
       3
       4
       5
       4
       4
       6
       7
       4
       4
       4
       5
       3
      11
       6
       8
       2
       4
       7
       3
       2
       1
       4
       6
       1
       5
       6
       3
       0
       2
       2
       4
       5
       2
       3
       2
       3
       4
       2
       1
       4
       7
       3
       2
       1
       5
       5
       1
       4
       4
       4
       4
       4
       3
       4
       8
       6
       4
       7
       2
       3
       2
       3
       2
       2
       5
       2
       3
       6
       4
       5
       4
       7
       2
       5
       3
       2
       6
       4
       4
       1
       5
       8
       5
       5
       5
       3
       3
       3
       8
       1
       7
       7
       5
       2
       1
       0
       6
       3
       3
       4
       1
       6
       0
       4
       2
       1
       5
       9
       6
       6
       2
       6
       7
       4
       4
       2
       3
       3
       3
       1
       3
       1
       2
       7
       4
       4
       4
       2
       2
       3
       0
       2
       4
       6
       5
       8
       4
       4
       4
       2
       4
       8
       3
       4
       0
       5
       4
       4
       3
       8
       2
       3
       4
       3
       3
       2
       4
       5
       3
       6
       6
       5
       2
       4
       5
       3
       5
       1
       3
       7
       5
       5
       5
       2
       6
       2
       2
       6
       2
       2
       7
      11
       4
       1
       4
       5
       5
       3
       4
       4
       4
       5
       2
       3
       4
       2
       7
       4
       3
       4
       2
       3
       3
       5
       1
       3
       4
       1
       4
       5
       4
       4
       1
       3
       5
       1
       4
       3
       7
       3
       5
       1
       6
       7
       6
       6
       2
       7
       6
       5
       3
       4
       3
       3
       4
       2
       1
       5
       4
       6
       8
       5
       4
       4
       5
       3
       8
       7
       6
       5
       4
       5
       8
       2
       5
       3
       1
       5
       2
       8
       2
       4
       4
       3
       7
       9
       1
       1
       2
       4
       8
       3
       6
       5
       5
       2
       6
       4
       5
       4
       5
       5
       5
       3
       9
       2
       4
       3
       4
       2
       6
       2
       3
       4
       3
       2
       5
       4
       2
       4
       5
       5
       7
       2
       4
       5
       5
       6
       2
       1
       2
       6
       4
       2
       3
       2
       1
       7
       2
       4
       4
       6
       5
       2
       0
       4
       6
       2
       4
       2
       1
       2
       8
       3
       3
       4
       4
       6
       5
       3
       4
       4
       4
       6
       6
       4
       4
       3
       0
       7
       1
       6
       5
       3
       3
       1
       2
       4
       3
       4
       4
       3
       8
       4
       3
       5
       4
       2
       7
       9
       5
       3
       5
       5
       2
       8
       5
      10
       2
       4
       2
       6
       3
       3
       3
       3
       1
       2
       3
       3
       6
       2
       4
       3
       2
       8
       6
       7
       2
       6
       5
       5
       3
       1
       4
       4
       4
       5
       9
       9
       6
       6
       8
       4
       3
       6
      13
       5
      10
      13
      21
      13
      13
      26
      27
      34
      29
      51
      44
      48
      47
      67
      72
      67
      76
      77
      75
      72
      63
      71
      60
      46
      55
      33
      40
      28
      22
      17
      20
      20
       7
       4
       8
       5
       1
       6
       3
       5
       3
       5
       1
       1
       3
       2
       4
       1
       2
       2
       4
       2
       0
       4
       3
       0
       0
       1
       6
       0
       1
       1
       2
       1
       2
       3
       2
       4
       2
       3
       1
       2
       3
       1
       5
       4
       2
       3
       3
       3
       0
       0
       4
       1
       2
       3
       3
       0
       0
       2
       1
       1
       3
       1
       3
       4
       1
       7
       4
       2
       4
       0
       6
       1
       1
       3
       4
       4
       3
       3
       4
       4
       2
       4
       4
       2
       1
       5
       3
       4
       5
       4
       3
       3
       1
       3
       3
       0
       1
       2
       1
       3
       5
       3
       1
       3
       0
       1
       1
       3
       1
       2
       5
       0
       0
       0
       0
       2
       2
       7
       2
       4
       2
       3
       3
       2
       4
       1
       1
       1
       4
       2
       2
       4
       1
       2
       2
       4
       3
       2
       8
       1
       0
       3
       0
       1
       2
       4
       1
       3
       4
       2
       3
       3
       5
       3
       6
       3
       3
       5
       2
       0
       4
       3
       3
       3
       4
       5
       0
       3
       1
       1
       4
       5
       5
       2
       1
       5
       6
       3
       3
       1
       3
       2
       1
       0
       3
       3
       4
       2
       2
       4
       7
       3
       2
       2
       3
       2
       3
       6
       3
       1
       2
       1
       7
       2
       0
       2
       4
       2
       5
       2
       3
       1
       2
       1
       5
       4
       3
       3
       1
       3
       2
       3
       2
       4
       0
       3
       2
       2
       1
       3
       4
       1
       1
       1
       3
       6
       5
       2
       3
       3
       1
       6
       1
       2
       2
       4
       7
       2
       0
       2
       2
       1
       1
       3
       3
       3
       1
       1
       2
       5
       3
       2
       2
       1
       2
       2
       5
       3
       2
       2
       0
       1
       6
       4
       2
       2
       3
       0
       3
       1
       0
       2
       3
       1
       3
       4
       4
       1
       3
       2
       3
       1
       3
       4
       5
       1
       4
       2
       1
       4
       2
       3
       2
       3
       3
       1
       2
       2
       2
       1
       3
       3
       1
       4
       3
       2
       3
       3
       5
       3
       3
       0
       2
       2
       7
       2
       1
       2
       3
       4
       0
       4
       3
       1
       1
       1
       3
       1
       3
       1
       2
       2
       1
       1
       3
       1
       2
       4
       1
       2
       3
       5
       0
       3
       4
       2
       3
       1
       5
       1
       2
       1
       4
       1
       3
       2
       2
       1
       5
       1
       2
       5
       1
       4
       5
       2
       3
       1
       4
       3
       3
       3
       3
       2
       4
       4
       3
       0
       7
       4
       2
       1
       3
       2
       3
       1
       0
       2
       3
       2
       1
       1
       1
       1
       4
       1
       2
       1
       2
       2
       0
       1
       1
       1
       3
       1
       2
       1
       4
       0
       2
       2
       5
       1
       3
       5
       2
       0
       4
       1
       6
       2
       2
       1
       1
       2
       4
       1
       1
       4
       2
       2
       4
       0
       2
       3
       3
       1
       2
       1
       0
       1
       3
       0
       1
       1
       2
       1
       4
       0
       2
       2
       3
       4
       4
       5
       0
       1
       2
       5
       1
       2
       2
       1
       2
       0
       4
       0
       1
       0
       7
       1
       4
       1
       4
       2
       2
       2
       2
       1
       1
       2
       4
       1
       2
       3
       5
       1
       0
       4
       1
       2
       3
       2
       1
       2
       0
       2
       2
       1
       0
       3
       2
       0
       1
       1
       2
       5
       2
       2
       2
       2
       1
       1
       2
       1
       3
       2
       0
       0
       3
       1
       1
       2
       5
       4
       1
       6
       4
       2
       4
       0
       3
       3
       3
       0
       0
       3
       3
       1
       2
       2
       3
       0
       0
       4
       0
       3
       4
       2
       2
       3
       0
       0
       0
       0
       0
       0
       0
       0
       0
       0
       0
       0
       0
       0
       0
       0
       0
       0
       0
       0
       0
       0
       0
       0
       0
       0
       0
       0
       0
       0
       0
       0
       0
       0
       0
       0
       0
       0
       0
       0
       0
       0
       0
       0
       0
       0
       0
       0
       0
       0
       0
       0
       0
       0
       0
       0
       0
       0
       0
       0
       0
       0
       0
       0
       0
       0
       0
       0
       0
       0
       0
       0
       0
       0
       0
       0
       0
       0
       0
       0
       0
       0
       0
       0
       0
       0
       0
       0
       0
       0
       0
       0
       0
       0
       0
       0
       0
       0
       0
       0
       0
       0
       0
       0
       0
       0
       0
       0
       0
       0
       0
       0
       0
       0
       0
       0
       0
       0
       0
       0
       0
       0
       0
       0
       0
       0
       0
       0
$ROI:
1
4146 4168
$PRESETS:
None
0
0
$ENER_FIT:
0.196194 0.194904
$MCA_CAL:
3
1.961942E-001 1.949036E-001 3.834765E-008 keV
$SHAPE_CAL:
3
0.000000E+000 0.000000E+000 0.000000E+000
