$SPEC_ID:
HFNG Beamline
$SPEC_REM:
DET# 2
DETDESC# EasyMCA
AP# Maestro Version 7.01
$DATE_MEA:
04/21/2018 11:29:49
$MEAS_TIM:
174051 174060
$DATA:
0 8191
       0
       0
       0
       0
       0
       0
       0
       0
       0
       0
       0
       0
       0
       0
       0
       0
       0
       0
       0
       0
       0
       0
       0
       0
       0
       0
       0
       0
       0
       0
       0
       0
       0
       0
       0
       0
       0
       0
       0
       0
       0
       0
       0
       0
       0
       0
       0
      17
     544
     742
     677
     619
     661
     670
     689
     698
     714
     705
     715
     737
     693
     736
     680
     711
     713
     688
     709
     676
     684
     651
     705
     683
     684
     636
     637
     676
     657
     609
     644
     654
     609
     591
     677
     608
     588
     585
     633
     625
     601
     616
     573
     576
     631
     569
     592
     640
     558
     543
     592
     510
     596
     595
     593
     575
     593
     566
     558
     552
     605
     499
     557
     555
     569
     503
     540
     516
     532
     539
     549
     489
     574
     495
     528
     548
     476
     527
     503
     522
     524
     491
     487
     521
     488
     515
     449
     516
     505
     490
     508
     469
     515
     479
     545
     506
     499
     460
     468
     464
     491
     518
     462
     467
     487
     441
     468
     492
     440
     469
     501
     450
     490
     455
     496
     442
     453
     436
     472
     458
     450
     440
     426
     448
     427
     468
     436
     444
     472
     432
     438
     431
     443
     449
     472
     405
     416
     431
     386
     426
     399
     434
     429
     416
     422
     416
     428
     404
     398
     407
     406
     430
     407
     399
     389
     425
     456
     414
     417
     432
     360
     415
     392
     391
     409
     396
     424
     380
     414
     370
     363
     366
     411
     359
     379
     402
     347
     384
     417
     391
     388
     392
     391
     375
     396
     373
     384
     354
     349
     389
     397
     382
     384
     352
     365
     379
     368
     355
     397
     349
     361
     372
     399
     356
     371
     347
     358
     366
     349
     364
     371
     366
     368
     368
     370
     365
     396
     400
     365
     380
     358
     369
     348
     352
     371
     414
     420
     379
     377
     384
     384
     353
     389
     384
     369
     416
     352
     350
     356
     350
     344
     362
     381
     352
     325
     365
     394
     399
     353
     364
     381
     400
     406
     404
     379
     384
     384
     371
     397
     391
     392
     388
     370
     372
     392
     415
     394
     353
     367
     393
     350
     401
     407
     385
     400
     395
     387
     424
     395
     383
     372
     383
     370
     372
     376
     398
     394
     380
     389
     406
     368
     394
     388
     392
     383
     397
     328
     361
     391
     371
     390
     383
     405
     397
     408
     378
     374
     421
     414
     400
     409
     373
     394
     407
     402
     412
     411
     387
     374
     432
     403
     417
     476
     585
     692
     835
     901
     826
     640
     444
     399
     417
     441
     491
     671
     930
    1252
    1386
    1135
     790
     520
     373
     365
     362
     363
     385
     368
     369
     360
     367
     353
     375
     380
     395
     401
     369
     327
     357
     393
     374
     382
     338
     353
     356
     356
     322
     373
     339
     367
     393
     367
     352
     340
     358
     357
     362
     358
     358
     342
     392
     365
     393
     441
     508
     575
     715
     754
     771
     724
     669
     511
     420
     372
     335
     328
     335
     336
     375
     432
     467
     549
     509
     457
     391
     339
     360
     293
     307
     325
     324
     339
     316
     339
     405
     405
     394
     309
     341
     333
     319
     310
     328
     359
     290
     416
     448
     483
     483
     526
     500
     443
     430
     398
     383
     336
     330
     328
     317
     296
     324
     345
     305
     331
     287
     318
     368
     342
     326
     296
     305
     316
     317
     314
     321
     324
     321
     362
     350
     335
     328
     330
     296
     303
     328
     341
     333
     312
     331
     298
     306
     347
     312
     310
     334
     279
     322
     315
     325
     318
     354
     286
     303
     342
     340
     348
     267
     301
     305
     348
     337
     328
     322
     346
     334
     316
     367
     328
     319
     331
     329
     332
     302
     319
     335
     304
     348
     317
     342
     347
     329
     369
     360
     348
     336
     328
     330
     335
     306
     321
     337
     297
     342
     344
     332
     302
     336
     329
     354
     335
     345
     352
     352
     329
     328
     316
     335
     338
     337
     316
     314
     352
     333
     296
     315
     309
     303
     338
     310
     342
     320
     349
     325
     292
     312
     328
     353
     320
     330
     355
     323
     321
     324
     361
     306
     337
     354
     320
     316
     334
     335
     343
     359
     318
     322
     341
     357
     319
     316
     318
     322
     331
     322
     345
     347
     322
     342
     334
     318
     350
     347
     346
     342
     322
     337
     305
     347
     354
     308
     337
     340
     331
     311
     327
     294
     309
     345
     318
     328
     333
     338
     320
     315
     314
     330
     286
     321
     335
     325
     299
     346
     330
     352
     337
     385
     323
     318
     301
     332
     324
     329
     312
     322
     339
     309
     315
     349
     329
     311
     345
     323
     299
     291
     317
     312
     310
     333
     316
     298
     306
     323
     312
     296
     303
     319
     327
     316
     313
     307
     287
     312
     331
     319
     324
     310
     316
     302
     299
     317
     302
     297
     313
     297
     322
     312
     345
     316
     307
     279
     308
     323
     312
     333
     349
     331
     324
     326
     326
     381
     444
     511
     536
     539
     417
     367
     332
     310
     291
     317
     304
     301
     328
     314
     295
     292
     311
     291
     285
     297
     301
     345
     278
     278
     301
     276
     325
     296
     280
     307
     305
     308
     301
     313
     291
     299
     306
     294
     309
     314
     282
     314
     306
     302
     319
     315
     288
     269
     308
     306
     288
     298
     282
     290
     272
     290
     271
     302
     304
     301
     294
     297
     290
     296
     273
     265
     310
     283
     285
     284
     304
     312
     301
     258
     282
     258
     278
     267
     296
     301
     288
     324
     290
     324
     298
     253
     256
     271
     279
     312
     274
     268
     308
     281
     278
     267
     254
     286
     305
     316
     304
     357
     386
     350
     358
     326
     282
     304
     298
     275
     302
     277
     281
     271
     265
     290
     259
     270
     263
     263
     276
     267
     270
     257
     269
     280
     255
     279
     271
     269
     263
     230
     276
     253
     260
     264
     241
     251
     270
     273
     250
     282
     261
     283
     263
     270
     283
     267
     279
     260
     287
     286
     270
     209
     250
     275
     259
     230
     257
     247
     287
     257
     245
     247
     277
     269
     253
     254
     281
     251
     265
     262
     247
     275
     263
     273
     246
     299
     262
     246
     251
     265
     247
     252
     232
     239
     245
     283
     249
     235
     257
     286
     260
     270
     232
     234
     277
     269
     290
     269
     292
     283
     245
     287
     255
     221
     274
     231
     285
     250
     257
     271
     314
     445
     567
     867
    1123
    1283
    1108
     852
     535
     346
     272
     241
     237
     226
     229
     213
     251
     217
     252
     217
     205
     186
     245
     199
     220
     236
     231
     217
     248
     221
     249
     213
     242
     262
     217
     227
     215
     258
     220
     259
     227
     226
     220
     243
     233
     226
     238
     198
     240
     225
     222
     243
     224
     239
     215
     226
     220
     251
     230
     247
     228
     228
     225
     204
     237
     198
     192
     226
     245
     221
     208
     180
     206
     237
     225
     232
     218
     225
     236
     216
     225
     222
     229
     170
     215
     228
     242
     242
     243
     231
     240
     216
     206
     228
     234
     208
     203
     194
     238
     207
     220
     202
     238
     271
     287
     306
     285
     257
     280
     219
     210
     222
     210
     241
     223
     186
     189
     212
     208
     202
     201
     250
     220
     221
     221
     221
     214
     186
     197
     203
     183
     199
     191
     209
     195
     215
     204
     204
     187
     195
     191
     187
     208
     200
     193
     202
     203
     211
     194
     213
     207
     200
     212
     183
     215
     193
     189
     190
     199
     198
     182
     200
     202
     187
     177
     190
     189
     200
     181
     188
     205
     177
     209
     164
     216
     184
     216
     164
     174
     185
     212
     185
     185
     186
     181
     195
     197
     193
     187
     210
     190
     175
     187
     206
     197
     187
     190
     176
     187
     171
     180
     193
     198
     176
     197
     180
     179
     183
     173
     190
     172
     177
     178
     187
     173
     167
     177
     192
     173
     183
     171
     160
     176
     188
     176
     187
     188
     174
     190
     181
     177
     185
     193
     174
     174
     190
     185
     182
     171
     154
     163
     147
     176
     179
     169
     155
     187
     172
     179
     167
     169
     190
     173
     160
     153
     185
     189
     182
     176
     168
     166
     193
     177
     168
     160
     178
     145
     165
     178
     155
     166
     184
     211
     210
     265
     302
     318
     305
     301
     250
     222
     182
     169
     168
     170
     180
     184
     170
     171
     184
     183
     188
     183
     180
     177
     205
     176
     175
     155
     148
     177
     175
     166
     162
     170
     150
     173
     163
     150
     154
     163
     153
     155
     125
     150
     157
     122
     198
     154
     166
     160
     148
     142
     160
     149
     138
     165
     152
     147
     135
     177
     131
     162
     148
     156
     152
     152
     135
     138
     157
     156
     148
     145
     151
     131
     143
     159
     132
     145
     173
     141
     147
     160
     149
     159
     152
     144
     158
     161
     150
     151
     143
     151
     151
     136
     138
     154
     153
     144
     139
     159
     178
     130
     157
     164
     140
     145
     161
     168
     151
     153
     158
     141
     134
     149
     158
     132
     132
     153
     125
     151
     138
     148
     139
     148
     137
     140
     141
     142
     137
     137
     145
     139
     141
     149
     140
     126
     156
     149
     142
     149
     148
     142
     138
     126
     135
     149
     145
     150
     146
     138
     148
     144
     125
     135
     145
     126
     161
     131
     124
     109
     137
     158
     125
     134
     139
     156
     148
     137
     125
     122
     147
     135
     148
     134
     136
     132
     151
     135
     132
     166
     128
     127
     141
     137
     104
     132
     125
     160
     113
     127
     143
     129
     127
     143
     127
     153
     122
     128
     145
     136
     144
     117
     144
     137
     135
     107
     117
     127
     143
     126
     135
     153
     134
     121
     139
     140
     133
     138
     118
     137
     141
     137
     136
     133
     117
     144
     132
     121
     118
     124
     127
     133
     119
     138
     117
     120
     128
     137
     117
     110
     136
     114
     135
     118
     127
     109
     127
     114
     137
     123
     136
     128
     102
     110
     131
     115
     119
     125
     120
     140
     130
     123
     134
     118
     114
     124
     119
     126
     115
     147
     119
     120
     124
     140
     118
     109
     124
     115
     120
     122
     133
     132
     103
     120
     113
     128
     124
     125
     126
     109
     122
     133
     142
     140
     143
     165
     146
     154
     134
     122
     122
     117
     120
     104
     135
     130
     112
     114
     121
     118
     128
     111
     111
     119
     129
     113
     118
     117
     137
     128
     119
     116
     132
      92
     114
      97
     113
     105
     130
     100
     119
     118
      99
     119
     121
     129
     132
     147
     113
     132
     106
     137
     118
     122
     144
     111
     101
      88
      98
     122
      85
     102
     108
     101
     116
     107
     112
     109
     112
     104
     110
      90
      99
     108
     110
     114
     105
     102
      99
     129
      98
      98
     109
      99
     107
     116
     108
     118
     101
     112
     123
     105
      92
     113
     107
     112
     101
      96
     111
     100
     107
      95
     110
     121
     101
      86
     103
      97
     103
     118
     110
     105
     103
     102
     117
      95
     118
     104
     108
     108
     114
     108
      99
      95
     106
     114
     120
      89
      99
     104
     113
      96
     127
     101
      84
     115
     105
      99
      98
      96
     101
     111
     106
      94
     103
     101
     104
     104
      90
     106
     112
     102
      85
     105
     111
     105
     110
     109
     114
     107
      99
      94
     116
      92
      86
     105
     116
     110
      84
     122
     119
     100
     108
     108
      99
      93
     103
      87
      97
     111
     112
      89
     115
     100
      92
     100
     102
      98
     108
      98
      94
      97
      95
     104
      84
      88
     104
     101
      91
     100
     112
      72
     105
     104
     110
      96
      94
      95
     106
      91
      88
     109
      98
      97
      82
      90
      95
     108
     105
     110
     108
      95
     108
      84
     120
     121
     129
     138
     130
     113
     109
     117
      98
      93
      93
     101
      82
     105
      94
     106
      94
     102
      96
      97
      84
      90
     104
      89
      97
      86
      86
      84
      93
      99
     104
     103
      98
     107
      98
      78
     111
     105
      94
      90
      88
      78
      85
      86
      98
      91
      96
      92
      95
      90
      97
      85
     100
      98
      81
     107
     108
     103
      85
      95
      79
     104
      84
      83
     109
     108
     101
     114
     107
     117
     137
     134
     155
     151
     122
     115
     108
      93
      99
     106
      90
      85
      93
      74
     101
      86
      99
      98
     104
      82
      83
      87
      70
      79
      75
      76
      90
      97
      73
     109
      98
      84
     103
      89
      93
      84
      69
      84
      83
      76
      94
      80
      93
      98
      84
      92
      77
      72
      95
      73
      67
      94
      77
      85
      73
      93
      92
      98
      86
      84
      71
      76
      85
      94
      91
      85
      80
      89
      91
      72
      73
      73
     103
      81
      82
      82
      87
      86
      83
      76
      86
      63
      84
      83
      87
      90
      74
      90
      77
      88
      84
      79
      77
      97
      72
      90
      82
      76
      81
      84
      75
      80
      78
      80
      85
      88
      64
      74
     103
      97
      98
      61
      89
      83
      91
      83
      87
      79
      82
      80
      83
      71
      76
      66
      88
      86
      78
      82
      93
      77
      86
      53
      64
      83
      67
      81
      80
      89
      71
      88
      70
      70
      80
      81
      78
      80
      64
      72
      68
      72
      71
      75
      54
      90
      73
      79
      76
      79
      68
      79
      88
      72
      80
      89
      92
      65
      67
      75
      81
      73
      68
      83
      82
      61
      75
      63
      59
      85
      93
      66
      76
      73
      70
      73
      80
      82
      65
      83
      82
      87
      71
      68
      63
      79
      65
      74
      71
      64
      73
      78
      75
      71
      69
      80
      51
      84
      79
      92
      67
      69
      71
      74
      56
      75
      68
      61
      92
      73
      63
      62
      61
      63
      69
      84
      68
      84
      80
      70
      72
      90
      73
      65
      69
      73
      80
      63
      64
      67
      73
      65
      85
      61
      61
      68
      72
      85
      77
      72
      84
      86
      61
      76
      77
      68
      82
      55
      58
      78
      53
      72
      70
      75
      82
      69
      74
      75
      78
      73
      68
      76
      67
      69
      76
      68
      90
      62
      62
      70
      77
      78
      70
      59
      72
      66
      69
      65
      64
      65
      70
      67
      82
      79
      57
      68
      57
      75
      74
      70
      71
      72
      62
      54
      76
      72
      75
      66
      88
      80
      70
      63
      77
      66
      78
      74
      70
      50
      69
      71
      83
      87
      84
      74
      75
      76
      75
      75
      72
      62
      50
      79
      65
      58
      79
      76
      64
      71
      61
      56
      73
      69
      63
      63
      64
      66
      81
      75
      92
      66
      64
      72
      65
      73
      65
      62
      70
      74
      55
      73
      56
      64
      58
      64
      64
      63
      79
      64
      56
      68
      74
      70
      61
      67
      70
      77
      68
      66
      57
      76
      62
      79
      61
      57
      66
      59
      77
      60
      64
      57
      66
      67
      57
      55
      57
      69
      77
      77
      54
      64
      68
      56
      70
      59
      65
      52
      57
      62
      80
      61
      72
      61
      56
      56
      66
      55
      71
      60
      59
      86
      69
      83
      77
      85
      74
      73
      78
      61
      68
      83
      66
      73
      62
      78
      64
      63
      65
      61
      51
      58
      65
      73
      74
      64
      73
      65
      68
      68
      49
      62
      72
      71
      60
      70
      69
      58
      63
      62
      58
      58
      68
      52
      67
      60
      57
      60
      65
      59
      65
      67
      67
      55
      50
      63
      57
      68
      73
      51
      72
      61
      60
      58
      68
      64
      56
      77
      49
      61
      59
      71
      52
      47
      50
      64
      82
      45
      59
      63
      60
      58
      54
      69
      62
      44
      58
      61
      73
      62
      65
      65
      73
      63
      54
      54
      57
      61
      64
      64
      59
      47
      64
      61
      47
      50
      58
      64
      70
      65
      63
      68
      65
      51
      63
      53
      63
      46
      57
      50
      51
      57
      51
      57
      36
      63
      56
      57
      58
      73
      62
      65
      63
      66
      67
      66
      61
      54
      51
      61
      48
      61
      44
      42
      54
      53
      66
      61
      51
      62
      67
      76
      64
      68
      67
      54
      84
      68
      71
      60
      57
      56
      73
      55
      47
      61
      41
      51
      53
      60
      58
      66
      57
      59
      59
      55
      80
      61
      58
      64
      50
      48
      54
      56
      51
      54
      54
      58
      57
      62
      52
      54
      67
      49
      64
      62
      55
      57
      58
      55
      63
      55
      76
      59
      56
      47
      53
      56
      46
      69
      55
      55
      48
      59
      60
      65
      66
      57
      62
      50
      60
      58
      54
      57
      54
      54
      69
      54
      42
      58
      55
      49
      63
      46
      48
      57
      51
      74
      49
      49
      56
      58
      51
      54
      35
      63
      69
      63
      67
      67
      50
      57
      71
      50
      65
      55
      60
      59
      61
      61
      52
      56
      52
      57
      42
      54
      53
      57
      55
      60
      69
      56
      58
      52
      55
      58
      62
      53
      44
      46
      49
      63
      62
      47
      50
      54
      54
      59
      61
      44
      46
      44
      62
      58
      52
      45
      53
      63
      48
      59
      55
      55
      64
      65
      52
      53
      53
      67
      59
      44
      64
      59
      48
      49
      65
      47
      56
      45
      67
      48
      47
      65
      48
      60
      40
      57
      51
      47
      53
      54
      51
      59
      63
      48
      73
      49
      60
      55
      45
      46
      56
      60
      48
      50
      50
      44
      56
      46
      57
      62
      57
      51
      46
      47
      50
      48
      56
      41
      50
      56
      64
      68
      55
      50
      48
      61
      58
      49
      51
      40
      50
      67
      65
      57
      62
      54
      47
      52
      62
      43
      60
      51
      45
      47
      57
      53
      55
      62
      62
      64
      67
      80
      91
     123
     117
     108
     128
     131
     153
     172
     168
     158
     168
     159
     148
     141
     135
     118
     103
      83
      90
      72
      60
      71
      61
      53
      60
      41
      61
      55
      51
      44
      43
      58
      41
      41
      54
      42
      52
      45
      54
      48
      52
      51
      64
      42
      45
      55
      49
      40
      52
      48
      58
      52
      49
      37
      49
      53
      55
      47
      55
      50
      41
      50
      53
      51
      37
      44
      52
      58
      50
      50
      48
      41
      37
      35
      47
      40
      46
      44
      57
      40
      52
      56
      49
      67
      45
      42
      48
      48
      61
      38
      42
      44
      51
      52
      48
      52
      45
      44
      41
      53
      46
      40
      57
      54
      55
      42
      38
      52
      51
      58
      60
      37
      51
      51
      52
      42
      45
      46
      41
      47
      47
      46
      36
      58
      47
      44
      35
      53
      51
      53
      43
      38
      44
      41
      31
      48
      46
      53
      35
      39
      49
      47
      48
      51
      52
      50
      40
      52
      43
      38
      47
      40
      49
      48
      42
      46
      44
      53
      43
      48
      51
      33
      47
      46
      42
      53
      48
      49
      36
      39
      45
      52
      45
      51
      44
      40
      43
      37
      48
      42
      42
      56
      43
      33
      38
      42
      41
      39
      48
      43
      59
      41
      50
      42
      54
      56
      41
      51
      43
      39
      60
      50
      47
      51
      49
      39
      39
      48
      52
      42
      43
      42
      46
      39
      61
      39
      40
      46
      46
      44
      42
      48
      37
      55
      46
      56
      44
      43
      54
      46
      44
      62
      31
      40
      39
      41
      44
      41
      45
      39
      52
      49
      49
      51
      34
      33
      48
      50
      41
      49
      44
      59
      44
      54
      39
      44
      49
      40
      45
      59
      43
      44
      53
      47
      48
      42
      41
      48
      46
      51
      49
      51
      45
      47
      30
      35
      38
      48
      40
      44
      45
      45
      46
      34
      42
      43
      50
      38
      38
      55
      27
      38
      38
      44
      49
      38
      47
      40
      49
      46
      51
      59
      45
      37
      45
      52
      46
      47
      50
      48
      43
      53
      45
      42
      45
      44
      53
      43
      32
      44
      39
      43
      40
      43
      50
      50
      40
      42
      53
      41
      43
      51
      43
      29
      39
      38
      41
      33
      34
      35
      44
      54
      45
      44
      44
      46
      34
      65
      31
      38
      46
      44
      32
      56
      39
      49
      48
      52
      43
      47
      39
      56
      35
      38
      37
      45
      37
      40
      43
      54
      55
      62
      40
      46
      66
      67
      68
      70
      64
      81
      75
      68
      64
      66
      60
      40
      51
      51
      40
      41
      32
      40
      35
      38
      46
      39
      39
      47
      48
      35
      47
      49
      32
      52
      42
      45
      25
      40
      54
      44
      40
      49
      41
      58
      49
      48
      48
      52
      35
      51
      45
      43
      46
      43
      54
      44
      49
      35
      40
      42
      44
      32
      32
      36
      44
      51
      50
      45
      47
      36
      37
      38
      40
      44
      35
      43
      42
      30
      50
      49
      37
      52
      37
      45
      48
      39
      44
      47
      44
      35
      37
      44
      49
      39
      46
      41
      43
      41
      35
      53
      44
      41
      39
      50
      50
      36
      34
      52
      35
      45
      35
      44
      38
      40
      41
      38
      50
      30
      41
      36
      34
      46
      49
      44
      50
      42
      42
      46
      40
      40
      39
      38
      30
      41
      31
      46
      51
      55
      62
      59
      80
     102
      80
     110
     111
      82
      81
      72
      57
      60
      54
      37
      40
      33
      35
      42
      48
      43
      44
      42
      48
      30
      55
      38
      43
      47
      55
      44
      35
      45
      55
      44
      53
      42
      49
      31
      46
      40
      36
      34
      34
      37
      38
      42
      41
      37
      33
      40
      44
      34
      46
      43
      38
      42
      30
      39
      28
      43
      39
      44
      36
      42
      32
      34
      34
      42
      33
      40
      33
      40
      45
      43
      47
      41
      40
      41
      33
      45
      33
      41
      42
      26
      43
      39
      35
      34
      46
      41
      25
      34
      38
      29
      28
      36
      42
      44
      46
      34
      41
      42
      50
      32
      37
      36
      32
      41
      36
      30
      29
      28
      26
      36
      33
      40
      49
      39
      38
      42
      38
      44
      40
      43
      35
      38
      32
      43
      36
      30
      34
      37
      32
      38
      35
      38
      35
      36
      38
      35
      30
      46
      42
      34
      42
      40
      42
      40
      41
      39
      29
      36
      30
      33
      46
      35
      29
      26
      40
      40
      42
      26
      30
      38
      27
      40
      26
      41
      40
      26
      25
      39
      34
      26
      39
      39
      32
      23
      32
      25
      35
      32
      32
      28
      30
      32
      42
      32
      24
      45
      30
      41
      32
      41
      31
      49
      41
      51
      23
      29
      35
      36
      34
      33
      24
      39
      44
      38
      35
      35
      39
      42
      39
      45
      32
      44
      36
      33
      31
      37
      29
      29
      24
      37
      24
      33
      38
      27
      33
      41
      37
      28
      34
      34
      28
      39
      40
      45
      34
      28
      35
      28
      38
      32
      46
      34
      30
      39
      32
      47
      34
      41
      37
      46
      34
      31
      25
      36
      36
      39
      26
      34
      37
      36
      44
      34
      35
      29
      41
      39
      32
      45
      33
      37
      21
      38
      31
      37
      56
      48
      39
      34
      34
      41
      46
      46
      37
      39
      47
      38
      43
      39
      40
      36
      41
      33
      34
      31
      33
      41
      37
      37
      43
      36
      23
      30
      42
      36
      34
      36
      34
      42
      45
      33
      30
      28
      30
      28
      34
      37
      28
      23
      33
      39
      36
      29
      43
      28
      32
      32
      38
      28
      37
      38
      39
      38
      30
      22
      28
      36
      22
      28
      37
      36
      18
      22
      30
      32
      35
      35
      32
      34
      34
      19
      32
      41
      25
      34
      28
      43
      29
      27
      42
      36
      35
      36
      27
      31
      20
      33
      33
      37
      34
      30
      40
      44
      32
      26
      27
      29
      41
      35
      35
      28
      38
      35
      35
      28
      39
      30
      34
      37
      38
      28
      29
      23
      37
      30
      31
      31
      32
      29
      33
      31
      32
      35
      37
      32
      24
      27
      28
      35
      33
      23
      32
      32
      33
      40
      33
      33
      23
      46
      34
      34
      35
      30
      35
      28
      37
      54
      40
      35
      29
      32
      35
      35
      26
      34
      38
      30
      31
      27
      35
      33
      35
      36
      37
      33
      21
      24
      36
      31
      36
      41
      40
      35
      41
      39
      34
      25
      38
      27
      28
      35
      33
      40
      33
      33
      30
      38
      38
      29
      39
      27
      35
      23
      38
      32
      29
      36
      38
      33
      19
      26
      35
      31
      28
      26
      22
      48
      33
      26
      30
      21
      42
      32
      30
      20
      25
      40
      37
      34
      32
      27
      33
      24
      37
      21
      43
      24
      32
      45
      25
      32
      24
      28
      37
      30
      33
      28
      16
      27
      35
      24
      30
      27
      26
      33
      28
      37
      30
      24
      40
      33
      23
      36
      27
      32
      28
      39
      32
      25
      36
      26
      33
      29
      21
      40
      33
      33
      29
      23
      30
      31
      32
      32
      28
      37
      35
      35
      34
      34
      31
      32
      32
      26
      31
      40
      38
      31
      37
      35
      28
      35
      30
      29
      35
      31
      35
      31
      38
      30
      36
      44
      37
      46
      41
      31
      39
      34
      37
      45
      35
      34
      40
      33
      38
      28
      42
      29
      38
      28
      22
      27
      28
      43
      23
      34
      36
      40
      35
      45
      40
      39
      41
      30
      28
      36
      23
      28
      35
      28
      34
      25
      31
      27
      37
      19
      26
      19
      32
      30
      33
      22
      25
      39
      29
      25
      27
      26
      28
      39
      36
      42
      31
      22
      32
      30
      24
      30
      34
      31
      27
      29
      31
      43
      30
      26
      28
      27
      32
      29
      24
      30
      28
      35
      17
      33
      20
      33
      16
      47
      25
      33
      29
      27
      27
      29
      38
      24
      26
      35
      30
      30
      28
      26
      23
      36
      24
      28
      31
      38
      31
      33
      36
      35
      28
      29
      27
      23
      28
      32
      24
      27
      28
      24
      26
      31
      27
      28
      24
      25
      38
      23
      32
      23
      32
      27
      31
      34
      22
      26
      23
      28
      26
      29
      16
      32
      34
      36
      29
      33
      31
      36
      33
      23
      18
      20
      37
      24
      27
      18
      33
      20
      26
      32
      27
      33
      27
      34
      41
      25
      36
      32
      26
      20
      27
      31
      26
      33
      21
      22
      30
      37
      24
      41
      30
      32
      21
      33
      29
      35
      35
      26
      27
      36
      28
      33
      28
      31
      19
      28
      30
      35
      26
      32
      30
      30
      29
      28
      36
      37
      29
      24
      14
      32
      24
      32
      36
      37
      28
      22
      30
      37
      35
      25
      27
      37
      23
      35
      30
      32
      27
      28
      37
      34
      25
      26
      29
      41
      38
      35
      44
      39
      27
      26
      26
      23
      26
      34
      28
      32
      30
      34
      30
      29
      32
      28
      28
      25
      25
      33
      26
      27
      25
      33
      33
      40
      32
      25
      37
      26
      18
      30
      25
      33
      27
      24
      23
      32
      22
      28
      31
      34
      27
      22
      34
      30
      33
      20
      33
      26
      26
      19
      22
      24
      33
      25
      23
      15
      23
      24
      26
      26
      21
      23
      24
      25
      33
      25
      25
      26
      40
      31
      30
      30
      28
      23
      23
      28
      29
      29
      27
      30
      25
      26
      35
      27
      32
      34
      44
      23
      32
      24
      35
      27
      31
      22
      26
      26
      26
      17
      24
      35
      29
      25
      20
      31
      31
      18
      28
      13
      24
      30
      33
      29
      28
      25
      21
      27
      36
      28
      27
      21
      31
      26
      33
      33
      33
      28
      29
      28
      40
      31
      37
      35
      38
      26
      31
      31
      31
      25
      33
      29
      33
      27
      24
      23
      30
      26
      31
      32
      25
      30
      33
      28
      34
      30
      23
      24
      25
      24
      31
      28
      22
      26
      37
      30
      26
      24
      26
      25
      26
      22
      22
      21
      36
      26
      24
      28
      29
      22
      28
      21
      29
      27
      26
      30
      26
      20
      30
      28
      27
      24
      21
      30
      35
      31
      33
      21
      28
      29
      24
      33
      26
      27
      27
      31
      30
      35
      36
      45
      49
      55
      59
      63
      63
      62
      66
      78
      69
      63
      55
      53
      42
      36
      47
      19
      30
      20
      26
      26
      23
      20
      16
      22
      22
      23
      14
      29
      35
      30
      27
      19
      27
      19
      28
      32
      23
      16
      21
      24
      24
      27
      22
      25
      27
      21
      25
      18
      22
      11
      25
      22
      23
      17
      18
      36
      26
      27
      22
      30
      28
      27
      27
      22
      33
      22
      25
      30
      35
      26
      34
      33
      30
      23
      25
      25
      29
      30
      27
      25
      36
      29
      40
      21
      24
      25
      22
      22
      21
      17
      24
      29
      23
      17
      28
      24
      26
      31
      28
      20
      23
      25
      32
      30
      20
      30
      26
      35
      27
      29
      32
      26
      33
      18
      22
      26
      30
      31
      24
      36
      26
      25
      24
      14
      29
      26
      27
      30
      33
      33
      26
      26
      24
      27
      27
      27
      36
      21
      24
      23
      21
      25
      26
      21
      28
      20
      26
      22
      20
      28
      32
      31
      34
      27
      29
      26
      27
      21
      26
      22
      20
      21
      28
      19
      23
      24
      24
      21
      26
      29
      20
      29
      28
      22
      23
      24
      36
      28
      21
      21
      17
      26
      17
      12
      36
      25
      21
      27
      21
      30
      25
      30
      19
      23
      29
      19
      27
      26
      18
      26
      27
      24
      30
      27
      21
      11
      35
      25
      28
      33
      22
      34
      20
      26
      34
      24
      19
      17
      16
      23
      26
      26
      20
      27
      27
      31
      21
      25
      26
      25
      22
      28
      23
      21
      20
      13
      24
      24
      25
      16
      20
      25
      27
      21
      26
      26
      20
      26
      18
      32
      16
      26
      29
      26
      17
      28
      31
      27
      23
      37
      24
      32
      22
      31
      22
      29
      33
      23
      33
      27
      23
      27
      19
      26
      29
      14
      24
      18
      20
      17
      33
      26
      24
      20
      23
      25
      22
      26
      16
      22
      26
      21
      23
      16
      24
      18
      16
      30
      24
      27
      26
      27
      26
      20
      27
      30
      17
      21
      32
      26
      23
       7
      19
      21
      24
      22
      24
      22
      31
      23
      16
      31
      28
      23
      18
      24
      24
      23
      18
      16
      28
      25
      21
      25
      25
      25
      14
      19
      26
      20
      32
      16
      25
      25
      20
      27
      25
      18
      33
      25
      17
      18
      30
      20
      18
      25
      21
      25
      21
      25
      20
      21
      20
      27
      24
      27
      33
      22
      38
      32
      27
      18
      20
      18
      27
      25
      27
      23
      24
      26
      24
      18
      18
      17
      14
      33
      17
      20
      17
      26
      26
      23
      24
      25
      22
      24
      23
      18
      28
      23
      18
      16
      27
      17
      19
      16
      28
      23
      24
      20
      24
      18
      20
      28
      27
      24
      19
      27
      26
      29
      24
      24
      24
      23
      27
      19
      21
      24
      15
      27
      23
      33
      29
      16
      17
      26
      25
      24
      18
      21
      31
      21
      20
      22
      20
      21
      21
      19
      26
      23
      12
      30
      23
      25
      21
      35
      14
      21
      24
      25
      22
      24
      26
      22
      25
      43
      19
      21
      21
      27
      19
      28
      19
      21
      23
      25
      18
      27
      19
      25
      25
      22
      30
      28
      27
      25
      24
      25
      24
      18
      21
      29
      21
      21
      22
      25
      30
      33
      35
      27
      21
      31
      16
      23
      25
      20
      23
      22
      19
      22
      23
      20
      23
      31
      29
      32
      40
      45
      51
      45
      38
      49
      55
      50
      56
      42
      30
      30
      29
      20
      30
      22
      18
      35
      14
      30
      26
      21
      33
      17
      19
      19
      30
      28
      25
      11
      19
      18
      31
      23
      27
      18
      21
      24
      29
      27
      28
      20
      18
      20
      30
      15
      23
      25
      31
      12
      26
      26
      20
      20
      22
      22
      28
      20
      28
      31
      22
      19
      23
      26
      26
      16
      24
      11
      26
      24
      19
      21
      23
      26
      28
      21
      17
      18
      22
      23
      11
      13
      22
      30
      28
      23
      27
      24
      15
      28
      21
      20
      25
      26
      25
      16
      14
      22
      20
      18
      17
      13
      20
      24
      21
      20
      23
      21
      25
      22
      23
      14
      25
      20
      20
      24
      17
      24
      15
      29
      23
      20
      33
      35
      18
      25
      29
      25
      28
      27
      32
      21
      14
      18
      17
      13
      18
      18
      22
      15
      21
      29
      21
      24
      24
      22
      26
      20
      19
      21
      27
      10
      19
      16
      27
      19
      18
      18
      14
      31
      14
      23
      26
      24
      15
      19
      22
      17
      12
      15
      18
      14
      22
      28
      20
      16
      23
      24
      20
      16
      21
      25
      23
      30
      23
      24
      20
      21
      24
      20
      26
      18
      20
      30
      19
      28
      23
      26
      27
      19
      31
      26
      25
      25
      28
      23
      18
      15
      16
      15
      27
      23
      22
      28
      19
      22
      20
      21
      16
      23
      19
      10
      22
      22
      19
      27
      19
      20
      18
      28
      22
      21
      20
      14
      23
      20
      30
      30
      18
      26
      20
      15
      20
      22
      12
      18
      25
      20
      14
      19
      18
      24
      17
      22
      26
      17
      19
      13
      23
      16
      26
      29
      20
      19
      25
      20
      19
      30
      26
      19
      19
      34
      25
      15
      25
      26
      21
      22
      28
      25
      19
      22
      16
      27
      25
      22
      20
      16
      19
      28
      19
      19
      23
      30
      27
      25
      34
      34
      38
      30
      29
      28
      32
      39
      30
      32
      28
      20
      19
      21
      19
      17
      17
      15
      15
      19
      16
      12
      21
      23
      17
      18
      22
      22
      22
       7
      20
      17
      25
      22
      23
      21
      27
      20
      18
      23
      19
      20
      17
      26
      19
      17
       8
      21
      24
      24
      24
      19
      24
      27
      17
       9
      20
      19
      17
      20
      17
      21
      22
      26
      21
      18
      19
      21
      26
      24
      21
      15
      23
      18
      23
      18
      16
      17
      20
      16
      18
      17
      20
      16
      16
      19
      22
      23
      19
      17
      22
      19
      18
      19
      24
      19
      17
      28
      18
      17
      17
      13
      24
      18
      21
      28
      21
      25
      15
      16
      19
      22
      27
      21
      18
      10
      18
      21
      27
      15
      13
      20
      23
      16
      18
      20
      18
      18
      17
      19
      12
      24
      25
      27
      19
      25
      24
      17
      20
      17
      20
      22
      21
      16
      24
      20
      22
      17
      24
      22
      27
      23
      21
      16
      22
       9
      24
      18
      18
      22
      17
      23
      20
      14
      18
      16
      23
      30
      28
      24
      23
      20
      30
      26
      29
      18
      17
      20
      16
      17
      21
      19
      18
      18
      25
      15
      22
      15
      19
      16
      22
      23
      12
      18
      19
      19
      13
      27
      18
      22
      21
      17
      16
      15
      28
      18
      14
      26
      13
      14
      16
      17
      25
      24
      13
      15
      25
      15
      26
      15
      15
      18
      22
      28
      16
      16
      15
      13
      26
      10
      28
      27
      20
      20
      15
      16
      18
      17
      19
       9
      13
      18
      16
      18
      21
      17
      19
      22
      17
      15
      20
      18
      12
      14
      13
      18
      29
      15
      18
      17
      19
      20
      16
      13
      19
      11
      19
      21
      12
      24
      23
      13
      23
      13
      13
      13
      20
      17
      24
      18
      14
      24
      22
      16
      23
      21
      17
      16
      16
      10
      17
      18
      14
      15
      13
      30
      26
      16
      16
      29
      18
      27
      22
      13
      15
      19
      20
      12
      16
      22
      21
      13
      10
      21
      17
      21
      17
      18
      16
      18
      19
      25
      16
      21
      17
      19
      18
      19
      11
      18
      27
      18
      29
      20
      13
      17
      13
      25
      19
      20
      19
      14
       8
      20
      14
      20
      15
      23
      20
      18
      20
      22
      20
      16
      17
      28
      19
      17
      14
      14
      20
      23
      11
      21
      20
      23
      14
      15
      18
      14
      20
      16
      25
      18
      23
      17
      10
      15
      24
      25
      10
      19
      17
      19
      20
      14
      23
      14
      16
      17
      15
      15
      18
      14
      19
      17
      24
      18
      18
      10
      16
      15
      21
      15
      19
      18
      18
      16
      19
      11
      16
      13
      12
      19
      12
      19
      19
      23
      16
      16
      16
      21
      20
      22
      14
      21
      14
      27
      18
      14
      27
      22
      22
       9
      17
      13
      17
      14
      18
      23
      12
      18
      11
      21
      13
      24
      19
      17
      12
      15
      17
      17
      11
      24
      15
      23
      19
      21
      16
      19
      21
      17
      26
      17
      18
      18
       8
      15
      18
      20
      20
       9
      17
      16
      17
      27
      14
      15
      23
      23
      17
      18
      26
      21
      13
      10
      13
      21
      19
      13
      19
      18
      12
      14
      20
      22
      15
      14
      22
      17
      18
      20
      21
      12
      18
      22
      19
      14
      21
      17
      20
      13
      14
      24
      19
       9
      25
      17
      24
      23
      17
      18
      29
      19
      15
      18
      24
      19
      20
      23
      16
      26
      14
      15
      16
      17
      18
      20
      14
      20
      20
      17
      15
      19
      22
      20
      18
      15
      17
      20
      21
      14
      16
      18
      20
      23
      12
      17
       9
      18
      19
      25
      11
      20
      14
      11
      12
       9
      17
      13
      18
      14
      17
      13
      13
      20
      16
      14
      18
      12
      17
      16
      19
      18
      27
      17
      15
      17
      18
      19
      11
      17
      19
      21
      15
      18
      18
      24
      24
      15
      20
      20
      18
      11
      23
      18
      19
      17
      17
      19
      13
      23
      19
      19
      14
      23
      19
      16
      19
      20
      11
      16
      22
      23
      10
      12
      17
      16
      17
      25
      14
      16
      15
      15
      17
      28
      23
      25
      20
      14
      26
      15
      22
      23
      18
      26
      19
      14
       9
      16
      21
      18
      16
      18
      14
      22
      25
      18
      18
      21
      13
      22
      20
      16
      14
      20
      17
      13
      16
      16
       8
      12
      14
      17
      19
      16
      24
      14
      25
      17
      16
      16
      19
      14
      23
      13
      25
      17
      17
      17
      18
      11
      15
      12
      19
      18
      24
      15
      16
      14
      18
      22
      22
      17
      19
      23
      21
      12
      17
      27
      21
      26
      15
      25
      18
      21
      12
      10
      16
      14
      15
      18
      23
      14
      17
      20
      10
      16
      24
      15
      15
      22
      21
      15
      19
       8
      23
      19
      13
      19
      16
      26
      15
      16
      13
      20
      21
      14
      15
      15
      13
      13
      18
      21
      21
      24
      10
      11
      24
      20
      14
      19
      15
      19
      23
      12
      18
      20
      20
      15
      23
      17
      16
      28
      27
      30
      29
      36
      29
      38
      31
      31
      30
      27
      28
      34
      25
      27
      23
      24
      18
      14
      26
      11
      17
      16
      12
      14
      19
      19
      11
      11
      20
      18
      20
      25
      14
      14
       9
      12
      19
      17
      14
      14
      13
      19
      10
      14
      18
      21
      28
      15
      12
      15
      12
      14
      22
      13
      11
      12
      20
      13
      15
      17
      21
      13
      12
      16
      20
      22
      23
      15
      10
      13
      23
       9
      15
      20
      18
      12
      13
      15
      15
      17
      17
      10
      16
      16
      19
      16
      20
      18
      11
      17
      23
      28
      17
      10
      11
      14
      10
      22
      19
      17
      21
      14
      18
      17
      16
      16
      20
      18
      15
      19
      16
       9
      11
      22
      15
      22
      20
      18
      10
      14
      13
      21
      10
      21
      15
      17
      10
      13
      17
      19
      18
      14
      16
      20
      17
      24
      18
      14
      18
      10
      17
      14
      20
      15
      14
      17
      13
      20
      25
      14
      23
      13
      19
      19
      15
      19
      13
      18
      10
      17
      13
      15
      18
      15
      18
      18
      23
      15
      13
      23
      21
      16
      13
      27
      15
      19
      14
      18
      17
      15
      19
      24
      16
      15
      15
      17
       5
      16
      20
      16
      23
      17
      12
      15
      19
      16
      13
      20
      17
      22
      15
      12
      20
      14
      14
      21
      13
      18
      14
      13
      15
      28
      14
      21
      20
      20
       9
      24
      17
      15
      11
      16
      14
      22
      18
      18
      21
      21
      11
      22
      20
      20
      24
      17
      17
      17
       9
      26
       9
      19
      23
      13
       9
      17
      13
       4
      12
      15
      15
      16
      16
      16
      17
      16
      14
      23
      19
      19
      14
      16
      17
      19
      14
      16
      14
      15
      16
      17
      14
      18
      14
      25
      22
      23
      21
      23
      27
      29
      24
      23
      22
      24
      16
      13
      12
      18
      23
      17
      16
      20
      24
      21
      14
      14
      21
      12
      18
      19
      21
      22
      15
      17
       9
      18
      16
      16
      20
      16
      17
      16
      14
      21
      18
      20
      14
      19
      18
      12
      21
      23
      19
      18
      22
      19
      13
      14
      14
      21
      11
       9
      16
      16
       8
      18
      20
      21
      22
      18
      14
      15
       9
      20
      18
      16
      13
      19
      19
      16
      17
      13
      14
      11
      22
      10
      20
      13
      17
      18
      14
      14
      15
      21
       9
      15
      19
      16
      16
      19
      15
      14
      13
      17
      17
      11
      14
      15
      19
      23
      22
       5
      11
      27
      15
      12
      21
      17
      19
      21
      12
      21
      13
      10
      17
      15
      14
       9
      17
      15
      15
      13
      10
      15
      20
      17
      12
      14
      20
      14
      16
      16
      18
      15
      14
      19
      12
      10
      17
      13
      15
       9
      24
      14
      20
      20
      15
      18
      14
      18
      19
      14
      17
      12
      17
      15
      21
      14
      14
      13
      19
      16
      22
      13
      14
      15
      14
      20
       9
      11
      18
      17
      19
      20
      11
      17
      17
      27
      22
      18
      20
      18
      14
       8
      12
      17
      13
      14
      20
      18
      14
      14
      15
      19
      15
      15
      19
      20
      18
      11
      13
      19
      11
      18
      11
      15
      17
      13
       8
      20
      21
      17
      15
      28
      14
       7
      11
      19
      15
      17
      16
      14
      17
      12
      14
      19
      13
      15
      17
      14
      13
      17
      20
      11
      17
      13
      17
      18
      16
      21
      17
      15
      18
       8
      13
      23
      18
      18
      18
      15
      13
      17
      21
      15
      10
      14
      12
      20
      11
      14
      24
      18
      22
      26
      20
      15
      27
      15
      21
      18
      18
      22
      15
      15
      18
      14
      15
      16
       7
      14
      11
      14
      18
      16
      14
      12
      18
      11
      17
      13
      14
      24
      17
      18
      11
      14
      15
      20
      12
      16
      15
      19
      20
      18
      16
      17
      17
      12
      18
      10
      21
      20
      16
      14
      13
      16
      21
      22
       8
      20
      20
      15
      19
      23
      17
      19
      20
      18
      13
      16
      22
      22
      18
      24
      22
      18
      17
      23
      21
      18
      18
      19
      16
      19
      19
      10
      16
      14
      15
       7
      15
      19
      13
      13
      15
      12
      11
      20
      13
      14
      17
      15
      18
      10
      12
      15
       9
      15
       9
      10
      13
       8
      13
      11
      15
       7
      15
      16
       9
      15
      18
      21
      16
      11
      20
      14
      11
      14
      12
      16
      15
      11
       9
      14
      17
      13
      18
      17
      13
      15
       8
      11
      13
      12
      13
      13
      17
       8
      11
      15
      17
      11
      12
      11
       7
       9
      10
      11
      15
       8
       7
       9
      17
      10
      12
      11
      12
      16
       9
      12
       6
      11
      14
      14
      11
       8
      11
      10
      12
      15
       6
      10
      11
      15
       9
      13
      10
      13
      16
      11
      18
      16
      15
      14
       9
      10
      12
      10
      12
      12
      13
      11
      10
      17
      16
      17
      14
      14
      12
      16
      15
      12
       9
      11
      14
      10
      12
      11
      16
      11
      14
      13
      18
      11
       7
      16
      11
      13
      14
       9
      10
       8
      13
      15
      10
      13
       9
       9
      19
      11
      12
      13
      15
      10
      10
      14
       8
      11
       9
      20
      13
       8
      18
       7
       8
      15
      10
      16
      11
      10
      20
      12
      13
      13
      11
       7
      15
      12
      16
      13
      10
       9
      12
      11
      14
      10
      10
       6
       8
      10
      13
      12
       8
      15
      11
      11
      12
      18
      14
       9
      11
      19
       9
      13
      14
       8
      11
       8
      12
      13
      17
       9
      10
      13
      15
      13
      10
       6
      14
      14
      16
      13
       9
      17
      25
       7
       5
       9
      10
      14
      10
      19
       8
      14
      10
      16
       5
      14
       9
      10
       9
      13
      10
      13
      16
      15
       8
      16
      12
      10
      12
      10
       8
       9
      14
      18
      10
      10
       9
       7
      18
      11
      14
      10
       3
      11
      10
      11
      10
      10
       8
       6
      17
       9
      13
      13
      16
       7
      12
      10
       9
       9
      18
       9
      14
      12
       7
      18
      10
      16
      10
       5
      10
      10
      16
      11
       7
       9
       7
      10
       8
       7
      13
       9
      10
      14
      12
       8
       6
      16
       8
      11
      14
       9
      11
       7
      15
       6
      10
       9
      14
       9
      15
      14
       9
      12
       8
       9
      12
       9
      13
      12
      12
       8
       8
      14
       9
      12
      11
       9
       8
       9
       9
       8
       6
       7
       9
      10
       7
      14
      11
       9
      11
      11
      11
       5
      19
      14
      10
      12
      10
       6
       8
       9
       8
       5
       9
      13
      13
       9
       9
      11
      14
       8
      14
       7
       7
      13
      10
      15
       7
      10
       4
       6
      11
      11
      10
      10
      12
      14
       7
       7
      12
      13
      11
      11
      15
      10
       8
      13
      10
       9
      14
      11
       7
      12
       9
      11
       5
       7
       4
       8
      13
       7
      10
       7
       6
       8
       9
      10
      10
       7
       7
      12
       8
       8
       7
       9
      10
       5
       9
       9
       6
       9
      10
      13
       6
       7
       8
       7
       9
       6
      16
       8
       9
      10
       7
      15
      17
      10
       8
      11
       8
       9
       6
       8
       9
      21
      13
      12
       8
       7
      18
      15
      22
      11
      14
       9
      11
      20
      13
       8
       9
      11
       6
      14
      13
       6
      13
      10
      12
      11
      10
      12
       9
       8
       8
      11
      13
      11
      10
      11
       7
      12
      11
      10
      10
       8
       8
       7
       8
       3
      10
      10
      10
       5
       7
       4
       8
       9
      12
       8
       8
      10
      13
       8
      11
       7
      16
      12
       7
       8
       9
       5
       6
      11
      10
       7
       7
      12
      11
      11
      12
       7
       9
      12
      10
       5
       6
      12
       9
       6
      12
      14
       7
       7
       8
      14
       9
      10
      12
       4
       7
       3
       8
      12
      10
       4
      10
       6
       8
       8
       7
       9
      10
      16
      10
       8
       7
      10
       8
       7
       4
      10
       9
       9
       8
       8
       9
      14
       3
       9
       5
       9
       7
       9
       6
       5
       6
       6
      11
       7
       8
       5
       8
      10
       5
       6
      12
       5
       9
       9
       8
       9
       3
       5
       9
      10
       5
       6
       7
      10
       8
       4
       7
       4
       7
       3
      11
       9
       4
       2
       6
       6
       6
       8
      10
       7
      11
      12
       5
       4
       9
       7
       4
       7
       9
       7
       7
       7
       8
       3
       3
       8
      11
      13
      10
       5
      11
       9
       4
      10
       7
       5
       6
       5
      11
       7
       9
       7
       5
       7
       7
       4
       4
      16
       3
       8
      11
       5
       6
       8
       7
       7
       7
       9
      11
       9
       3
       9
       7
       6
      12
       6
      14
      13
      12
       6
      10
      11
      10
      15
       8
       9
      14
      13
       8
      13
      16
       8
      17
      12
      10
       8
       5
       6
      12
       9
       9
       5
      10
      11
       7
       6
       4
       6
      12
      12
       7
       5
       9
       5
      11
       5
       8
      13
       9
       7
       5
      11
       9
       6
       8
       4
       7
       6
       8
       8
       9
      12
       9
       9
       6
       6
       8
      12
       8
      10
       9
       9
       7
      14
      11
       6
       7
       9
       7
       4
       9
      11
       9
       6
      10
       5
       5
      13
       6
       4
       7
       6
       9
       6
       8
       6
      14
      11
      13
       5
       6
       5
       6
      11
       6
       6
      12
       5
       8
      12
       7
       7
       5
       8
       3
      12
      11
       7
      13
      10
       9
       9
      13
      10
       6
       4
      10
      11
      14
       5
       6
       6
       6
       8
       7
      11
       9
      10
       4
      13
       6
       4
      11
      17
       5
      15
      10
       8
       7
      14
      10
       9
       4
       6
       8
       8
      11
       8
       5
      12
       6
      10
       8
       8
      11
      10
       6
       6
       3
      10
      12
      11
      14
       5
       6
       8
       7
       5
       9
      10
      14
      14
      12
       7
       1
       6
       9
       9
      11
       4
       3
       6
       6
       7
       4
      10
      15
       7
      12
      10
       5
       6
       6
       8
      10
       7
      10
       4
       7
       7
       6
       4
       9
       8
       6
       9
       8
       6
       8
       6
       4
      10
       6
       9
       5
       7
       7
       7
       5
      15
       6
       7
       8
       9
       6
       7
       4
       7
       9
       6
       7
       8
      10
       5
      10
       8
       5
       4
       7
       6
       9
      11
       3
      12
       6
      10
       4
       3
       6
      10
       5
       7
       6
      10
      10
      14
       6
       8
      11
       8
      13
       4
      11
       6
       8
      11
       3
       7
       3
       5
       4
      11
       8
      13
       7
      10
       8
       8
       7
       6
       3
       6
       5
       9
      10
      11
       4
       8
       8
       7
       9
       9
       9
       5
       9
       3
       8
      10
      12
       6
       5
       8
       6
       3
       6
       6
       9
       9
      12
       4
       9
      10
       9
       7
       8
      11
       9
       7
       5
       7
       6
       5
       6
      10
       3
       4
      11
      10
       4
       8
       7
       6
      12
       9
       5
       9
       6
       7
       8
       5
       5
       9
       5
       2
       5
      12
       7
      11
       6
       5
      10
       6
       4
       9
       8
       7
       9
       7
      11
       5
       9
      15
       4
       8
       7
       4
       3
       8
       7
       8
       4
      11
       8
      13
       2
       8
       6
       5
       2
       7
       6
       9
       4
      13
      11
       6
      13
      10
      10
       9
       6
       9
       9
      10
       8
       9
       6
       9
       8
      11
      14
      11
      12
      11
      12
      14
      11
      14
       9
      11
       8
      10
      15
      15
      17
      12
      24
      16
      25
      36
      30
      48
      44
      62
      67
      67
      87
      94
     123
      98
     114
     120
     121
     129
     155
     158
     148
     117
     119
     118
     116
      99
      75
      55
      49
      41
      25
      16
      12
      13
       5
       6
      14
      12
       6
       2
       9
       4
       5
       5
       4
       3
       7
       8
       5
       7
       3
       3
      10
       3
       6
       3
       3
       0
       6
       6
       3
       4
      11
       3
       2
       6
       3
       4
       5
       5
       3
       5
       4
       4
       5
       6
       3
       5
       8
       3
       5
       8
       4
       3
       1
       5
       7
       6
       2
       0
       5
       2
       1
       2
       2
       5
       3
       5
       5
       6
       7
      10
       7
       3
       4
       7
       4
       3
       2
       6
       5
       7
       4
       7
       5
       5
       5
       1
       7
       6
       8
       8
       3
       7
       5
       7
       8
       4
       2
       5
       2
       8
       4
       2
       4
       5
       3
       7
       3
       8
       5
       5
       9
       6
       7
       6
       5
       6
       4
       1
       2
       4
       3
       4
       4
       4
       9
       8
       8
       5
       3
       2
       8
       3
       4
       3
       3
       8
       4
       7
       6
       5
       7
       3
       4
       5
       8
       8
       3
       1
       7
       6
       3
       3
       4
       4
       7
       4
       4
       7
       7
       6
       4
       1
      14
       4
       8
       5
       5
       5
       9
       6
       5
       5
       3
       2
       5
       3
       5
       5
       4
       4
       6
       9
       4
       4
       9
       5
       2
       9
       6
       3
       7
       4
       7
       7
       3
       2
       6
       5
       4
       1
       6
       6
       6
       5
       4
       8
       6
      10
       3
       1
       2
       5
       5
       8
       6
       9
       7
       4
       4
       5
       8
       4
       3
       8
       6
       3
       8
       7
       9
       8
       4
       5
       6
       9
       6
       3
       3
       7
       6
       6
       1
       4
       6
       3
       9
       7
       6
       3
       8
       3
       5
       9
      11
       9
       4
       6
       3
       3
       7
      11
       5
       5
       3
       5
       6
       3
       2
       3
       5
       5
       1
       4
       7
       6
       4
       5
       7
       5
       3
       4
       1
       5
       3
       3
       2
       6
       4
       5
       5
       2
       4
       3
       5
       4
       3
       3
       7
       4
       4
       6
       5
       4
       2
       4
       3
       6
       7
       5
       9
       4
       4
       3
       8
       4
       4
       7
       9
       7
       4
       6
       3
       5
       4
       5
       3
       4
       6
       4
       5
       3
       5
       2
       6
       3
       4
       3
       3
       2
       6
       4
       4
       3
       4
       5
       7
       6
       8
       4
       4
       7
      10
       1
       2
       3
       8
       3
      10
       2
       4
       3
       4
       4
       3
       4
       0
       5
       4
       5
       5
       4
       4
       6
       4
       6
       7
       4
       6
       4
       5
       5
       6
       7
       6
       7
       5
       5
       9
       7
       7
       8
       4
      10
       3
      12
       5
       5
       2
       4
       1
       5
       3
       3
       6
       4
       2
       3
       4
       6
       9
       3
       9
       5
       7
       4
       7
       3
       4
       3
       9
       3
       3
       3
       2
       2
       2
       3
       3
       2
       6
       2
       2
       5
       2
      10
       1
       8
       4
      10
       4
       7
       5
       3
       2
       1
       4
       3
       4
       3
       4
       2
       5
       6
       5
       2
       3
       4
       2
       6
       3
       4
       2
       5
       6
       6
       8
       8
       4
       2
       1
       2
       3
       6
       5
       9
       3
       6
       4
       1
       5
       3
       5
       3
       8
       6
       4
       0
       8
       3
       4
       4
       2
       4
       4
       5
       6
       1
       3
       3
       6
       2
       2
       4
       6
       4
       5
       7
       3
       4
       3
       5
       2
       4
       2
       3
       3
       6
       5
       1
       4
       4
       4
       7
       3
       6
       5
       2
       4
       6
       3
       5
       5
       7
       2
       4
       6
       6
       2
       1
       2
       3
       7
       4
       3
       4
       7
       6
       2
       5
       9
       5
       9
       5
       4
       2
       3
       2
       7
       2
       2
       4
       6
       3
       1
       0
       0
       0
       0
       0
       0
       0
       0
       0
       0
       0
       0
       0
       0
       0
       0
       0
       0
       0
       0
       0
       0
       0
       0
       0
       0
       0
       0
       0
       0
       0
       0
       0
       0
       0
       0
       0
       0
       0
       0
       0
       0
       0
       0
       0
       0
       0
       0
       0
       0
       0
       0
       0
       0
       0
       0
       0
       0
       0
       0
       0
       0
       0
       0
       0
       0
       0
       0
       0
       0
       0
       0
       0
       0
       0
       0
       0
       0
       0
       0
       0
       0
       0
       0
       0
       0
       0
       0
       0
       0
       0
       0
       0
       0
       0
       0
       0
       0
       0
       0
       0
       0
       0
       0
       0
       0
       0
       0
       0
       0
       0
       0
       0
       0
       0
       0
       0
       0
       0
       0
       0
       0
       0
       0
       0
       0
       0
       0
$ROI:
1
4146 4168
$PRESETS:
None
0
0
$ENER_FIT:
0.196194 0.194904
$MCA_CAL:
3
1.961942E-001 1.949036E-001 3.834765E-008 keV
$SHAPE_CAL:
3
0.000000E+000 0.000000E+000 0.000000E+000
