$SPEC_ID:
HFNG Beamline
$SPEC_REM:
DET# 2
DETDESC# EasyMCA
AP# Maestro Version 7.01
$DATE_MEA:
05/03/2018 17:29:05
$MEAS_TIM:
80932 80936
$DATA:
0 8191
       0
       0
       0
       0
       0
       0
       0
       0
       0
       0
       0
       0
       0
       0
       0
       0
       0
       0
       0
       0
       0
       0
       0
       0
       0
       0
       0
       0
       0
       0
       0
       0
       0
       0
       0
       0
       0
       0
       0
       0
       0
       0
       0
       0
       0
       0
       0
       4
     177
     334
     292
     294
     293
     322
     309
     330
     337
     388
     320
     341
     370
     324
     326
     323
     342
     336
     317
     335
     332
     328
     302
     306
     290
     286
     292
     316
     293
     264
     311
     275
     292
     280
     255
     296
     308
     257
     279
     295
     274
     290
     304
     287
     290
     251
     262
     273
     254
     286
     271
     280
     260
     261
     260
     237
     244
     263
     251
     261
     301
     274
     275
     270
     283
     247
     252
     260
     243
     245
     250
     223
     243
     274
     253
     240
     256
     236
     233
     217
     239
     254
     241
     262
     241
     226
     232
     222
     249
     254
     242
     218
     257
     218
     243
     219
     229
     211
     220
     217
     199
     209
     238
     242
     193
     237
     215
     215
     214
     225
     220
     217
     198
     221
     201
     193
     217
     192
     219
     217
     190
     213
     222
     208
     188
     204
     209
     207
     188
     198
     190
     217
     183
     192
     206
     215
     217
     208
     188
     197
     204
     220
     219
     179
     187
     183
     185
     205
     189
     180
     191
     174
     206
     206
     185
     186
     187
     192
     177
     152
     187
     163
     207
     186
     186
     190
     195
     168
     199
     182
     176
     187
     168
     175
     196
     178
     192
     169
     202
     176
     153
     169
     173
     194
     182
     195
     197
     164
     180
     186
     172
     198
     186
     176
     163
     193
     169
     181
     190
     191
     184
     176
     195
     212
     153
     200
     178
     168
     165
     176
     200
     187
     164
     172
     164
     190
     167
     174
     174
     173
     154
     181
     177
     169
     170
     190
     176
     174
     177
     196
     201
     171
     165
     156
     176
     213
     158
     168
     163
     168
     160
     180
     183
     181
     182
     177
     153
     165
     167
     176
     183
     175
     174
     184
     167
     182
     178
     182
     177
     199
     165
     181
     176
     169
     183
     193
     156
     184
     172
     177
     166
     180
     181
     169
     170
     172
     212
     203
     195
     190
     166
     161
     159
     190
     178
     193
     177
     180
     177
     183
     171
     154
     162
     187
     165
     168
     175
     179
     187
     154
     181
     200
     170
     184
     180
     180
     173
     196
     169
     185
     199
     165
     182
     144
     183
     198
     199
     196
     190
     177
     193
     176
     202
     259
     320
     361
     413
     381
     234
     227
     203
     191
     205
     225
     305
     413
     575
     641
     501
     366
     260
     168
     190
     181
     181
     155
     192
     171
     193
     156
     152
     148
     155
     183
     160
     165
     156
     146
     151
     143
     142
     154
     169
     151
     149
     160
     141
     170
     155
     168
     162
     179
     178
     179
     151
     173
     156
     166
     158
     159
     174
     159
     178
     204
     284
     330
     366
     355
     374
     331
     223
     197
     162
     132
     167
     143
     166
     158
     173
     189
     230
     205
     196
     198
     146
     141
     141
     148
     131
     168
     147
     149
     167
     164
     187
     181
     148
     141
     121
     168
     145
     143
     138
     165
     181
     207
     233
     252
     222
     218
     238
     182
     193
     167
     137
     143
     148
     134
     157
     152
     149
     140
     137
     159
     148
     147
     147
     157
     132
     147
     154
     119
     164
     145
     144
     149
     162
     174
     146
     145
     166
     161
     167
     132
     149
     141
     146
     152
     154
     141
     144
     133
     118
     131
     151
     139
     153
     150
     137
     136
     149
     179
     137
     135
     157
     159
     137
     158
     149
     162
     156
     135
     157
     177
     177
     166
     150
     152
     146
     162
     155
     133
     170
     154
     148
     145
     155
     150
     173
     171
     144
     147
     175
     165
     162
     167
     142
     140
     165
     157
     141
     143
     152
     156
     159
     128
     168
     141
     151
     158
     167
     168
     161
     154
     158
     161
     156
     145
     167
     151
     156
     139
     130
     142
     178
     162
     156
     142
     157
     146
     161
     136
     132
     147
     139
     122
     141
     160
     147
     157
     175
     150
     153
     150
     132
     133
     167
     129
     147
     145
     163
     170
     186
     174
     152
     142
     152
     165
     158
     145
     141
     138
     154
     192
     156
     149
     158
     171
     149
     155
     143
     142
     145
     162
     149
     127
     157
     154
     151
     159
     157
     129
     140
     137
     153
     144
     172
     157
     155
     150
     147
     141
     132
     146
     157
     150
     156
     132
     137
     160
     145
     142
     131
     148
     125
     150
     156
     148
     141
     155
     145
     155
     136
     135
     152
     142
     146
     144
     142
     164
     161
     136
     149
     135
     149
     140
     158
     154
     147
     150
     161
     143
     143
     156
     145
     138
     144
     139
     130
     150
     144
     131
     158
     120
     130
     153
     160
     113
     147
     149
     149
     124
     154
     143
     151
     143
     141
     123
     145
     157
     147
     142
     147
     129
     120
     141
     157
     173
     222
     219
     264
     189
     163
     171
     127
     156
     140
     148
     142
     137
     132
     152
     119
     136
     125
     136
     130
     122
     135
     144
     155
     141
     134
     135
     133
     140
     150
     138
     161
     138
     152
     134
     142
     136
     136
     145
     130
     123
     128
     141
     130
     141
     137
     121
     149
     130
     138
     116
     133
     143
     138
     127
     135
     165
     128
     134
     137
     141
     130
     143
     134
     134
     134
     126
     133
     137
     120
     125
     150
     133
     144
     146
     155
     118
     114
     153
     124
     133
     133
     142
     146
     129
     150
     130
     120
     140
     129
     108
     144
     140
     124
     119
     159
     111
     143
     122
     119
     141
     145
     179
     170
     138
     148
     156
     132
     116
     120
     129
     125
     126
     121
     111
     136
     142
     128
     116
     129
     134
     119
     130
     126
     117
     121
     143
     140
     126
     101
     116
     128
     130
     125
     111
     115
     115
     117
     128
     119
     120
     129
     117
     123
     113
     134
     134
     128
     108
     134
     136
     128
     121
     128
     123
     117
     116
     121
     121
     112
     136
     162
     127
      99
     111
     123
     109
     107
     115
     125
     120
     115
     117
     123
     131
     116
     120
     113
     108
     123
     106
     118
     136
     110
     114
     124
     129
     110
     101
     136
     127
     128
     128
     133
     114
     118
     128
     124
     131
     122
     124
     112
      97
     116
     108
     112
      97
     114
     126
     116
     127
     117
     120
     142
     197
     293
     410
     551
     604
     524
     394
     269
     153
     128
      98
     107
     101
     127
     101
     116
      95
     111
     103
      98
     115
     111
     104
     108
     113
      98
     120
     110
      96
     128
     102
     109
     101
      99
     112
     111
      95
     105
     113
     104
     119
     104
      97
     119
      99
     109
     122
     102
      94
     126
      96
     119
      88
     110
      95
     106
     106
     110
      80
     116
      89
     108
     120
      95
     101
     103
      86
      90
     112
      96
     122
     108
      96
      96
      94
      97
      96
     119
     102
      95
      94
     108
      96
     106
     107
     110
     111
      88
      94
      98
     116
     101
     100
      76
      83
     100
      99
      96
      97
      93
     104
     110
     113
     143
     115
     134
     136
     130
      87
      99
      90
      79
      94
     100
      94
     109
      99
      88
      89
      92
      93
     102
      90
     103
      86
     105
     100
     111
     106
      86
      79
     105
      89
      91
      99
      96
      86
      98
      89
      88
      93
      85
      87
      92
      99
      92
      86
      90
      98
      99
      86
      90
      76
      74
      90
      94
      80
      74
     106
      69
      77
      97
      80
      99
      84
      89
     101
      83
      81
      81
      97
      86
      77
      87
      84
      84
     105
     100
      87
      94
      97
      96
      79
      72
      88
      85
      88
      94
      83
      82
      84
      76
      95
     111
      68
      93
      72
     101
      92
      88
      77
      94
      87
      77
      82
      82
      79
      78
      93
      84
      83
      95
      74
      87
      94
      72
      85
      83
      84
      91
      83
      87
     104
      85
      81
      79
      67
      91
      90
      88
      95
      96
      82
      82
      73
      98
      73
      75
      86
      83
      91
      76
      60
      86
      64
      86
      80
      76
      78
      73
      73
      78
      83
      79
      75
      96
      83
      73
      96
      86
      74
      66
      72
      95
      68
      82
      69
      82
      76
      96
      94
      95
      90
     112
     125
     159
     149
     114
      98
     105
      72
      70
      69
      70
      73
      77
      80
      88
      89
      77
      69
      88
      67
      74
      82
      85
      76
      79
      68
      68
      73
      70
      72
      70
      75
      62
      69
      78
      73
      68
      84
      71
      70
      82
      78
      70
      76
      79
      73
      86
      71
      62
      59
      65
      80
      71
      76
      71
      78
      79
      67
      78
      61
      69
      68
      65
      77
      71
      66
      85
      77
      64
      63
      76
      59
      72
      77
      65
      61
      63
      54
      75
      77
      60
      61
      65
      72
      51
      62
      71
      81
      58
      72
      71
      77
      65
      75
      66
      69
      56
      75
      75
      46
      60
      70
      50
      60
      65
      62
      89
      58
      69
      62
      60
      61
      70
      60
      49
      84
      80
      61
      82
      65
      72
      61
      63
      58
      71
      65
      63
      61
      63
      67
      59
      63
      76
      57
      69
      75
      79
      59
      79
      67
      70
      72
      63
      67
      63
      56
      67
      69
      81
      63
      70
      59
      73
      61
      67
      54
      63
      62
      66
      67
      61
      62
      66
      70
      72
      79
      68
      68
      75
      51
      72
      82
      61
      65
      58
      71
      54
      93
      51
      55
      66
      64
      68
      54
      71
      53
      55
      52
      64
      65
      82
      59
      45
      65
      51
      60
      63
      64
      67
      57
      58
      75
      57
      67
      58
      68
      70
      70
      49
      68
      67
      70
      50
      58
      60
      47
      59
      66
      62
      56
      60
      55
      49
      53
      66
      63
      52
      53
      72
      57
      52
      63
      60
      50
      51
      61
      59
      49
      59
      54
      47
      62
      62
      60
      70
      53
      61
      68
      48
      55
      67
      55
      51
      57
      56
      76
      62
      54
      44
      57
      48
      47
      71
      70
      53
      53
      57
      55
      53
      47
      51
      68
      50
      63
      55
      56
      52
      46
      40
      58
      35
      55
      57
      47
      60
      41
      64
      52
      46
      65
      79
      69
      71
      73
      68
      67
      64
      61
      45
      45
      56
      48
      51
      55
      53
      51
      55
      43
      67
      48
      45
      62
      40
      67
      53
      56
      56
      54
      53
      66
      51
      65
      40
      47
      49
      57
      45
      43
      58
      51
      43
      42
      57
      51
      51
      58
      51
      43
      56
      53
      61
      43
      52
      51
      55
      62
      66
      55
      48
      56
      62
      51
      48
      39
      53
      60
      46
      56
      47
      57
      47
      43
      48
      75
      54
      59
      37
      50
      48
      40
      54
      62
      41
      37
      46
      43
      49
      52
      44
      42
      53
      54
      58
      44
      45
      64
      50
      54
      59
      45
      49
      61
      48
      41
      52
      45
      51
      36
      48
      56
      50
      42
      47
      47
      52
      41
      46
      55
      46
      45
      43
      51
      52
      48
      41
      49
      50
      45
      56
      56
      53
      44
      59
      58
      59
      44
      49
      33
      44
      60
      55
      52
      43
      51
      50
      46
      49
      46
      51
      41
      59
      40
      51
      44
      42
      46
      54
      54
      44
      43
      40
      39
      41
      52
      47
      48
      38
      38
      47
      55
      53
      49
      49
      43
      56
      52
      56
      48
      36
      53
      47
      37
      44
      51
      51
      43
      44
      39
      37
      36
      52
      38
      40
      54
      48
      51
      52
      48
      41
      46
      35
      48
      57
      51
      41
      49
      40
      54
      35
      48
      48
      40
      35
      60
      48
      44
      44
      45
      54
      49
      53
      48
      55
      65
      66
      50
      64
      44
      49
      48
      47
      42
      40
      49
      55
      49
      46
      40
      44
      52
      48
      43
      40
      59
      38
      42
      52
      31
      41
      42
      43
      34
      43
      31
      47
      40
      38
      48
      34
      42
      47
      44
      51
      34
      43
      35
      42
      42
      48
      45
      40
      37
      42
      53
      44
      47
      46
      45
      43
      42
      47
      39
      39
      43
      46
      49
      43
      43
      40
      52
      59
      59
      58
      65
      77
      51
      50
      47
      50
      36
      45
      37
      41
      33
      41
      53
      43
      28
      39
      40
      41
      38
      34
      41
      48
      33
      37
      36
      26
      30
      34
      39
      27
      45
      35
      37
      28
      43
      40
      40
      49
      49
      53
      45
      24
      44
      32
      41
      28
      39
      36
      35
      43
      38
      46
      45
      53
      43
      41
      34
      37
      46
      41
      44
      40
      33
      33
      44
      38
      34
      30
      35
      37
      33
      46
      31
      41
      31
      38
      48
      30
      38
      34
      33
      39
      38
      42
      44
      32
      31
      30
      32
      27
      35
      42
      39
      41
      32
      30
      36
      46
      33
      41
      33
      36
      33
      28
      33
      45
      30
      28
      33
      33
      43
      29
      26
      29
      33
      46
      35
      40
      37
      31
      43
      37
      41
      26
      36
      29
      28
      35
      49
      47
      38
      35
      36
      31
      30
      39
      38
      28
      36
      36
      43
      51
      33
      43
      39
      33
      49
      38
      24
      35
      28
      38
      36
      26
      38
      35
      30
      37
      48
      36
      35
      37
      33
      37
      32
      28
      41
      34
      29
      31
      36
      28
      28
      37
      25
      41
      24
      30
      27
      31
      39
      40
      41
      44
      34
      35
      29
      32
      30
      36
      32
      37
      36
      30
      32
      27
      31
      22
      30
      35
      30
      26
      24
      31
      30
      35
      35
      24
      38
      35
      41
      35
      35
      26
      29
      37
      34
      31
      32
      41
      37
      27
      38
      38
      37
      31
      30
      26
      29
      33
      44
      40
      39
      35
      32
      34
      26
      33
      41
      33
      40
      34
      29
      36
      41
      30
      37
      32
      28
      32
      33
      46
      30
      38
      32
      36
      28
      46
      31
      25
      37
      34
      29
      41
      30
      18
      34
      37
      32
      37
      27
      36
      31
      17
      27
      41
      49
      33
      31
      32
      28
      41
      44
      34
      35
      37
      28
      31
      32
      33
      32
      33
      31
      32
      27
      37
      35
      35
      23
      28
      33
      34
      34
      33
      21
      28
      22
      30
      39
      26
      25
      34
      29
      25
      25
      29
      30
      26
      32
      24
      20
      39
      21
      31
      34
      41
      32
      29
      36
      25
      33
      34
      32
      30
      26
      31
      30
      28
      37
      30
      26
      19
      24
      27
      32
      28
      32
      42
      37
      30
      46
      32
      26
      32
      32
      36
      33
      25
      32
      39
      25
      23
      18
      40
      35
      33
      36
      41
      30
      31
      24
      36
      24
      30
      28
      35
      24
      27
      31
      35
      32
      30
      15
      30
      24
      29
      25
      33
      37
      34
      28
      23
      23
      27
      43
      25
      36
      21
      28
      18
      29
      34
      38
      26
      29
      31
      34
      27
      29
      28
      41
      23
      30
      40
      44
      35
      38
      34
      44
      27
      37
      35
      37
      33
      43
      36
      36
      32
      22
      32
      29
      23
      36
      34
      27
      25
      39
      25
      29
      21
      30
      34
      27
      30
      30
      30
      28
      21
      37
      34
      29
      36
      32
      37
      26
      35
      27
      26
      30
      24
      25
      34
      27
      26
      24
      37
      35
      29
      20
      24
      24
      33
      32
      26
      28
      30
      24
      30
      22
      23
      24
      39
      25
      27
      25
      30
      24
      29
      28
      21
      25
      21
      22
      25
      29
      24
      29
      22
      28
      24
      30
      23
      22
      21
      30
      25
      28
      29
      23
      29
      31
      27
      27
      30
      25
      20
      37
      40
      23
      29
      37
      22
      16
      24
      26
      30
      36
      26
      20
      35
      31
      26
      31
      33
      26
      25
      35
      24
      17
      21
      30
      30
      27
      29
      30
      24
      26
      21
      29
      27
      32
      27
      26
      24
      24
      29
      24
      15
      33
      23
      23
      27
      30
      32
      25
      23
      21
      39
      28
      34
      34
      25
      34
      24
      24
      34
      30
      28
      23
      23
      24
      26
      21
      29
      25
      24
      30
      37
      28
      29
      32
      24
      28
      21
      26
      30
      31
      29
      29
      23
      28
      21
      32
      24
      34
      31
      17
      20
      25
      32
      35
      22
      27
      30
      32
      28
      30
      28
      32
      30
      21
      24
      40
      30
      26
      26
      25
      31
      21
      24
      24
      30
      20
      29
      24
      18
      21
      21
      21
      30
      20
      26
      22
      18
      27
      29
      34
      23
      30
      24
      24
      27
      30
      24
      24
      23
      27
      27
      19
      32
      35
      25
      23
      21
      26
      20
      20
      22
      28
      29
      28
      20
      22
      26
      26
      18
      31
      27
      22
      27
      21
      33
      19
      33
      25
      28
      31
      27
      26
      29
      34
      27
      22
      21
      26
      26
      23
      27
      23
      19
      24
      16
      34
      28
      34
      19
      31
      26
      32
      21
      24
      25
      26
      24
      26
      28
      33
      29
      26
      22
      24
      23
      21
      26
      19
      21
      21
      30
      31
      25
      21
      28
      27
      25
      20
      25
      28
      22
      17
      25
      20
      24
      20
      33
      31
      20
      33
      25
      30
      27
      18
      25
      23
      33
      25
      32
      26
      30
      22
      28
      27
      28
      31
      30
      27
      19
      27
      22
      23
      22
      20
      27
      30
      18
      27
      24
      22
      13
      31
      20
      25
      24
      27
      20
      25
      20
      32
      24
      29
      21
      29
      26
      23
      24
      18
      27
      25
      25
      32
      17
      42
      26
      34
      29
      32
      49
      46
      41
      59
      46
      52
      50
      71
      72
      64
      85
      83
      60
      57
      69
      61
      52
      43
      47
      45
      39
      29
      27
      20
      25
      25
      30
      20
      21
      23
      29
      15
      29
      22
      24
      21
      22
      27
      32
      20
      21
      23
      19
      20
      31
      20
      16
      27
      25
      32
      22
      13
      21
      29
      21
      19
      28
      24
      23
      17
      33
      13
      22
      26
      16
      23
      21
      24
      23
      32
      18
      23
      25
      22
      31
      21
      19
      14
      21
      17
      17
      23
      33
      15
      22
      27
      20
      21
      24
      23
      33
      24
      27
      24
      25
      23
      22
      22
      29
      17
      21
      25
      29
      13
      23
      18
      30
      20
      25
      21
      20
      15
      25
      22
      26
      21
      20
      23
      23
      23
      13
      15
      31
      31
      25
      22
      19
      13
      25
      20
      23
      20
      24
      24
      20
      21
      20
      28
      17
      23
      25
      19
      26
      20
      27
      24
      23
      22
      19
      19
      20
      22
      21
      23
      27
      21
      11
      21
      25
      24
      24
      26
      28
      21
      16
      18
      23
      23
      17
      26
      15
      27
      15
      32
      32
      18
      18
      22
      20
      29
      26
      29
      18
      19
      20
      16
      26
      21
      19
      29
      13
      23
      26
      18
      19
      22
      22
      24
      16
      16
      18
      25
      23
      25
      18
      25
      23
      29
      22
      23
      20
      20
      18
      17
      18
      24
      18
      20
      20
      24
      22
      15
      15
      21
      13
      15
      17
      27
      14
      19
      27
      20
      28
      21
      16
      17
      18
      26
      18
      18
      32
      20
      15
      19
      25
      17
      24
      21
      23
      24
      25
      24
      23
      21
      27
      23
      17
      16
      27
      21
      19
      12
      18
      20
      25
      21
      25
      31
      19
      14
      17
      20
      28
      16
      24
      26
      20
      23
      21
      23
      21
      17
      18
      25
      16
      29
      25
      19
      21
      27
      21
      15
      17
      14
      27
      18
      21
      16
      21
      25
      25
      20
      11
      21
      23
      20
      20
      23
      17
      25
      23
      20
      27
      22
      19
       6
      24
      17
      18
      13
      19
      18
      15
      18
      22
      18
      28
      23
      21
      17
      22
      27
      17
      21
      17
      13
      18
      30
      27
      21
      23
      15
      16
      18
      20
      20
      15
      13
      11
      13
      22
      20
      22
      11
      18
      12
      18
      20
      24
      12
      22
      22
      18
      17
      16
      23
      21
      24
      23
      19
      22
      23
      22
      27
      19
      28
      34
      25
      31
      47
      47
      32
      39
      38
      32
      26
      24
      18
      23
      25
      11
      20
      18
      17
      30
      24
      14
      23
      18
      28
      18
      24
      16
      25
      22
      19
      14
      28
      25
      24
      18
      24
      18
      14
      18
      21
      23
      31
      17
      14
      22
      18
      14
      19
      18
      19
      23
      24
      13
      16
      19
      23
      14
      20
      24
      19
      16
      24
      17
      18
      11
      23
       9
      20
      19
      20
      22
      23
      18
      14
      15
      19
      19
      30
      23
      22
      20
      19
      17
      10
      14
      16
      20
      20
      23
      22
      21
      13
      17
      14
      17
      16
      18
      11
      25
      28
      13
      25
      20
      14
      19
      21
      15
      16
      17
      21
      19
      14
      11
      25
      25
      29
      12
      15
      19
      17
      16
      29
      16
      12
      16
      17
      30
      20
      17
      22
      15
      22
      28
      29
      33
      27
      28
      32
      31
      41
      43
      43
      34
      33
      21
      17
      20
      15
      14
      20
      19
      12
      19
      14
      21
      15
      13
      26
      23
      19
      31
      21
      26
      21
      21
      34
      23
      26
      20
      27
      15
      21
       9
      22
      23
      10
      23
      19
      19
      22
      23
      17
      25
      18
      19
      12
      17
      12
      16
      14
      13
      16
      23
      12
      14
      21
      12
      19
      20
      13
      21
      12
      22
      12
      20
      20
      19
      22
      18
      11
       9
      22
      15
      14
      21
      10
      18
      15
      16
      15
      17
      15
      17
      16
      14
      17
      16
      22
      14
      23
      18
      15
      14
      14
      15
      18
      13
      14
      20
      25
      19
      17
      16
      15
      15
      16
      15
      23
      14
      26
      25
      23
      13
      18
      18
      16
      16
      13
      14
      16
      20
      17
      19
      22
      22
      20
      17
      19
      20
      21
      15
      11
      20
      21
      16
      16
      12
       9
      18
      15
      20
      19
      22
      20
      24
      15
      11
      20
      14
      16
      17
      19
      22
      10
       8
      18
      25
      10
      18
      16
      18
      14
      21
      13
      15
      18
      19
      20
      19
      27
      16
      16
      26
      24
      17
      15
      13
      17
      20
      26
      17
      25
      16
      17
      21
      21
      18
       7
      12
      13
      21
      16
      18
      22
      19
      18
      19
      13
      16
      18
      17
      13
      13
      13
      21
      18
      26
      23
      20
      21
      17
      22
      20
      14
      16
      14
      22
      19
      13
      22
      14
      10
      22
      17
      17
      15
      18
      14
      22
      16
      15
      16
      15
      14
      17
      10
      17
      17
      14
      18
      17
      21
      13
      15
      22
      18
      27
      14
      16
      19
      12
       7
      21
      15
      17
      19
      18
      12
      11
      12
      26
      17
      16
      16
      21
      23
      21
      23
      20
      13
      11
      18
      15
      16
      17
      15
      10
      15
      12
      21
      21
      19
      11
      11
      20
      10
      12
      14
      24
      13
      19
      14
      26
      22
      14
      25
      20
      20
      11
      19
      15
      18
      18
      20
      15
      19
      14
      16
      14
      17
      25
      18
      20
      17
      16
      16
      16
      27
      11
      14
      15
      12
      12
      10
      21
      14
      17
      24
      17
      16
      18
      17
      14
      16
      25
      19
      15
       6
      14
      17
      16
      12
      18
      19
      18
      11
      12
       6
      18
       8
      12
      17
      21
      14
      23
      16
      14
      17
      15
      12
      10
      19
      22
      14
       9
      19
      13
      20
      10
      10
      14
      15
      12
      25
      12
      14
      21
      11
      15
      18
      21
      21
      19
       8
      12
      15
      11
      16
      20
      19
      15
      17
      16
      19
      14
      13
      10
      17
       9
      11
      12
      13
      11
      18
      15
       7
      16
      15
      11
      19
       5
      14
      15
      17
      17
      17
      16
      13
      15
      14
      15
      12
      18
      18
      16
      12
      18
      13
      16
      15
      15
      13
      17
      21
      10
      11
      20
      21
      16
      17
      18
      22
      11
       7
      18
      19
      15
      14
      12
      15
      18
      22
      15
      22
      19
      12
      11
      11
      20
       7
      19
       8
      11
      19
      11
      12
      17
      17
      19
      14
      19
      15
      18
      15
       9
      12
      17
      14
      16
      10
      21
      16
      16
      22
      14
      12
      14
      15
      16
      14
       9
      22
      17
      15
      16
      15
       9
      20
      13
      16
      15
       7
      15
      14
      12
      13
      15
      10
      13
       9
      17
      15
      12
      12
      16
      11
      15
      15
      14
      13
       9
      24
      12
      14
      18
      17
      11
      14
      11
      13
      14
      23
      17
      10
       8
      15
       9
       5
       8
      12
       7
      16
      23
      15
      18
       9
      14
      13
       8
      13
      17
      11
       8
      15
      12
      15
      16
      13
      16
       9
      12
      12
      18
      16
      19
      12
      13
      25
      10
      17
      14
      18
      10
       9
      22
       8
      27
      15
      18
      15
      18
      12
      28
      23
      22
      17
      29
      14
      16
       9
      15
      17
      14
      15
      15
      16
      23
      15
      13
      13
      25
      21
      12
      24
      21
      19
      12
      16
      15
       7
      14
      15
      18
      13
      14
      15
       9
      17
      16
      15
      13
      13
      18
      12
      21
      14
      11
      16
      14
      16
      15
      12
      19
       9
      15
      13
      14
      13
      13
      11
       7
      14
      13
      16
      15
      13
       8
      19
       9
      12
      11
      17
      14
      19
      20
       8
      20
      11
      13
      12
      19
      16
      13
      13
      11
      14
      12
      14
      10
      10
      24
       8
      18
      14
      12
      12
      14
      14
      10
      11
       8
      19
      11
      11
      13
      21
      12
      16
      19
      15
      11
      12
      14
      15
      14
      12
      14
      15
      20
      12
      16
       6
      26
      12
      16
      19
      11
      14
      16
      11
      16
      13
      13
      16
       5
      17
      21
      15
      21
      15
      10
      12
       7
       6
      12
      15
      23
      16
      12
      11
      13
      13
      12
      14
      13
      13
      10
      16
      11
      10
      13
      10
      14
      10
      18
      17
      14
       7
      10
      14
      15
      12
      15
      12
      17
      14
      14
      16
      17
      20
      20
      16
      15
      10
      11
      16
      13
      10
      12
      14
      12
      11
      12
       5
      12
      16
      15
      15
      12
      10
      11
      18
      16
      10
      16
      15
       8
      20
      13
      19
      21
      10
      18
      17
      11
      12
      13
       9
      12
      10
      15
      15
      15
      14
      23
      17
      15
      17
      18
      15
      15
      14
      14
      15
      21
      25
      19
       9
      14
      15
       7
      14
      10
      14
      13
      11
      17
      11
      14
      12
      11
      13
      17
      16
      12
       8
      10
      13
      16
      14
      14
      12
      15
      12
      11
      15
      18
      20
      14
      16
      11
      11
      15
      12
      16
      10
      11
      10
      15
       9
      11
      11
      15
      12
      10
      10
      10
      14
       8
      11
       9
      11
      14
      14
       9
       7
       7
      14
      11
      17
      16
      12
      11
      11
       9
      12
      15
      15
       9
      14
      12
      16
      16
      10
      14
      10
      14
      16
      12
      20
      12
      16
      12
      12
      11
      10
      16
      13
      20
       9
      14
       7
       9
      17
      10
      11
      13
       7
       9
      17
      13
      20
      14
      16
      12
      11
       9
      10
      11
      13
       6
      10
       7
       9
       7
      16
      14
       9
      12
      13
      18
       8
      13
      13
      17
      13
      14
      20
      15
      14
      21
      18
      13
       9
      12
       8
      11
      13
      11
      18
      11
      15
      11
      19
      10
      17
      20
      15
      10
      12
      16
      11
      12
      11
      10
      16
       9
      10
      11
      12
      16
      15
      15
      12
      17
      17
      14
      13
      12
      14
      16
      12
       9
      13
      17
      15
       8
       8
       5
      17
      13
      10
      16
      13
      22
      18
      12
      16
      10
      14
      12
      10
      12
      15
      14
      19
      10
      20
      15
      13
      11
      17
      12
      11
      13
      23
      35
      27
      24
      32
      40
      39
      26
      32
      36
      22
      20
      24
      17
      14
      15
      17
      15
      16
      14
      16
      17
      12
      12
      13
       9
      18
      13
      12
      10
       4
      13
      11
      15
       7
      10
      12
      12
       9
      12
      13
      14
      12
       9
      13
      18
      16
      12
       9
      10
      16
      10
      10
      13
      19
       7
      18
      10
      19
      17
      13
       7
      11
      12
      11
      20
      12
      10
       8
      12
      13
       5
       9
       9
      11
      11
      11
      13
      16
      18
      13
       9
      10
      12
      11
       8
      11
       7
       5
       7
      10
      11
      11
      12
       8
      12
       7
      12
      19
      13
      15
      14
      11
      18
      14
      12
      14
      11
       8
      16
      18
      18
      12
      13
      15
       7
       8
       6
      15
       9
      12
      11
      16
      19
      12
      15
      13
       5
      12
      12
      11
      14
      11
      11
      12
       6
      18
      13
      14
       8
       7
      14
      10
       9
       8
      13
      14
      16
      10
      11
      14
       8
      16
      16
       9
      15
      11
      12
      13
      17
       9
      15
      12
      11
      11
      21
       7
      15
       9
      13
      13
       6
      11
       9
      11
      11
      13
      12
      19
      12
      11
       7
      14
      10
      13
      11
      12
      14
      11
      12
      13
      14
      12
      12
      14
      13
      16
      11
      11
      15
      12
       9
      11
      19
       8
       8
       5
       6
      13
       7
      10
      15
      14
      12
      10
      13
      11
      11
      12
       9
      13
      11
       8
       7
      14
      10
      12
      11
      12
      10
      10
      17
      15
       8
      18
      11
      11
       7
       9
      10
      11
      13
       9
       8
      15
      12
       9
      12
       8
      14
      12
       9
       8
       8
      11
       8
       4
      22
      13
       8
      12
       6
      12
      11
      13
      11
       9
      12
      15
       9
      13
      14
      11
      10
      11
       9
       8
       9
      10
      16
      18
       7
       9
      12
      13
      16
      12
       9
      14
       8
      14
      10
       9
       6
      13
       9
       7
      12
      11
      12
       5
       9
      15
      10
      10
      12
      12
      10
       7
      12
      11
      12
       9
       9
       7
      18
      12
       6
       8
      12
      11
       7
       6
       8
      13
      16
      11
       8
      13
       8
       8
       6
      11
      12
      11
       6
       8
      11
      11
      11
      10
      12
      14
      11
      13
       9
      11
      12
       9
      11
       9
      10
      10
      12
      11
      12
      12
      11
       8
       9
      13
       7
       9
       9
       7
       5
      11
       5
      10
       9
      11
       9
      12
       8
      10
       9
       9
      13
       6
      12
      12
      16
      15
       9
      14
      14
      13
      12
       8
      12
       8
      13
       3
      12
      10
      17
      12
      11
      17
      16
       8
      10
      12
      15
      11
      15
      10
      12
      13
      16
      13
      13
      10
       6
       7
      10
      12
      11
      14
      12
      13
      10
      10
      13
       9
      11
      12
      12
       7
       9
      17
       9
      11
       9
      10
       6
      13
       9
       9
      19
      11
      12
      13
       9
      10
       8
       8
      13
      11
      11
      11
      11
      16
      16
      11
      13
       9
       8
       8
       8
       9
      17
      15
       8
       7
      12
      14
       8
      16
      11
       7
      15
      13
      14
       7
       7
       8
      12
      15
      10
       6
      10
      14
      11
       6
      11
      12
       6
      15
      11
      11
       9
      10
      16
      15
      10
      11
      15
      14
       8
      14
      11
       8
      11
       5
       9
      10
      15
      11
      18
      11
      11
      13
      20
      18
      21
      31
      24
      27
      29
      15
      18
      22
      24
      11
      19
      18
      12
      16
       9
      10
      16
      11
      14
      10
      14
      10
      10
      12
      16
       4
      12
      13
      11
      14
       4
      12
      11
       7
       5
       8
       7
       5
       8
       7
      12
      12
      14
       8
      13
      13
       3
      13
      14
      13
      10
      11
       6
      16
       9
       6
      11
      11
       7
      15
       7
      10
      17
       5
      11
       6
       9
       9
       8
      15
       7
       8
      12
      11
      16
      14
       9
       5
      10
      10
      11
      11
      11
       6
       6
       7
       5
      18
       4
       8
      12
       7
       8
       9
      12
      18
       6
      11
      11
       5
       6
       6
      10
       6
       9
      16
       8
      10
       7
      10
      16
      10
       8
      10
      13
       9
       7
      14
      10
      13
      10
      10
       9
      14
       7
      10
       8
       8
      15
       7
       4
      12
      11
      12
       9
      10
      10
      13
      15
      11
       9
      14
       5
      10
      10
       9
      10
      16
      14
       6
      11
      15
       9
      13
       9
       7
       9
      10
      12
      10
       9
       5
      10
       8
       5
      12
       1
      11
      13
       6
      10
      11
      10
      12
      10
       5
       6
       9
       8
       9
       3
      14
      10
      16
       6
      10
      12
       9
      16
      10
      12
      12
       8
      11
       7
      12
      16
       9
      10
       6
      11
       7
      13
      10
      11
      20
      15
      10
      10
      18
       7
      14
      11
       8
      11
       8
       4
      13
      11
      13
       7
      17
      11
       9
       6
       8
       7
       6
       9
       9
      14
       7
       9
       8
       7
      11
      10
       9
       7
       9
       9
       8
       6
       7
       9
      14
       8
       7
       9
       7
       6
       9
      11
      10
       8
      10
      14
      12
       7
       9
      12
       8
      16
      12
       2
       6
      15
      12
       9
      10
       8
      13
      13
      15
      11
      13
      12
      17
      13
      10
       8
      14
      15
      14
      14
       8
      14
      15
      16
       8
      14
       9
      14
      12
      12
      15
      13
      15
      13
      14
      13
      18
      15
      12
      18
      10
      15
      12
      11
       8
      11
      15
       9
      11
       8
       8
      10
       9
      13
      12
      10
       6
      11
      11
       8
       7
       8
      13
      16
      12
      11
       9
      13
       5
       7
      13
       7
      13
       6
      10
      11
      11
       9
       5
      10
      13
       9
       9
      10
       7
       6
       8
      13
      13
      13
      12
       8
       6
       9
       5
       5
      13
       2
      13
      11
       3
      12
       9
       9
       6
      13
       9
      10
      14
       9
      12
       9
      13
       5
       6
      12
       9
       6
      12
       7
       2
       7
      10
      11
       7
       8
      10
      11
      12
      13
      16
      10
      12
       7
       9
      11
       8
       5
      11
       8
       7
      11
       8
       9
      12
      11
       5
      10
      11
      12
       7
      10
       5
      13
      12
      10
       4
       9
       2
       9
       9
       5
      16
       6
      12
      12
      10
      10
      11
       9
      10
       8
       8
       8
       8
      10
       8
       9
       6
      12
       4
      12
      11
       8
      13
       6
       7
       6
       9
       5
      14
       5
      12
      10
      10
      11
       8
       7
      14
      12
      11
      12
      13
      10
      13
      11
       9
       7
       8
       6
       6
      17
       7
      15
       4
       7
      13
      13
       8
       9
       7
       4
       6
      12
       7
       4
      10
       5
       9
       6
       7
       4
       9
      11
       7
       7
      11
      11
       7
      12
       4
      11
       7
       5
       9
       8
       6
      10
       5
      11
       6
       6
       9
       8
      15
       5
       7
       9
      10
       5
      10
       5
      12
       7
      11
      10
      11
       6
      15
      11
      10
       8
      11
      12
      13
      17
      10
       7
       9
       5
       8
       8
       5
       4
      10
      11
      10
       9
       8
      10
       9
      12
      10
       8
       5
       9
      11
       7
       9
       7
       7
      11
       9
      10
       3
       7
       9
       6
       6
       6
       3
       8
       5
       9
      11
      10
      12
       8
       9
       8
       8
       9
      10
       4
       8
       8
      13
       9
       5
      10
      12
       7
       8
      12
       4
       9
       8
       8
       6
       3
       5
       9
      11
       7
      12
       2
       6
      10
       9
      10
      11
       4
      11
      12
       9
       7
       9
       8
       8
       8
       8
      15
      10
      12
      11
       9
      13
       6
       9
       7
       6
      14
       5
      13
      15
      10
       8
      13
       6
       8
       8
      11
       7
      14
       5
       4
       8
       7
       9
       8
       7
      11
      10
       6
       3
       6
      10
       8
       9
      10
       9
      11
       7
      11
       7
       6
       7
       5
       9
       9
       8
       7
       5
       5
       9
      11
       9
       5
      10
       7
       7
       6
      10
       7
       8
       3
       8
      11
       7
       4
       6
       5
       3
       9
      11
       4
      12
       5
       6
       6
      11
      11
       6
      11
      12
       6
       7
       8
      16
       7
       4
       8
       5
      10
       8
       4
       7
       8
       9
      11
       3
       7
      10
       5
       4
       8
       8
      12
      10
       5
       8
       7
       4
       7
       6
      10
      10
       7
       6
      15
       6
       7
       9
       4
       8
       5
       8
       8
      13
       7
       4
      10
      10
      14
       6
       6
       8
       9
      10
      12
       3
       9
      11
       5
       5
      16
       7
       6
       7
       6
      12
      10
       7
       6
       8
      10
      10
       9
       5
       7
      11
       9
       5
      10
       6
       5
       9
       9
      10
       8
      11
      10
       8
       4
       3
       5
       5
       7
      10
      15
       3
      11
      10
      12
       5
       5
       8
      14
      11
       4
       4
       8
       9
      10
      10
       8
       8
      14
       6
       7
       7
       8
      10
       5
       7
      10
      11
       3
       7
       7
       6
      15
      12
       6
       6
       6
       8
       7
       6
      10
       6
       9
      10
       8
       6
      10
       6
       5
       7
      13
       8
       8
      10
       8
      12
       6
      15
       6
       9
       5
      10
       3
       9
       2
       6
       8
       7
       8
      16
       8
       6
       6
       6
       8
       5
      10
      13
       2
       8
       5
       1
       7
       8
      10
      10
       7
       5
       8
      10
      12
       9
       7
       6
       8
      12
      13
       4
       9
      13
       8
      12
       6
      12
       6
       9
       6
       8
      13
      10
       6
       8
       8
      10
       9
       5
      12
       4
      13
       7
      10
      13
      11
       2
       2
       4
       7
       9
       7
       6
       4
       6
      12
      14
       7
       7
       6
       2
       8
       6
       7
       6
       5
       3
      10
       6
       8
       8
       3
       9
       6
       7
       6
       9
       7
       7
       6
       8
       5
       7
      12
       7
       4
      10
       9
       6
       7
       6
       7
       6
       9
      11
       6
      15
       4
       8
       6
      12
       6
      12
       9
      11
      11
       5
       9
       9
       9
      10
       5
      10
      11
       4
       8
      10
       7
       7
       5
       5
      10
      12
       4
       6
      11
       7
      10
      10
       9
       8
      10
       6
       9
       7
       8
      11
      12
       2
       6
      11
       2
      10
       2
       9
      10
       5
       9
      10
       7
       9
      18
      10
       9
       6
      11
       4
       7
       6
       6
       5
       9
       9
       6
       6
       7
       3
      14
       5
       7
      14
       8
       7
      16
      13
       8
       7
       4
       7
      12
      11
       6
      13
       6
      13
      14
       9
       9
      13
       9
      10
      16
      16
      19
      10
      11
      17
      18
      13
      13
      11
      14
      15
      11
       7
      12
       7
      14
       8
       8
      11
       5
      10
       7
       8
      10
       9
       7
       6
       9
      10
       6
       9
      12
       9
       5
       9
      10
      11
       8
       8
      10
       8
      10
       5
       8
      10
      12
       7
       5
      10
       7
       9
       7
       6
       8
       7
      11
      10
       4
      13
       9
       5
       6
      10
      13
      11
       9
       8
       5
      13
       1
       9
       9
       7
       6
      14
       9
       8
       9
       7
      12
      13
       3
       6
       9
       6
       6
       8
       7
       6
       7
       8
       7
      10
       5
      10
       7
      11
       3
      11
       5
       8
       5
       8
       8
       8
       7
       9
       9
       7
       6
       5
      10
       7
       8
       7
       9
      12
       8
       5
       6
      10
       6
      10
      10
       4
      10
       7
      11
       4
       6
      10
       6
       8
       7
       8
      10
       6
       7
      15
       7
       3
       8
       9
       7
       5
       7
      12
       7
       8
       5
       8
       8
       6
       9
       5
       6
       7
       7
       6
       7
       8
       5
       6
      19
       4
       9
       6
       7
      10
      10
       3
       6
       6
       6
      13
       8
       8
       8
       7
      10
       7
      10
       9
       9
       6
      10
       6
       5
       7
       8
      10
       5
       6
      11
       5
      14
       5
       7
       7
       4
       7
       6
       8
       4
       7
      13
       8
       5
      10
      11
       7
       6
      12
       8
       4
       9
       6
       4
       7
       5
       5
       8
       7
      12
       9
       6
       9
      15
      10
       3
       7
       7
       7
       6
       1
       6
       6
       7
       3
       4
       7
       7
       7
       7
       9
       7
       7
       6
      11
       5
       6
      11
       7
       4
       7
       7
       8
      11
      11
       6
       9
       9
       3
       8
       6
       8
       6
       8
      11
      12
       6
      13
      13
      16
      16
       9
      12
      12
       8
      12
       9
      14
      10
      11
       7
       7
      10
       4
      10
       7
      10
      10
      10
       5
       5
       6
       8
       8
      11
       5
       7
       8
       9
       6
       6
       9
       7
       9
       6
       8
       5
       5
       9
       7
      11
       7
       5
       5
      12
       3
       8
       4
       7
       7
       7
       9
       7
       7
       6
       9
       6
       7
       7
      15
       6
      10
       9
      12
       3
       8
       4
       8
       5
       6
      10
       9
      14
      14
      15
      11
       4
       6
      10
       8
       4
       7
       5
      10
       5
       6
      11
       9
       8
      13
       7
      10
      10
       5
       4
       9
       6
       4
       5
       7
       6
       9
       5
       9
       7
       9
       5
       7
      10
       7
       3
       6
       7
       5
       3
       9
      11
       6
       5
       5
       9
       5
       9
      10
      11
       9
      12
       2
       5
      10
       9
       9
       8
       4
       8
      12
      15
       8
       5
       3
       5
       5
       6
      13
       8
       7
       3
       5
       5
       7
       6
       6
       6
      12
       8
       7
       5
       4
       7
       8
       4
      11
      10
       6
       6
       6
      13
       6
       9
       6
       3
       8
       6
       8
       5
       5
       7
       6
      12
       4
       3
      12
       5
       8
       8
       6
       6
       5
      10
       8
       5
       7
       7
       6
       9
       9
      10
       7
       6
       4
       6
       9
       8
      10
       4
       3
      10
       8
      12
       9
      10
       5
       5
       7
       6
       9
       8
      10
       9
       9
      10
       7
       6
       8
       4
      15
      13
       8
       9
       6
       8
       7
       4
       8
       6
       8
       9
       4
       9
      10
       6
       7
       9
       7
       8
       9
       6
       6
       8
      12
       7
       5
      12
      12
       7
      12
      10
       8
       6
       5
       7
       7
      11
       9
      11
       6
      10
      12
       9
       4
       4
       9
       8
       4
       4
      12
       7
      10
       7
      12
       3
      11
       8
       7
       4
       4
       5
       4
       6
       5
       6
       5
       7
       6
       8
      10
       7
      14
       5
       9
       9
       9
       9
       9
      12
       9
       5
       5
      10
       7
       6
       5
      14
      12
       7
      10
      11
       7
      12
       8
       8
       6
       6
       5
       7
      14
      11
       6
       9
       6
       4
      12
      15
       8
      11
       6
       9
      16
       6
      13
       8
      13
       6
       6
      10
       4
      14
      11
       3
       5
       8
       7
       9
       9
       6
       8
       7
       8
       9
      12
       4
       4
       3
       6
       9
       6
       4
       5
      12
       7
       4
       6
       9
       6
       4
       8
       4
       7
       5
       7
       5
       7
       4
       5
       7
       7
       6
       8
       8
       7
       9
       5
       7
       2
       5
       5
       8
       6
       7
       3
       4
       6
      11
      12
       6
      10
       4
       5
       6
       7
       5
       4
       6
       2
       5
       7
       6
       3
       4
       9
      11
       2
       7
      12
       3
       4
       6
       1
       6
       8
       4
       7
       6
       5
       4
       8
       9
      12
       7
       8
       5
       4
       5
       7
       4
       0
       7
       9
       4
       4
       7
       3
       9
      11
       7
       9
      10
       5
       6
       3
       5
       7
       7
       5
       8
       5
       4
       3
       6
       1
       9
       7
       5
       6
       4
       7
       3
       3
       9
      11
       8
       4
      12
       8
       5
       4
       5
       3
       4
       6
       3
       7
       3
       6
       4
       7
       7
       5
       4
       2
       7
       6
       5
       5
       5
       3
       8
       6
       6
       6
       2
       6
       7
       8
       6
       5
       3
       6
       1
       1
       5
       3
       6
       9
       6
       3
       7
       5
       6
       4
       5
       9
       2
       4
       3
       3
       2
       5
       6
       7
       3
       9
       3
       4
       4
       8
       4
      10
       0
       6
       4
       7
       6
       4
       4
       6
       9
       6
       7
       6
       7
       9
       4
      11
       3
       5
       4
       4
       5
       4
       3
       5
       2
       4
       5
       7
      13
       7
       3
       9
       6
       4
       3
       2
       6
       9
       2
       5
       2
       3
       1
       6
       6
       4
       5
       0
       3
       7
       5
       2
       6
       2
       5
       4
       6
       2
       3
       5
       6
       4
       8
       3
       6
       2
       3
       8
       6
       6
       8
       7
       4
       7
       8
       2
       8
       6
       7
       6
       6
       4
       9
       5
       5
       1
       2
       5
      10
       6
       5
       2
       1
       4
       4
       3
       1
       9
       4
       3
      12
       5
       6
       9
       7
       5
       6
       3
       4
       6
       5
       2
       6
       5
       6
       6
       4
       6
       4
       2
       2
       3
      10
       4
       6
       3
       1
       7
       4
       7
       1
       4
       0
       2
       6
       4
       3
       9
       6
       3
       6
       6
       5
       6
       3
       5
       6
       5
       4
       7
       4
       4
       4
       7
       1
       1
       7
       4
       6
       4
       5
       5
      10
       5
       4
       3
       8
       3
       4
       5
      10
       8
       5
       5
       7
       8
       3
       3
       2
       5
       1
       5
       5
       2
       3
       8
       5
       3
       5
       1
       2
       8
       7
       4
       3
       4
       3
       5
       4
       6
       4
       5
       3
      11
       1
       5
       5
      10
       4
       6
      12
       7
       3
       6
       3
       4
       5
       6
       4
       9
       3
       6
       3
       4
       5
       2
       4
       8
       3
       2
       2
       5
       3
       2
       3
       3
       3
       2
       4
       2
       3
       4
       3
       1
       5
       5
       3
       5
       3
       3
       4
       5
       6
       6
       5
       3
       4
       7
      10
       6
      11
      14
       7
       4
       8
       3
       3
       5
       4
       8
       5
       7
       7
       5
       9
       9
       3
       8
       6
       1
       7
       9
       2
       4
       5
       4
       4
       5
       3
       5
       5
       7
       6
       4
       1
       5
       4
       2
       6
       5
       5
       6
       6
       0
       4
       3
       1
       4
       2
       4
       6
       5
       5
       0
       6
       1
       2
       6
       3
       3
       8
       7
       3
       5
       0
       4
       9
       4
       2
       3
       4
       3
       2
       2
       5
       3
       2
       4
       2
       4
       2
       4
       8
       2
       3
      10
       2
       2
       4
       4
       8
       2
       8
       5
       3
       7
       5
       2
       6
       1
       4
       9
       3
       4
       4
       4
       6
       3
       0
       6
       4
       1
       5
       4
       4
       2
       4
       3
       7
       5
       2
       0
       2
       5
       3
       5
       5
       3
       6
       8
       3
       5
       5
      10
       1
       0
       3
       7
       2
       4
       3
       3
       1
       0
       6
       3
       3
       4
       4
       4
      10
       4
       3
       3
       8
       2
       1
       4
       6
       0
       5
       5
       5
       2
       4
       5
       5
       7
       4
       9
       6
       5
       4
       5
       0
       6
       7
       4
       3
       3
       2
       4
       4
       2
       1
       3
       1
       1
       1
       3
       4
       2
       6
       4
       2
       3
       6
       2
       2
       6
       2
       4
       7
       3
       4
       6
       3
       2
       3
       7
       6
       7
       2
       0
       4
       3
       0
       3
       5
       4
       3
       5
       7
       4
       3
       5
       5
       5
       2
       2
       2
       1
       5
       3
       1
       2
       3
       3
       2
       4
       5
       5
       7
       5
       3
       2
       6
       5
       8
       2
       5
       8
       3
       6
       5
       6
       3
       6
       2
       3
       3
       4
       2
       6
       4
       3
       5
       6
       1
       7
       7
       5
       2
       7
       2
       1
       1
       2
       2
       4
       6
       4
       7
       1
       1
       2
       2
       4
       5
       1
       5
       2
       4
       4
       5
       3
       3
       3
       3
       1
       4
       1
       3
       2
       6
       3
       3
       3
       2
       3
       7
       3
       3
       1
       4
       5
       3
       4
       2
       1
       6
       4
       2
       2
       2
       2
       3
       3
       1
       5
       7
       4
       2
       1
       5
       5
       6
       6
       4
       4
       8
       5
       7
       1
       3
       6
       3
       2
       5
       3
       3
       4
       3
       2
       4
       2
       4
       0
       4
       5
       5
       8
       4
       2
       3
       2
       8
       5
       3
       4
       8
       4
       4
       3
       2
       3
       5
       2
       2
       1
       4
       4
      12
       5
       4
       3
       5
       2
       1
       2
       3
       4
       4
       3
       4
       4
       7
       3
       6
       4
       3
       2
       1
       1
       3
       4
       3
       5
       4
       4
       4
       1
       3
       2
       3
       3
       1
       3
       2
       2
       8
       4
       3
       2
       4
       4
       1
       4
       3
       2
       5
       5
       3
       5
       5
       5
       5
       5
       4
       4
       3
       4
       4
       2
       1
       2
       3
       1
       4
       4
       5
       2
       2
       3
       2
       2
       5
       5
       4
       5
       5
       6
       2
       1
       1
       4
       9
       4
       3
       6
       4
       5
       4
       3
       3
       4
       7
       3
       4
       1
       0
       2
       3
       3
       3
       6
       3
       5
       3
       4
       4
       4
       2
       2
       1
       2
       4
       3
       2
       5
       4
       2
       3
       6
       4
       5
       2
       4
       6
       5
       6
       7
       9
       2
       4
       4
       3
       3
       2
       4
       4
       4
       5
       9
       1
       4
       2
       5
       5
       2
       2
       5
       3
       5
       5
       5
       5
       3
       5
       4
       3
       1
       4
       3
       3
       7
       3
       3
       4
       4
       4
       4
       0
       4
       3
       3
       4
       4
       6
       4
       4
      11
       0
       4
       3
       2
       1
       4
       5
       5
       5
       3
       5
       3
       6
       4
       3
       1
       3
       4
       6
       5
       2
       1
       2
       2
       2
       4
       0
       5
       8
       6
       5
       2
       4
       2
       2
       6
       4
       4
       3
       0
       2
       2
       4
       3
       8
       2
       6
       4
       2
       5
       5
       1
       4
       6
       4
       5
       1
       3
       1
       3
       7
       4
       5
       7
       7
       3
       7
       1
       3
       7
       4
       4
       4
       2
      11
       5
       6
       4
       3
       6
       7
       9
       4
      12
      10
       8
       9
      11
       7
      16
      19
      24
      26
      26
      31
      34
      37
      48
      49
      45
      59
      43
      53
      55
      66
      63
      59
      66
      57
      60
      36
      53
      51
      40
      20
      20
      12
       7
       5
       7
       6
       6
       1
       2
       4
       0
       1
       3
       3
       1
       2
       1
       3
       1
       0
       3
       5
       1
       6
       1
       1
       2
       3
       1
       1
       1
       6
       3
       4
       2
       2
       2
       3
       3
       1
       4
       1
       0
       5
       3
       1
       2
       1
       3
       0
       4
       1
       2
       2
       0
       2
       3
       3
       2
       2
       2
       1
       1
       2
       1
       2
       3
       3
       5
       5
       2
       0
       0
       1
       3
       6
       3
       1
       2
       1
       1
       1
       1
       0
       3
       5
       3
       3
       3
       3
       2
       4
       3
       1
       0
       4
       2
       0
       5
       3
       2
       1
       2
       2
       3
       2
       4
       1
       3
       0
       2
       5
       1
       3
       5
       4
       2
       1
       2
       1
       4
       2
       3
       1
       3
       5
       3
       1
       3
       6
       2
       0
       2
       1
       4
       2
       3
       3
       1
       1
       3
       2
       3
       2
       4
       1
       1
       1
       3
       2
       1
       2
       2
       4
       2
       7
       3
       7
       1
       3
       6
       1
       2
       4
       1
       4
       4
       3
       4
       3
       2
       4
       0
       5
       4
       2
       3
       4
       2
       4
       0
       1
       0
       2
       2
       2
       1
       1
       4
       1
       1
       3
       1
       3
       2
       3
       2
       4
       4
       1
       1
       1
       4
       4
       2
       2
       0
       2
       1
       1
       2
       0
       0
       3
       2
       2
       2
       2
       1
       3
       2
       3
       3
       0
       2
       2
       1
       4
       2
       2
       4
       1
       7
       3
       1
       5
       4
       5
       2
       1
       2
       3
       2
       4
       0
       3
       1
       3
       3
       1
       1
       1
       1
       4
       7
       3
       3
       0
       2
       3
       3
       5
       4
       2
       5
       0
       2
       2
       3
       1
       3
       1
       1
       4
       2
       3
       2
       3
       2
       8
       0
       4
       2
       1
       3
       5
       2
       4
       3
       2
       5
       1
       1
       1
       6
       2
       0
       5
       1
       1
       2
       3
       3
       4
       1
       1
       3
       2
       1
       3
       1
       1
       2
       1
       3
       4
       2
       3
       1
       3
       1
       6
       1
       5
       2
       2
       2
       3
       3
       3
       2
       2
       2
       1
       1
       1
       4
       6
       2
       1
       1
       3
       0
       2
       4
       3
       0
       2
       1
       3
       1
       1
       2
       2
       2
       1
       2
       1
       1
       1
       0
       3
       5
       1
       1
       3
       1
       0
       2
       4
       0
       3
       0
       1
       1
       2
       1
       1
       0
       4
       1
       3
       3
       1
       1
       6
       2
       1
       0
       3
       5
       0
       3
       4
       4
       1
       3
       3
       2
       2
       3
       3
       1
       3
       3
       0
       2
       1
       2
       2
       2
       2
       7
       2
       1
       1
       7
       1
       1
       2
       2
       3
       3
       4
       0
       0
       0
       2
       3
       1
       0
       3
       2
       1
       4
       1
       1
       1
       4
       2
       4
       4
       1
       1
       3
       1
       2
       1
       3
       3
       1
       2
       1
       2
       0
       5
       3
       3
       3
       1
       1
       1
       2
       2
       1
       3
       1
       2
       3
       1
       3
       1
       5
       2
       3
       2
       2
       2
       1
       1
       2
       3
       0
       0
       2
       7
       4
       2
       3
       1
       1
       0
       1
       0
       3
       1
       3
       2
       0
       3
       6
       4
       0
       2
       2
       2
       1
       2
       0
       3
       1
       5
       1
       4
       1
       3
       1
       2
       3
       4
       0
       1
       0
       2
       4
       1
       2
       0
       1
       1
       2
       2
       4
       0
       4
       0
       2
       0
       2
       2
       0
       1
       2
       2
       2
       5
       1
       4
       2
       1
       4
       1
       2
       1
       1
       1
       0
       3
       1
       4
       1
       2
       1
       0
       1
       2
       0
       0
       0
       0
       0
       0
       0
       0
       0
       0
       0
       0
       0
       0
       0
       0
       0
       0
       0
       0
       0
       0
       0
       0
       0
       0
       0
       0
       0
       0
       0
       0
       0
       0
       0
       0
       0
       0
       0
       0
       0
       0
       0
       0
       0
       0
       0
       0
       0
       0
       0
       0
       0
       0
       0
       0
       0
       0
       0
       0
       0
       0
       0
       0
       0
       0
       0
       0
       0
       0
       0
       0
       0
       0
       0
       0
       0
       0
       0
       0
       0
       0
       0
       0
       0
       0
       0
       0
       0
       0
       0
       0
       0
       0
       0
       0
       0
       0
       0
       0
       0
       0
       0
       0
       0
       0
       0
       0
       0
       0
       0
       0
       0
       0
       0
       0
       0
       0
       0
       0
       0
       0
       0
       0
       0
       0
       0
       0
$ROI:
1
4146 4168
$PRESETS:
None
0
0
$ENER_FIT:
0.196194 0.194904
$MCA_CAL:
3
1.961942E-001 1.949036E-001 3.834765E-008 keV
$SHAPE_CAL:
3
0.000000E+000 0.000000E+000 0.000000E+000
