$SPEC_ID:
HFNG Beamline
$SPEC_REM:
DET# 2
DETDESC# EasyMCA
AP# Maestro Version 7.01
$DATE_MEA:
05/01/2018 11:51:03
$MEAS_TIM:
106760 106766
$DATA:
0 8191
       0
       0
       0
       0
       0
       0
       0
       0
       0
       0
       0
       0
       0
       0
       0
       0
       0
       0
       0
       0
       0
       0
       0
       0
       0
       0
       0
       0
       0
       0
       0
       0
       0
       0
       0
       0
       0
       0
       0
       0
       0
       0
       0
       0
       0
       0
       0
      13
     285
     432
     388
     399
     423
     428
     432
     470
     480
     450
     478
     412
     427
     396
     435
     410
     414
     460
     445
     414
     394
     377
     430
     409
     385
     407
     358
     350
     384
     362
     376
     386
     348
     365
     398
     382
     354
     364
     340
     372
     377
     342
     389
     408
     371
     372
     337
     347
     347
     332
     341
     353
     355
     357
     350
     327
     318
     351
     343
     338
     298
     319
     348
     364
     343
     354
     295
     319
     330
     350
     323
     333
     299
     327
     305
     330
     348
     308
     349
     311
     305
     280
     331
     309
     290
     312
     297
     310
     319
     274
     332
     293
     287
     317
     273
     304
     292
     308
     303
     250
     317
     261
     264
     267
     275
     276
     281
     271
     302
     278
     295
     292
     258
     304
     300
     264
     287
     268
     298
     298
     271
     287
     290
     277
     290
     254
     262
     270
     253
     258
     267
     257
     284
     257
     274
     264
     274
     278
     298
     261
     281
     287
     244
     258
     253
     264
     308
     235
     246
     258
     259
     249
     239
     238
     258
     252
     257
     240
     275
     235
     243
     282
     232
     262
     251
     260
     256
     267
     275
     258
     234
     244
     238
     257
     238
     247
     225
     248
     258
     258
     214
     247
     225
     221
     243
     222
     253
     218
     214
     248
     246
     251
     212
     202
     236
     233
     238
     218
     230
     203
     208
     268
     251
     224
     231
     232
     255
     232
     244
     248
     215
     253
     209
     241
     224
     218
     235
     244
     215
     236
     248
     241
     225
     242
     209
     215
     245
     219
     256
     211
     248
     220
     216
     225
     204
     229
     231
     234
     222
     261
     208
     228
     240
     217
     225
     251
     220
     217
     243
     258
     243
     223
     236
     238
     227
     197
     234
     242
     251
     257
     240
     243
     231
     299
     219
     227
     211
     226
     204
     232
     227
     208
     241
     221
     236
     239
     255
     288
     275
     247
     242
     244
     235
     231
     196
     213
     239
     232
     234
     246
     231
     235
     250
     226
     231
     229
     238
     248
     257
     246
     251
     243
     202
     215
     231
     243
     222
     259
     243
     235
     230
     243
     236
     229
     248
     244
     218
     261
     246
     254
     259
     253
     261
     316
     439
     530
     564
     504
     370
     283
     260
     242
     270
     304
     370
     622
     772
     825
     660
     446
     362
     270
     230
     228
     213
     217
     236
     207
     223
     235
     212
     222
     253
     224
     183
     231
     209
     216
     223
     230
     206
     220
     228
     199
     222
     224
     203
     210
     194
     225
     223
     225
     214
     216
     217
     215
     218
     217
     224
     205
     235
     235
     276
     297
     342
     446
     476
     488
     451
     400
     328
     252
     207
     215
     198
     215
     225
     235
     244
     274
     286
     313
     242
     232
     230
     206
     221
     175
     197
     210
     190
     215
     216
     225
     223
     256
     199
     243
     205
     208
     218
     206
     225
     212
     229
     291
     315
     294
     278
     304
     299
     250
     233
     227
     192
     198
     183
     204
     198
     208
     199
     198
     202
     207
     205
     228
     203
     183
     212
     226
     222
     220
     203
     207
     213
     217
     223
     212
     204
     198
     210
     190
     226
     181
     187
     215
     209
     207
     187
     204
     185
     171
     209
     184
     213
     184
     204
     204
     193
     206
     200
     191
     190
     198
     190
     174
     220
     183
     232
     226
     208
     217
     181
     224
     204
     220
     206
     185
     191
     219
     223
     193
     192
     211
     200
     207
     197
     212
     207
     211
     223
     215
     214
     189
     205
     206
     198
     202
     196
     219
     209
     202
     204
     203
     218
     193
     205
     203
     196
     221
     231
     225
     212
     225
     203
     188
     205
     206
     207
     210
     208
     213
     201
     206
     208
     187
     208
     215
     186
     213
     193
     186
     218
     204
     198
     187
     202
     198
     193
     169
     203
     205
     159
     200
     184
     194
     229
     197
     172
     179
     210
     209
     225
     218
     236
     225
     189
     178
     182
     214
     188
     221
     194
     207
     217
     187
     199
     161
     198
     197
     186
     211
     232
     211
     198
     216
     185
     188
     211
     205
     197
     183
     174
     178
     208
     213
     171
     203
     237
     178
     196
     199
     190
     182
     214
     204
     203
     190
     207
     181
     174
     184
     194
     206
     212
     212
     209
     204
     192
     194
     214
     195
     176
     200
     206
     208
     181
     187
     197
     183
     243
     204
     208
     212
     207
     183
     189
     198
     170
     174
     183
     216
     186
     199
     197
     209
     197
     200
     187
     194
     185
     197
     192
     187
     208
     183
     198
     167
     206
     184
     188
     179
     202
     203
     172
     158
     175
     187
     186
     166
     175
     194
     184
     201
     196
     204
     188
     234
     273
     304
     327
     297
     229
     225
     200
     164
     196
     171
     188
     188
     169
     171
     181
     175
     197
     167
     193
     171
     171
     193
     179
     174
     173
     183
     172
     168
     169
     185
     166
     180
     169
     190
     179
     179
     173
     202
     180
     168
     197
     187
     188
     190
     155
     185
     170
     179
     161
     180
     193
     202
     187
     175
     171
     196
     173
     196
     183
     154
     185
     161
     168
     162
     175
     197
     175
     166
     161
     202
     192
     192
     161
     176
     163
     184
     160
     170
     186
     189
     178
     172
     171
     159
     184
     180
     162
     178
     165
     172
     183
     164
     164
     172
     182
     167
     153
     165
     157
     176
     185
     236
     224
     225
     189
     164
     170
     187
     176
     152
     172
     173
     148
     169
     192
     167
     178
     169
     204
     153
     169
     168
     163
     167
     173
     186
     173
     167
     151
     141
     148
     169
     165
     180
     164
     159
     176
     184
     160
     175
     169
     149
     165
     168
     161
     159
     144
     154
     163
     158
     174
     174
     174
     180
     152
     164
     171
     165
     145
     164
     151
     183
     144
     165
     149
     176
     147
     152
     160
     182
     173
     143
     150
     165
     132
     158
     160
     136
     157
     140
     163
     152
     159
     174
     172
     160
     163
     169
     147
     139
     166
     155
     147
     160
     149
     155
     155
     139
     167
     133
     150
     152
     156
     157
     147
     142
     160
     151
     156
     148
     151
     162
     186
     227
     355
     505
     694
     716
     704
     503
     347
     207
     159
     157
     147
     134
     157
     144
     175
     151
     143
     127
     158
     129
     157
     146
     135
     153
     137
     126
     116
     134
     136
     142
     140
     159
     132
     146
     122
     139
     154
     130
     155
     114
     157
     124
     126
     129
     142
     123
     148
     150
     139
     124
     160
     125
     131
     159
     144
     149
     127
     132
     121
     143
     119
     147
     128
     141
     117
     149
     119
     128
     141
     139
     131
     134
     131
     127
     142
     125
     143
     125
     152
     136
     128
     143
     144
     145
     130
     128
     124
     139
     142
     131
     149
     128
     121
     101
     134
     103
     134
     138
     142
     143
     147
     179
     170
     175
     173
     160
     124
     145
     141
     135
     132
     129
     123
     143
     113
     110
     135
     134
     113
     148
     121
     134
     141
     126
     133
     114
     131
     129
     125
     119
     107
     117
     118
     130
     113
     120
     118
     118
     115
     118
     119
     122
     109
     119
     114
     133
     127
     106
     123
     123
     101
     148
     106
     104
     130
     103
     141
     119
     100
     110
     125
     106
     130
     126
     119
     115
     108
     122
     108
     100
     103
     127
      99
     112
     113
     121
     139
     118
     140
     131
     108
     107
     121
     123
     119
     109
     104
     111
     145
     118
     111
     128
     104
     118
     102
     114
     112
     106
      92
     111
     104
     131
     104
     125
     116
     121
      95
     107
     111
     104
     105
     115
     116
     114
      95
     118
     110
     106
      93
     127
     112
     111
     123
     118
     110
     104
     127
     103
     113
     119
     122
     109
     117
     111
     107
     118
     116
     106
      88
     108
     132
      94
     126
     107
     112
     115
     100
     123
     116
     108
     127
     115
      86
      95
     129
     101
     101
     105
     110
      93
     101
     105
     108
     105
     103
      94
     110
     119
     110
      86
     117
     114
     145
     186
     196
     190
     149
     132
     118
     117
      86
     118
      95
      94
     108
     126
      97
     111
     104
     104
     121
     120
     106
     111
     116
      87
      94
     108
     111
      99
      74
      96
      98
      96
     104
     105
      81
      93
      87
     100
     109
     106
      85
     107
     113
      86
      98
     101
     101
     100
      91
      87
     103
      78
      94
      86
      96
      86
     105
      74
      90
      86
     102
      86
      90
      88
      89
      92
     102
      84
     100
      90
      95
      76
     116
     102
      91
     103
      76
      89
      92
      92
      72
      79
     111
      90
      83
     104
      89
      92
     109
     107
      96
     101
      70
      77
      93
      76
      86
      90
     105
     103
      93
      96
     101
      86
      71
      87
      82
      88
     106
     102
      81
      83
      76
      74
      80
      93
      81
      94
      94
      99
      95
      79
      80
      85
      88
      82
      92
      75
      90
      86
      84
      93
      95
      78
      79
      72
      82
      89
      87
      82
      70
      86
      55
      97
      82
      76
      77
      82
      81
      80
      81
      82
      81
      71
      97
      79
      76
     109
      76
      88
      75
      92
      93
      96
     103
      96
      82
      92
      78
      93
      77
      83
      82
      82
      76
      86
      87
      87
      89
      81
      84
      74
      81
      87
     101
      80
      86
     100
      91
      81
      76
      79
      85
      85
      77
      91
      60
      79
      76
      85
      73
      67
      85
      86
      86
      78
      72
      87
      74
      85
      88
      84
      93
      81
      78
      80
      69
      77
      96
      69
      87
      74
      73
      74
      71
      85
      77
      86
      81
      78
      81
      77
      63
      75
      75
      84
      90
      84
      68
      74
      69
      91
      66
      80
      88
      84
      88
      76
      75
      80
      54
      66
      78
      68
      75
      49
      82
      61
      81
      85
      59
      65
      73
      78
      85
      74
      70
      64
      78
      76
      66
      80
      69
      66
      60
      76
      75
      86
      63
      74
      55
      91
      72
      86
      77
      85
      90
      78
      77
      85
      81
      80
      97
      97
      93
      76
      98
      67
      70
      66
      83
      64
      70
      70
      66
      70
      76
      75
      66
      67
      56
      75
      74
      82
      67
      72
      73
      72
      74
      77
      62
      71
      67
      67
      66
      67
      70
      70
      71
      71
      66
      68
      76
      73
      72
      73
      67
      83
      78
      61
      78
      77
      67
      61
      68
      62
      64
      56
      65
      80
      81
      68
      77
      74
      81
      69
      64
      76
      61
      72
      63
      61
      55
      58
      61
      66
      67
      71
      71
      67
      83
      74
      70
      64
      51
      66
      68
      59
      68
      70
      59
      82
      73
      60
      53
      62
      63
      65
      59
      70
      64
      68
      54
      74
      67
      60
      65
      75
      55
      62
      79
      68
      65
      56
      74
      62
      53
      85
      60
      65
      62
      59
      73
      67
      50
      67
      77
      66
      67
      59
      57
      68
      63
      64
      57
      48
      80
      62
      66
      67
      68
      63
      63
      60
      66
      71
      68
      72
      82
      63
      61
      81
      72
      71
      54
      58
      69
      56
      57
      67
      65
      67
      54
      59
      65
      67
      70
      68
      54
      87
      76
      71
      68
      64
      68
      55
      67
      56
      70
      39
      66
      69
      60
      59
      77
      64
      63
      57
      44
      62
      57
      61
      65
      50
      64
      63
      58
      58
      58
      74
      56
      53
      65
      63
      65
      77
      60
      70
      56
      52
      69
      61
      62
      71
      58
      68
      54
      66
      54
      67
      67
      76
      66
      83
      81
      56
      65
      62
      64
      39
      49
      67
      55
      65
      61
      70
      60
      54
      61
      49
      63
      50
      63
      56
      62
      45
      49
      52
      60
      48
      41
      64
      64
      72
      54
      72
      49
      58
      48
      61
      56
      39
      56
      63
      54
      64
      57
      52
      59
      51
      64
      59
      66
      42
      65
      60
      37
      60
      63
      60
      53
      58
      54
      63
      63
      63
      61
      57
      75
      67
      72
      73
      93
      77
     116
      72
      69
      60
      63
      58
      63
      59
      52
      50
      56
      49
      41
      45
      42
      67
      54
      46
      66
      55
      63
      53
      35
      57
      61
      54
      59
      49
      40
      61
      53
      42
      46
      59
      54
      55
      55
      58
      44
      44
      50
      61
      38
      48
      54
      51
      51
      52
      57
      58
      53
      36
      44
      51
      45
      39
      55
      50
      46
      52
      62
      47
      51
      63
      49
      60
      48
      60
      50
      46
      49
      49
      56
      34
      47
      49
      50
      44
      46
      49
      59
      50
      51
      50
      48
      50
      58
      54
      59
      48
      51
      44
      46
      58
      48
      51
      47
      43
      61
      55
      45
      49
      50
      49
      57
      51
      49
      63
      46
      51
      42
      44
      57
      35
      48
      61
      60
      32
      58
      51
      48
      57
      31
      40
      43
      41
      54
      57
      59
      54
      39
      33
      37
      41
      50
      49
      47
      54
      40
      33
      39
      33
      45
      31
      49
      42
      49
      58
      44
      38
      53
      52
      39
      54
      58
      26
      45
      42
      43
      50
      48
      41
      45
      40
      49
      49
      57
      40
      44
      42
      59
      49
      54
      38
      46
      51
      38
      44
      47
      53
      56
      44
      48
      31
      41
      39
      51
      42
      40
      45
      42
      34
      34
      51
      51
      39
      39
      52
      53
      46
      50
      38
      34
      36
      51
      50
      51
      44
      53
      42
      40
      47
      50
      31
      54
      45
      46
      36
      59
      43
      42
      53
      36
      53
      34
      46
      53
      35
      51
      49
      45
      53
      41
      46
      38
      47
      44
      52
      35
      45
      42
      39
      35
      41
      44
      34
      43
      43
      39
      45
      42
      54
      42
      44
      47
      40
      38
      41
      40
      37
      44
      49
      46
      48
      44
      44
      48
      36
      40
      45
      62
      44
      49
      38
      35
      35
      41
      40
      34
      43
      40
      45
      44
      49
      37
      49
      61
      44
      39
      52
      62
      35
      36
      37
      41
      52
      41
      49
      30
      41
      39
      49
      37
      35
      40
      39
      37
      43
      50
      44
      44
      41
      38
      46
      31
      42
      41
      49
      39
      43
      45
      40
      45
      41
      47
      46
      38
      44
      38
      43
      46
      41
      38
      40
      45
      40
      47
      33
      36
      38
      39
      38
      38
      53
      41
      38
      49
      39
      30
      44
      32
      41
      45
      41
      36
      37
      42
      43
      44
      37
      41
      49
      31
      45
      61
      43
      30
      39
      34
      49
      38
      39
      41
      46
      36
      57
      40
      39
      39
      32
      41
      50
      36
      36
      37
      41
      37
      35
      47
      32
      43
      48
      40
      33
      33
      44
      42
      32
      40
      47
      40
      35
      32
      39
      50
      38
      51
      42
      32
      37
      48
      47
      36
      27
      46
      40
      43
      48
      49
      53
      56
      50
      58
      45
      44
      37
      43
      37
      38
      36
      36
      28
      29
      43
      41
      36
      37
      44
      47
      32
      37
      51
      32
      41
      32
      43
      28
      40
      38
      36
      35
      38
      31
      25
      44
      35
      33
      45
      37
      43
      29
      32
      23
      45
      46
      39
      47
      30
      46
      47
      37
      36
      48
      40
      30
      39
      40
      32
      40
      31
      41
      31
      37
      43
      31
      34
      31
      42
      34
      46
      30
      40
      45
      30
      42
      48
      34
      44
      34
      37
      34
      47
      45
      46
      29
      34
      40
      28
      31
      26
      37
      29
      42
      39
      39
      44
      40
      35
      35
      32
      44
      35
      33
      39
      41
      45
      35
      32
      37
      39
      43
      33
      25
      31
      28
      39
      47
      41
      36
      39
      40
      31
      36
      33
      32
      27
      29
      27
      35
      38
      25
      36
      33
      34
      38
      36
      38
      34
      26
      42
      33
      40
      43
      33
      27
      28
      32
      39
      39
      46
      43
      45
      37
      36
      41
      45
      29
      36
      36
      39
      25
      31
      36
      35
      37
      34
      38
      34
      35
      33
      31
      36
      35
      31
      38
      37
      44
      29
      24
      32
      40
      37
      41
      37
      27
      37
      35
      35
      23
      37
      24
      29
      38
      27
      30
      47
      50
      45
      41
      32
      30
      43
      39
      47
      39
      25
      32
      45
      46
      32
      41
      30
      29
      37
      30
      29
      29
      21
      37
      38
      28
      32
      34
      29
      44
      27
      37
      35
      35
      34
      35
      36
      25
      33
      27
      30
      31
      34
      23
      25
      34
      31
      29
      29
      42
      41
      31
      36
      39
      36
      29
      21
      38
      36
      44
      32
      36
      45
      35
      40
      34
      30
      45
      22
      27
      39
      40
      42
      39
      27
      27
      32
      25
      34
      35
      37
      25
      23
      35
      36
      34
      34
      13
      30
      26
      27
      27
      29
      27
      29
      33
      36
      43
      28
      36
      32
      28
      23
      27
      36
      32
      36
      33
      34
      36
      34
      23
      30
      40
      27
      22
      27
      33
      32
      31
      31
      38
      30
      28
      27
      27
      35
      39
      36
      32
      29
      27
      36
      30
      32
      32
      33
      39
      29
      28
      40
      28
      37
      38
      33
      41
      28
      35
      35
      38
      35
      34
      30
      27
      34
      29
      41
      31
      26
      37
      28
      34
      30
      32
      30
      31
      34
      26
      25
      38
      34
      26
      38
      39
      40
      35
      33
      26
      36
      33
      44
      38
      43
      30
      35
      34
      40
      44
      51
      57
      54
      57
      68
      72
      64
      91
      95
     108
      98
      92
      92
      92
      82
      94
      73
      79
      79
      52
      54
      49
      51
      46
      41
      30
      32
      40
      34
      30
      28
      30
      34
      28
      40
      32
      24
      27
      36
      35
      31
      33
      33
      39
      33
      28
      38
      30
      29
      42
      35
      29
      39
      25
      39
      23
      29
      36
      30
      26
      30
      26
      28
      26
      20
      30
      18
      36
      36
      32
      23
      30
      26
      21
      31
      29
      33
      21
      28
      25
      41
      27
      34
      29
      32
      38
      34
      27
      33
      27
      34
      29
      30
      32
      27
      33
      40
      30
      35
      19
      30
      24
      31
      32
      34
      27
      29
      29
      17
      33
      24
      28
      29
      34
      25
      30
      32
      34
      24
      35
      29
      37
      34
      34
      22
      39
      31
      29
      21
      35
      29
      34
      25
      28
      20
      28
      34
      25
      24
      25
      38
      23
      16
      34
      22
      30
      30
      34
      29
      32
      33
      21
      43
      28
      39
      23
      33
      31
      30
      23
      37
      40
      30
      26
      24
      31
      34
      29
      21
      31
      26
      27
      39
      29
      24
      24
      22
      31
      33
      20
      28
      34
      31
      27
      33
      35
      36
      25
      34
      30
      28
      15
      32
      32
      26
      22
      23
      22
      29
      40
      39
      29
      25
      32
      31
      32
      26
      23
      25
      22
      29
      34
      24
      30
      22
      26
      32
      25
      32
      21
      30
      31
      30
      35
      27
      30
      29
      22
      16
      25
      33
      26
      34
      36
      19
      31
      24
      23
      21
      24
      33
      25
      20
      29
      27
      31
      27
      24
      20
      33
      25
      34
      23
      32
      35
      41
      29
      23
      29
      30
      27
      21
      28
      25
      21
      27
      29
      20
      28
      16
      26
      25
      33
      29
      28
      35
      27
      23
      21
      25
      24
      28
      23
      42
      26
      22
      26
      38
      30
      39
      20
      29
      26
      35
      25
      28
      23
      26
      27
      26
      26
      20
      31
      24
      33
      23
      33
      28
      40
      25
      31
      36
      43
      28
      22
      30
      37
      29
      24
      25
      28
      36
      21
      31
      22
      27
      21
      33
      22
      28
      19
      22
      28
      28
      19
      28
      25
      29
      26
      30
      20
      22
      29
      37
      39
      33
      26
      19
      28
      18
      36
      21
      34
      31
      31
      27
      28
      29
      29
      28
      29
      32
      33
      26
      30
      23
      34
      24
      27
      33
      26
      31
      32
      31
      38
      40
      41
      31
      40
      43
      39
      59
      50
      42
      46
      41
      33
      27
      27
      27
      30
      34
      20
      22
      23
      37
      34
      32
      22
      21
      21
      26
      28
      24
      34
      26
      23
      30
      29
      33
      28
      33
      26
      23
      27
      28
      25
      27
      31
      29
      16
      26
      32
      36
      39
      24
      21
      33
      33
      31
      24
      30
      19
      32
      29
      21
      28
      20
      24
      17
      27
      31
      23
      24
      26
      29
      27
      25
      29
      24
      26
      28
      28
      27
      23
      36
      36
      29
      24
      29
      29
      26
      27
      27
      26
      28
      23
      28
      25
      29
      28
      20
      25
      32
      26
      25
      26
      28
      25
      24
      26
      24
      29
      29
      24
      26
      21
      29
      20
      24
      24
      30
      25
      17
      27
      31
      21
      31
      14
      18
      27
      21
      26
      29
      30
      24
      25
      25
      34
      43
      40
      32
      43
      45
      55
      65
      56
      61
      52
      47
      41
      27
      31
      33
      29
      26
      32
      26
      20
      28
      19
      22
      26
      28
      24
      26
      27
      37
      27
      26
      34
      31
      39
      26
      31
      24
      22
      22
      24
      16
      24
      26
      16
      23
      24
      19
      17
      25
      25
      27
      22
      16
      18
      17
      20
      13
      18
      28
      19
      27
      24
      18
      30
      20
      26
      28
      26
      10
      31
      25
      19
      26
      25
      23
      17
      19
      26
      20
      18
      20
      27
      21
      28
      24
      31
      24
      21
      29
      18
      27
      19
      35
      29
      22
      18
      20
      22
      19
      16
      17
      18
      23
      28
      33
      24
      22
      23
      23
      19
      21
      20
      21
      14
      24
      19
      17
      20
      19
      21
      16
      24
      26
      25
      23
      20
      24
      18
      26
      24
      22
      18
      23
      27
      15
      26
      15
      24
      21
      26
      21
      19
      19
      20
      23
      31
      20
      25
      28
      23
      26
      18
      25
      24
      20
      17
      22
      28
      30
      22
      17
      30
      16
      28
      15
      20
      29
      20
      24
      29
      23
      26
      13
      23
      19
      23
      18
      26
      21
      19
      36
      25
      27
      24
      28
      25
      24
      29
      14
      25
      19
      26
      17
      24
      14
      18
      21
      22
      24
      17
      16
      30
      16
      21
      27
      21
      25
      22
      15
      23
      19
      25
      23
      31
      27
      26
      20
      13
      21
      20
      14
      16
      20
      20
      20
      25
      26
      20
      19
      23
      19
      23
      24
      19
      21
      25
      17
      24
      21
      20
      29
      20
      25
      24
      28
      18
      18
      14
      25
      19
      16
      20
      16
      23
      20
      20
      17
      23
      20
      32
      17
      27
      20
      22
      21
      25
      27
      22
      23
      22
      15
      24
      22
      24
      34
      21
      16
      23
      26
      21
      21
      23
      16
      25
      13
      16
      11
      25
      20
      16
      14
      18
      21
      18
      27
      15
      22
      18
      25
      19
      19
      29
      20
      19
      17
      14
      15
      19
      16
      23
      26
      25
      22
      19
      18
      28
      17
      20
      22
      26
      31
      19
      24
      26
      30
      13
      23
      15
      24
      23
      13
      24
      18
      17
      18
      26
      25
      24
      13
      20
      18
      15
      24
      27
      12
      25
      19
      22
      28
      18
      23
      19
      18
      25
      21
      17
      18
      21
      24
      23
      28
      19
      21
      16
      27
      19
      21
      15
      30
      19
      16
      21
      18
      19
      24
      17
      19
      28
      16
      19
      14
      33
      19
      19
      14
      17
      27
      24
      17
      33
      28
      19
      22
      22
      25
      18
      21
      18
      21
      10
      27
      26
      10
      21
      23
      26
      16
      14
      20
      14
      16
      19
      22
      16
      20
      18
      25
      13
      18
      17
      20
      16
      18
      10
      25
      20
      16
      13
      21
      26
      26
      19
      19
      26
      23
      15
      24
      21
      26
      25
      13
      19
      24
      19
      23
      19
      19
      22
      17
      20
      21
      20
      14
      22
      32
      17
      22
      32
      18
      22
      19
      18
      24
      22
      16
      21
      22
      26
      17
      21
      20
      17
      19
      22
      17
      23
      14
      25
      23
      20
      18
      10
      10
      12
      22
      21
      15
      27
      21
      21
      13
      14
      20
      16
      27
      18
      22
      18
      13
      19
      19
      21
      21
      25
      16
      11
      14
      24
      14
      16
      18
      14
      17
      14
      22
      23
      27
      22
      18
      16
      13
      19
      23
      16
      18
      11
      24
      21
      21
      19
      15
      16
      15
      21
      19
      12
      16
      17
      26
      15
      12
      15
      21
      18
      22
      22
      21
      22
      23
      26
      22
      20
      22
      13
      27
      23
      22
      19
      24
      13
      22
      20
      25
      15
      26
      16
      13
      23
      22
      16
      21
      22
      19
      25
      20
      24
      21
      14
      20
      21
      24
      13
      17
      25
      31
      20
      18
      24
      14
      27
      17
      16
      19
      27
      23
      27
      23
      22
      19
      15
      24
      12
      19
      27
      10
      13
      22
      24
      23
      29
      14
      37
      27
      19
      19
      17
      19
      26
      15
      20
      21
      19
      17
      11
      18
      15
      13
      25
      22
      14
      18
      21
      18
      15
      24
      17
      17
      15
      17
      26
      11
      24
      13
      16
      19
      18
      21
      18
      18
      16
      24
      25
      23
      18
      20
      24
      19
      21
      16
      16
      23
      14
      19
      21
      17
      22
       8
      15
      16
      25
      14
      13
      23
      20
      18
      21
      15
      20
      21
      12
      23
      24
      19
      20
      20
      12
      22
      25
      13
      14
      26
      18
      16
      16
      23
      13
      22
      12
      11
      30
      18
      20
      14
      15
      17
      13
      16
      18
      15
      16
      12
      17
      14
      15
      31
      18
      13
      14
      23
      20
      24
      14
      16
      15
      17
      21
      21
      20
      15
      21
      14
      16
      11
      11
      17
      21
      19
      25
      15
      13
      19
      33
      23
      12
      18
      18
      25
      14
      21
      24
      17
      22
      19
      17
      17
      21
      20
      22
      25
      19
      21
      14
      17
      21
      15
      23
      13
      18
      15
      16
      16
      11
      10
      22
      18
      10
      14
      17
      28
      15
      19
      17
      14
      19
      21
      16
      19
      22
      14
      20
      16
      24
      17
      15
      15
      27
      12
      16
      17
      19
      13
      14
      16
      18
      11
      14
      19
      19
      18
      17
      14
      23
      21
      19
      17
      19
      23
      20
      30
      23
      13
      18
      20
      21
      21
      14
      19
      14
      13
      18
      19
      24
      10
      10
      20
      16
      15
      14
      13
      21
      17
      22
      16
      22
      15
      17
      21
      18
      20
      19
      23
      18
      21
      19
      12
      18
      18
      10
       9
      15
      16
      19
      15
      18
      11
      16
      14
       8
      15
      14
      18
      20
      18
      19
      17
      19
      15
      21
      18
      23
      13
      17
      13
      12
      15
      19
      20
      11
      16
      18
      13
      21
      10
      21
      17
      13
      20
      23
      18
      20
      18
      18
      13
      27
      22
      13
      18
      17
      17
      11
      17
      23
      17
      19
      16
      17
      18
      14
      15
      12
      20
      13
      23
      13
      16
      16
      20
      13
      10
      18
      12
      21
      21
      23
      23
      14
      15
      19
      14
      24
      21
      18
      15
      11
      22
      17
      14
      15
      15
      12
      24
      12
      18
      26
      12
      23
      14
      19
      11
      16
      27
      27
      16
      20
      15
      16
      19
      22
      14
      22
      21
      15
      19
      22
      16
      16
      10
      19
      18
      15
      14
      14
      19
      17
      25
      10
      16
      19
       9
      13
      17
      14
      19
      23
      18
      19
      15
      17
       6
      14
      19
      16
      13
      18
      19
      19
      12
      13
      17
      22
      13
      20
      13
      10
      22
      20
      13
      24
      17
      23
      28
      15
      14
      16
      15
      15
      21
      23
      12
      16
      26
      29
      23
      39
      39
      37
      41
      51
      51
      55
      52
      44
      42
      43
      47
      28
      28
      19
      19
      15
      23
      20
      12
      17
      15
      12
      13
      16
      19
      21
      13
      18
      13
      16
      20
      10
      19
      15
       7
      18
      13
      14
      17
       9
      14
      14
      19
      18
      16
      10
      17
      20
       9
      16
      18
      20
      10
      23
      15
      21
      16
      13
      13
      17
      16
      14
      15
      15
      12
      15
      15
       9
      13
      13
      18
      13
      17
      18
      25
      25
      22
      14
      13
      12
      16
      13
      13
      19
      20
      13
      20
      18
      13
      12
      14
      17
      12
      11
      12
      12
      11
      14
      14
      13
      16
      12
      14
      15
      21
      13
      18
      20
      10
      11
      16
      22
      18
      19
      16
       8
      15
      11
      13
      15
      13
       9
      13
      13
      13
      18
      11
      20
      17
      19
      18
      14
      18
      10
      15
      19
      17
      12
      20
      19
      13
       9
      12
       8
      14
      20
       9
      10
      18
      14
      15
      11
      23
      11
      17
      16
      15
      18
      16
      16
      18
      27
      24
      13
      17
      13
      18
      12
      20
      17
      19
      19
      21
      10
      19
      10
       8
       9
      14
      13
      11
      17
      19
      19
      17
      17
      13
      17
      18
      17
      17
      15
      14
      12
      22
      11
      15
      15
      15
      13
      26
       8
      20
      10
       8
      12
      17
      14
      18
      10
      10
      15
      10
      15
       9
      12
      15
      16
      16
      18
      25
       9
      16
      17
      17
      13
      17
      15
      17
      19
      20
      11
      10
      17
      20
      14
      17
      19
      17
      12
      10
      21
      19
      11
      13
      10
      14
      15
      17
      23
      14
      15
      16
      18
      14
      16
      15
      14
      20
      14
      15
      29
      17
      20
      11
      15
      20
      17
      16
      20
       6
      14
      16
      15
      12
      14
      21
      10
       9
       8
      18
      16
      12
      18
      16
      14
       9
      13
      18
      21
       9
      18
       7
      15
      17
      12
      18
      13
      13
      16
      11
      11
      12
      10
      22
      14
      16
      16
      14
      11
      10
      13
      18
      18
      12
      15
      10
       6
      18
      16
      10
      14
      17
      12
      15
      14
      12
      18
       8
      19
      12
      18
      14
      10
      13
      10
      25
      15
      16
      15
      19
      12
      10
      15
      13
      16
      17
      18
      10
      14
      12
      17
       8
      20
      18
      19
      15
       9
      11
      11
      13
      11
      15
      16
      23
      10
      16
      11
      16
      10
      17
      14
      11
      21
      16
      16
      18
      17
       9
      14
      12
      20
      18
       9
       7
      16
      21
      10
      17
      15
      14
      10
      17
      17
      14
      18
      15
      13
      15
      12
      26
      16
      12
      15
      16
      12
      11
      12
      19
       7
      18
      12
      16
      14
      23
       6
      12
      10
      14
      11
      17
      17
      13
      10
      21
      10
       9
      17
      11
      19
      20
       8
      20
      17
      12
      14
       9
       8
      12
      20
      16
      11
      18
      11
      20
      20
      19
      13
      20
      15
       7
      22
      11
      22
      11
      15
      11
      15
      16
      13
      12
       5
       9
      14
      14
       7
      14
      15
      16
      15
      10
      13
      15
      20
      11
      10
      17
      14
      15
      16
      15
      11
      17
      15
       9
      14
      13
      21
      10
      12
      10
      15
      13
      14
      11
      12
       8
      12
      14
      10
      14
      12
      10
      11
      11
      13
      15
      19
      18
      20
      21
      17
      25
      19
      24
      28
      21
      24
      25
      29
      25
      29
      30
      24
      25
      24
      17
      18
      24
      13
      10
      10
      15
      11
      11
       8
      15
      17
      12
      16
      14
      11
      19
      11
       9
      12
      10
      13
      15
       9
      15
      10
      19
      15
       7
       6
      10
       7
      10
      11
      11
       9
       9
      11
       9
      11
       9
      15
      12
      10
      13
      21
      11
      11
      13
      14
       7
      17
      13
       9
      10
      13
      13
      15
      11
      21
      13
      16
      17
       9
      11
      15
      10
      12
       9
      18
      10
      14
       9
       7
      14
      15
      11
      18
      16
      16
      12
      14
      15
      11
      11
      10
      15
      13
      14
      16
      13
      13
      13
      14
      11
      13
       7
      13
      19
      15
      18
      15
      15
      16
      14
      16
      16
      14
      20
       8
      12
      15
      21
      15
      23
      13
      13
      13
      11
      10
      19
      12
       9
      11
      11
       7
      11
      17
       9
      19
      22
      15
      13
      18
      21
      17
      14
      16
      14
      10
       7
       4
       7
       6
      16
      15
      14
      16
      13
       7
      11
      12
      18
      15
      14
       9
       5
      10
      13
      14
      10
      19
      13
      10
      10
      13
       9
      13
      11
      13
      16
      11
      12
      12
      15
      18
      13
      11
      19
      12
      16
      12
      11
      14
      11
      20
      15
      15
       9
      11
      17
      14
      11
      22
      14
      17
      11
      12
       9
      16
       8
       8
      15
      15
      13
       8
      11
      12
      17
      11
      15
      15
      10
      15
      11
       6
      13
      17
      19
      14
      11
      12
       9
      13
      14
      15
       9
      13
       9
       8
       8
       7
       8
      16
      12
       9
      22
      13
       8
       8
      11
      14
      12
      16
      14
      18
      11
      14
      13
       8
      12
      12
      14
      10
      10
      10
      15
      14
      11
      18
      11
       6
      15
      18
      12
       8
      16
      16
      12
      24
      15
      15
      17
      15
       8
      11
      19
      13
      18
      14
      10
      14
      16
      10
      15
      21
      20
      19
      25
      15
      21
      21
      23
      13
      21
      15
      16
      15
      15
       5
      18
      12
      16
      15
       6
       7
      13
       7
       9
      12
      18
       9
      14
      15
      12
      10
      11
      10
      10
      13
      23
      11
      10
      10
      12
      23
      16
       5
      14
      10
       6
      12
      13
       8
      16
      16
      15
      11
      12
      11
       8
      10
      11
      12
      18
      11
      18
       6
      13
      11
      14
      18
      15
      11
      18
      11
      13
      11
      15
      11
      10
      14
      14
       9
      13
      14
       9
      13
       8
      10
      10
      14
       9
      11
      17
      10
      15
       5
      17
      14
      10
       7
      10
      13
      12
      13
      11
       9
      12
      10
      12
      18
      14
      14
       8
      11
      13
      12
      13
       9
      17
       8
      11
       8
      15
       6
      12
      11
      10
      15
      18
      13
      13
       6
      11
       8
      13
       9
      13
       7
      13
      15
      20
      12
      18
       5
      10
       6
       7
      16
       4
      11
       8
      12
      16
      10
       7
      14
      12
      12
      10
       9
       9
       7
      11
       9
      15
      17
      11
      11
      17
      20
       7
      21
      11
      15
      13
      12
      11
      10
      15
       9
      14
       7
       4
      17
      19
       9
      12
       9
      15
      11
       8
      12
      10
       7
      10
      16
      11
      14
       8
       9
      12
      12
       9
      16
       8
      14
       9
      12
      12
      11
      10
       7
      14
      10
      14
       8
       5
      15
       6
       6
      11
       9
      13
       8
      10
       5
      11
      14
      12
      11
      12
      12
      14
       6
       8
       6
      16
       7
       7
      20
      14
      13
      12
      23
      12
       9
      13
       9
      13
      11
      11
       6
       6
      15
      11
       9
      16
      12
      11
       9
      13
      10
      15
      11
      11
       9
      17
      20
       7
      13
      12
      10
      11
      17
       9
      12
      12
      15
      16
       6
      14
      20
      20
      10
      12
      10
      16
       6
      15
      12
      18
      13
      13
       8
      13
       6
      14
       6
      11
      14
      11
      11
      11
      10
      16
      13
      12
      10
       9
      15
      12
       8
      14
       9
       9
      15
      13
      12
      13
       4
      14
       1
       8
      15
      10
      12
      15
      19
      13
      11
       6
      10
       7
      14
       5
      10
      13
       9
      15
       8
      17
      10
      14
       2
      12
      18
      11
      10
       8
      13
       9
      10
       5
       8
      11
      10
       9
      20
      11
       6
       6
      13
      13
      13
      12
      11
      14
      12
      12
       9
      11
       9
       5
      15
      11
      10
      13
       9
       7
      14
      13
      20
      11
      13
       5
      10
       9
       8
      13
      11
       6
       8
       8
       7
       9
      10
      10
      12
      11
       7
      13
      13
      10
      13
      14
      21
       8
      11
      12
      10
      13
       5
       6
      10
      14
      10
      13
      13
       7
      15
       8
      11
      19
      20
      15
       7
      10
       9
      17
      12
      18
      13
      13
      14
      11
      17
       8
      10
      10
       6
      12
      25
       8
       8
      10
      12
      10
      13
      13
      12
       5
       8
      12
       7
      16
      15
       9
       9
      12
       9
      15
      15
       9
      10
      17
      15
       9
       8
      14
       9
       9
       6
      13
      10
       8
       4
      13
      14
      11
      13
       7
       9
      12
      10
      14
      11
      12
      16
       8
      19
      16
      14
       5
      16
       8
      13
      12
      10
      10
      10
       9
      12
       9
      15
       8
      12
       9
      11
      18
       9
       6
      13
      11
       8
       8
      17
      15
       9
      16
       8
       9
       4
       7
      17
      12
      20
       9
       8
       9
      14
       8
      16
       9
      10
      11
      12
       5
      12
      14
       9
       8
      10
      14
      14
      13
       9
       8
       8
      16
       6
       8
      10
       7
       8
      14
       7
      12
      11
      14
      10
      13
      11
      11
       9
      11
      13
       9
      10
      14
       9
       8
      12
      11
      12
      17
      10
      12
       9
      16
      10
       7
      11
      12
       8
      13
       8
       7
      13
      11
      14
      13
       8
       8
      10
      11
      11
      10
      17
      10
      10
      12
      15
      10
      10
      11
       8
      14
      10
       7
      14
       7
      14
       7
      13
      12
       8
       8
       7
       8
       6
       9
      12
      15
      13
       9
       9
      15
       6
      10
       6
       8
      13
      10
       6
       9
       9
      13
      13
      12
       6
       8
      11
       8
      14
       9
      10
      11
       7
       9
       8
      18
       8
       7
       8
      12
       9
       9
       7
      11
      12
      17
      12
      14
      13
      10
      11
       7
      12
      11
      10
      11
       7
      11
      15
       8
      11
       4
      10
       8
      18
      12
       7
       6
       6
       5
      10
       8
       6
      11
       3
       8
      10
      14
      10
      13
      11
      13
      13
      10
       8
      11
       9
       7
       9
       9
       8
       7
       8
      10
      11
      12
      17
      10
      14
      10
       6
      15
       7
      13
      13
      11
      18
      16
       9
       8
      12
      12
       9
       8
      14
       9
      13
      14
      21
       7
      11
       8
      13
       9
      14
      11
      13
      12
      13
      10
       6
      15
      10
      12
      10
      13
      10
      15
      10
      13
       9
       6
      11
      13
      10
      17
      21
       7
      12
      11
       8
      12
      16
       6
       8
       8
      14
      12
      12
      17
      13
      14
      19
      15
      16
      12
      19
      15
      23
      15
      15
      18
      21
      15
      19
       9
      14
      12
       8
       6
       9
       5
      12
      11
       8
      11
       7
       3
      14
      12
      11
      10
       8
      11
       8
       4
      11
      10
       7
      10
       7
      11
      12
      11
      14
       8
      14
       9
       8
       9
      13
       7
       7
       6
       7
      13
      11
      11
       8
      17
       6
       6
       8
      13
      10
      14
      11
      10
      11
       5
       6
      14
       8
       8
      11
      14
      14
      19
      14
       8
      13
       3
      14
       5
      10
       9
       7
       8
      10
       9
       6
      10
      13
       5
      10
      13
       9
       8
      10
      11
      14
      10
      11
      11
       8
      10
       8
      12
       9
      11
      10
       5
       6
      13
      13
      14
      16
      15
       7
      14
       7
      13
       9
       9
       5
      14
      11
       5
      12
       6
      10
      13
       8
      14
       8
      14
       7
       6
       8
       9
      13
      13
      10
      19
       8
      12
       8
      13
       7
      13
      13
      10
      14
      10
       8
      12
       5
       7
      12
      13
      14
      15
       9
      11
      13
      15
      11
      11
       3
      15
       5
      13
       7
       6
      10
       7
       7
       6
       6
       9
       5
      14
      15
      13
       6
       7
      14
      14
      12
      13
      18
      14
      10
      11
      12
       5
      15
       4
      14
       8
      11
      12
      16
      10
       8
      12
      14
       8
      18
      10
      10
       8
      10
       8
       9
       6
      11
       9
      11
       8
       6
      10
       7
       8
       6
      10
      10
      11
      13
       8
      12
      11
       7
       9
       4
       8
       9
       6
      13
      10
      15
       5
      12
      12
       5
      10
       7
      10
       8
       8
       9
       7
      14
      13
      16
       8
       6
      15
       7
       6
      12
      10
       8
      13
      13
      15
       7
       9
      16
      10
      13
       9
      16
      11
      13
      10
      14
       8
      19
      14
      19
      21
      13
      14
      10
      15
      16
      11
      13
      12
       9
      12
      12
      12
      11
       9
      15
      18
      12
       7
       6
      14
      13
       7
      14
      10
       9
       4
       8
       6
      12
      16
       5
      15
       6
      12
      14
      14
       7
       9
       8
      10
      15
       7
      17
      12
       8
       5
      14
      12
       6
       6
      10
      19
       6
      10
       5
      14
       4
       7
       9
       9
       9
      11
      10
      12
      12
      16
      13
       7
       8
      11
      15
      13
      11
      12
       8
       7
       6
      10
      13
       8
       7
      10
       9
      10
       6
       9
       8
      14
      14
       6
       7
      11
      10
      11
      16
      11
      10
       9
       8
      11
      11
       8
       5
       9
       6
      11
      10
       9
      11
      12
       9
       3
       9
      12
       8
      12
      12
       9
      14
      13
       8
       7
      10
       8
       8
      17
      12
       7
       8
       5
       9
       6
      14
       8
      11
       4
      10
      10
      11
      11
       8
      12
       5
       9
      14
       9
      12
      11
      12
       7
      15
       7
      11
      10
      10
       9
      12
      12
       9
      11
      13
      12
      11
      13
      17
      18
      10
      10
      10
       5
      10
       6
      12
       6
       7
      13
       9
      11
       8
      11
      11
       9
       9
      10
      14
       6
      11
      11
       5
      15
       8
      11
       9
      11
      14
      17
       9
       7
       8
      16
      10
      12
       8
      15
       5
       8
       6
       9
      11
       5
       6
       9
      16
      10
      11
      11
       7
      12
      11
       9
       8
      12
       9
       8
       7
      20
      13
       5
       9
      12
      10
       3
       7
       7
      10
       6
       4
       7
      12
      11
       9
      12
      12
      10
       6
       6
      12
      14
      12
       6
       7
      15
      11
       6
      10
      13
      16
       7
       9
       6
       4
      10
      11
       7
       7
       8
       9
      12
      11
       4
       9
       9
      11
       7
      14
      14
       7
      14
      14
       8
       8
      11
       6
      10
      10
       5
      11
      11
       8
      12
      11
       9
      12
       4
      11
       7
       8
       8
      10
       6
      12
      10
       6
      13
       5
      11
      15
       6
       8
      11
      14
       7
       9
       7
       6
      11
      10
      12
      14
      11
      17
      10
      15
      11
      15
       8
      19
       9
       9
      16
      22
      13
      13
      14
       7
      12
      16
       9
      15
       9
       6
       6
      12
       6
       9
       7
       9
       9
       7
       7
       7
       6
      13
       7
       5
      10
      13
       8
      11
      11
       9
       8
       9
       8
      12
       7
      10
      10
       7
       6
       6
      11
      17
       8
      10
       4
       9
       8
       9
      15
       7
       6
      11
       9
       7
      12
       9
      11
       6
       7
      10
      11
       5
       9
       7
       8
       6
       6
       9
       6
       3
       9
       9
      10
       9
      14
       7
       6
       7
      11
       8
       5
      15
       9
       6
       8
       7
       8
      11
       9
       8
       9
      10
       5
      10
       9
       5
       8
       5
       9
      10
       6
       7
       8
       3
       8
      10
      13
       5
      14
       6
      12
       3
       3
      11
       8
      10
      12
      10
       8
       4
      12
       4
      10
      12
       4
       5
      12
       8
      10
       4
       6
       6
      12
       6
       5
      10
       8
      12
      11
       8
       7
      10
       8
       9
      12
       8
       7
       8
       7
      12
       7
      10
       6
       6
       9
       9
      10
       6
       6
       7
       7
      13
       5
       4
       5
       8
       3
       5
       7
       8
       6
       4
      10
       6
       6
       7
       7
      11
       4
       7
       7
       8
       6
       8
      13
       8
       2
       8
       9
       7
       4
      10
       4
       6
       4
       8
       9
       5
      11
      12
       6
       7
       7
       9
       5
       6
       5
       3
       8
       6
       8
       8
      12
       5
       9
       7
       8
       6
       3
       7
      12
       7
       7
       5
       9
       5
       8
       8
      11
       8
       5
       7
      10
       8
       9
       7
       3
       9
       4
       7
       2
       4
       9
       6
       6
       6
       6
      13
       9
      13
      11
       6
       5
      10
      12
       6
       8
       5
       6
       4
      11
       8
       6
       3
      12
       9
       6
       2
       5
       6
       8
       3
       5
       9
       6
       8
       3
      13
       7
       9
       4
      18
       4
       7
       6
       3
       8
       7
       7
       8
       6
       5
       6
       6
       6
       9
       6
       8
       7
       7
       6
       6
       5
       4
       7
      14
       7
       4
       5
       4
       9
       7
       7
       5
       8
       4
       4
       6
       9
       6
       9
       6
       5
      10
       7
       4
       9
      13
      12
       5
      10
      11
       9
       7
       7
       9
       9
       4
       7
       7
       5
       8
       9
       7
       3
       5
       6
       5
       6
       4
       5
      11
      10
       6
       9
       7
       4
       2
       4
       8
       3
       7
       5
       5
       5
       7
       2
       5
      10
       9
       5
      11
       7
       8
       6
       7
       5
       4
      12
       7
       3
      11
       3
       5
       8
       8
       4
       2
       6
       8
       4
       7
       6
      11
      19
       5
       5
       7
       2
       5
      11
       4
       2
       4
       9
       6
       7
       7
       4
       8
       3
      10
       6
      10
       4
       5
       6
       8
       8
       6
       4
       8
       1
       5
       2
       7
       8
       3
       5
       6
       7
       5
       8
      10
       9
       4
       3
       9
      10
       3
       9
       2
       5
       8
       9
      11
       7
       5
       5
       3
       5
       7
       8
      10
       6
       6
       7
       6
       7
       7
       9
       8
       7
       6
       8
       5
       5
       4
       9
       6
      10
       9
       4
       8
       5
      10
       9
      11
       7
      10
      12
      12
      18
       6
      13
       8
       8
      12
      10
       4
      10
       8
       6
       3
       5
       4
       4
       7
       8
       5
       7
       8
       5
       8
       6
       7
       8
       2
       7
       2
       6
       2
       5
       3
       9
       9
       6
       9
       2
      10
       4
       6
       7
       6
       6
       6
       4
       5
       6
       4
       5
       8
       5
       3
       6
       5
       9
       8
       8
       6
       6
       5
       6
       5
       4
       8
       1
       4
       4
       5
       4
       3
       6
       6
       8
       2
       4
       4
       4
       7
       5
       2
       2
       2
       3
       6
       4
       3
       7
       5
       6
       4
       8
       2
       5
      10
       2
       4
       4
       5
       5
       2
       4
       1
       3
       6
       4
       5
       4
       2
       3
       3
       6
       1
       7
       6
       5
       3
       2
       4
       6
       5
       6
       8
       5
       2
      11
       4
       4
       2
       5
       7
       4
       6
       6
       6
       5
       7
       6
       4
       2
       4
       7
       6
       4
       3
       3
       4
       7
       5
       8
      10
       6
       7
       9
       3
       6
       8
       6
       5
       3
       4
       6
       3
       7
       6
       5
       0
       8
       7
       4
       4
       4
       7
       9
       2
       8
       4
       6
       3
       2
       5
       6
       1
       3
       8
       5
       7
       3
       3
       7
       1
       2
       4
       6
       2
       2
       8
       6
       8
       4
       3
       1
       7
       5
       4
       4
       8
       7
       7
       7
       5
       7
       7
       9
       3
       8
       9
       6
       8
       6
       3
       5
       6
       4
       6
       2
       3
       3
       8
       9
       8
      12
       6
       5
      10
      10
       7
       8
       3
       8
       3
       3
       3
       3
       6
       4
       3
       6
       6
       6
       6
       5
       6
       7
       5
       5
       5
       4
       5
       5
       5
       5
       7
       8
       2
       7
       6
       7
       3
       4
       7
       6
       3
       9
       4
       3
       6
       8
       6
       4
       6
       2
       3
       5
       8
       5
       2
       3
       7
       4
       7
       8
       7
       4
       3
       3
       7
       6
       7
       5
       6
       7
       5
       5
       6
       6
       2
       5
       2
       2
       8
       4
       1
       3
       1
       7
       5
       4
       8
       6
       1
       3
       4
       3
       3
       8
       2
       5
       3
       6
       5
       3
       5
       5
       2
       3
       2
       6
       5
       2
       5
       6
       3
       8
       7
       2
       4
       7
       3
       5
       5
       7
       5
       8
       9
       3
       7
       6
       5
       4
       5
       7
       6
       5
       5
       4
       3
       6
       2
       8
       3
       1
       6
       8
       3
       4
       2
       3
       6
       4
      12
       8
       8
       9
      10
      10
       6
       8
       3
       7
       7
       3
       3
       4
      11
       7
       8
       4
       3
       7
       4
       4
       6
       6
       2
       4
       5
       4
       6
       4
       4
       5
       5
       2
       5
       2
       5
       4
       3
       3
       3
       6
       4
       4
       3
       5
       6
       1
       3
       6
       5
       8
       5
       9
       6
       5
       2
       7
       2
       5
       4
       6
       6
       0
       4
       4
       8
       7
       4
       1
       2
       3
       2
       7
       3
       3
       5
       5
       6
       3
       7
       4
       5
       3
       6
       3
       4
       5
       6
       3
       4
       3
       3
       7
       4
       9
       1
       2
       7
       1
       5
       3
       6
       5
       6
       4
       4
       6
       4
       3
       4
       4
       3
       4
       7
       7
       2
       4
       6
       3
       3
       3
       5
       5
       5
       5
       0
       3
       6
       2
       6
       5
       3
       7
       4
       3
       6
       6
       2
       8
       6
       0
       7
       1
       2
       8
       1
       2
       6
       5
       5
       2
       5
       5
      12
       6
       4
       4
       6
       6
       4
       5
       6
       6
       5
       4
       3
       8
       7
       6
       5
       4
       5
       4
       6
       3
       4
       7
       4
      11
       3
       5
       5
       6
       6
       6
       7
       3
       3
       5
       3
       3
       2
       3
       5
       4
       3
       4
       3
       5
       3
       1
       1
       2
       4
       2
       2
       5
       4
       5
       4
       1
       3
       3
       3
       6
       7
       3
       3
       4
       3
       3
       7
       4
       5
       7
       6
       5
       2
       6
       9
       5
       4
      14
       4
       5
       1
       8
       9
       4
       9
       1
       2
       4
      12
       7
       7
       4
       3
       5
       7
       4
       3
      11
      11
      12
      11
       9
       6
      17
      11
      12
      18
      27
      18
      30
      23
      30
      28
      45
      37
      56
      53
      68
      66
      73
      81
      80
      96
      75
      84
      95
      78
      72
      64
      68
      44
      28
      32
      24
      21
      15
       7
      13
       7
       7
       1
       7
       0
       5
       5
       4
       5
       2
       4
       6
       3
       1
       4
       3
       6
       2
       7
       2
       4
       3
       2
       4
       8
       2
       5
       1
       3
       4
       1
       3
       3
       4
       2
       2
       4
       4
       2
       1
       2
       0
       3
       5
       5
       3
       2
       1
       1
       2
       5
       7
       2
       3
       3
       2
       4
       4
       1
       4
       2
       4
       1
       3
       2
       3
       2
       2
       1
       2
       2
       5
       4
       6
       4
       1
       1
       3
       3
       3
       5
       2
       1
       4
       2
       0
       3
       2
       1
       3
       8
       6
       2
       3
       3
       4
       2
       0
       3
       2
       3
       6
       4
       3
       3
       3
       3
       0
       3
       3
       2
       5
       2
       4
       3
       1
       2
       2
       5
       3
       1
       4
       3
       6
       1
       5
       1
       9
       8
       4
       3
       1
       5
       2
       2
       5
       2
       4
       5
       2
       6
       5
       4
       5
       3
       4
       2
       0
       4
       3
       4
       2
       2
       5
       3
       4
       3
       2
       6
       3
       5
       2
       6
       4
       5
       5
       3
       2
       0
       4
       2
       2
       2
       1
       2
       4
       4
       3
       5
       4
       3
       2
       3
       6
       2
       3
       4
       5
       3
       4
       5
       3
       1
       2
       7
       5
       6
       5
       4
       4
       4
       3
       3
       2
       2
       3
       0
       4
       1
       2
       5
       2
       4
       1
       3
       2
       2
       1
       3
       6
       5
       3
       2
       2
       4
       4
       4
       6
       1
       4
       3
       1
       5
       7
       1
       2
       4
       4
       6
       3
       9
       6
       3
       2
       2
       8
       1
       1
       1
       3
       2
       4
       0
       4
       3
       4
      10
       0
       1
       4
       1
       4
       1
       1
       2
       4
       1
       4
       2
       1
       4
       1
       3
       2
       2
       2
       5
       2
       2
       4
       2
       6
       2
       2
       1
       1
       5
       1
       5
       4
       3
       2
       2
       2
       0
       0
       1
       2
       5
       5
       3
       4
       3
       0
       2
       0
       6
       4
       3
       3
       3
      13
       3
       1
       3
       2
       2
       1
       3
       1
       0
       5
       3
       6
       3
       3
       5
       3
       1
       1
       4
       1
       1
       3
       4
       5
       4
       2
       5
       3
       1
       1
       1
       5
       3
       4
       4
       4
       2
       1
       1
       3
       7
       3
       2
       0
       6
       3
       4
       5
       1
       1
       4
       0
       2
       4
       1
       1
       2
       5
       2
       3
       3
       3
       2
       3
       3
       2
       3
       2
       4
       2
       1
       2
       6
       0
       2
       3
       7
       1
       2
       2
       6
       6
       5
       3
       3
       5
       3
       3
       4
       1
       2
       2
       5
       2
       2
       2
       4
       2
       6
       5
       6
       2
       4
       3
       5
       2
       2
       4
       5
       0
       1
       6
       0
       5
       0
       3
       2
       2
       3
       2
       2
       1
       5
       1
       1
       2
       4
       1
       3
       2
       1
       3
       2
       2
       2
       5
       2
       2
       2
       1
       2
       3
       3
       4
       5
       2
       2
       1
       2
       2
       2
       1
       3
       3
       0
       3
       1
       5
       4
       4
       0
       3
       2
       2
       2
       3
       3
       3
       5
       1
       4
       1
       2
       2
       2
       2
       2
       3
       3
       5
       4
       4
       2
       2
       1
       1
       1
       1
       2
       2
       3
       1
       5
       5
       3
       3
       3
       4
       2
       2
       3
       1
       5
       4
       3
       2
       0
       2
       4
       4
       4
       5
       1
       0
       4
       7
       3
       1
       3
       3
       2
       1
       5
       3
       4
       3
       3
       6
       1
       3
       2
       0
       3
       0
       4
       4
       2
       2
       0
       3
       6
       5
       2
       1
       0
       2
       2
       1
       3
       0
       0
       0
       0
       0
       0
       0
       0
       0
       0
       0
       0
       0
       0
       0
       0
       0
       0
       0
       0
       0
       0
       0
       0
       0
       0
       0
       0
       0
       0
       0
       0
       0
       0
       0
       0
       0
       0
       0
       0
       0
       0
       0
       0
       0
       0
       0
       0
       0
       0
       0
       0
       0
       0
       0
       0
       0
       0
       0
       0
       0
       0
       0
       0
       0
       0
       0
       0
       0
       0
       0
       0
       0
       0
       0
       0
       0
       0
       0
       0
       0
       0
       0
       0
       0
       0
       0
       0
       0
       0
       0
       0
       0
       0
       0
       0
       0
       0
       0
       0
       0
       0
       0
       0
       0
       0
       0
       0
       0
       0
       0
       0
       0
       0
       0
       0
       0
       0
       0
       0
       0
       0
       0
       0
       0
       0
       0
       0
$ROI:
1
4146 4168
$PRESETS:
None
0
0
$ENER_FIT:
0.196194 0.194904
$MCA_CAL:
3
1.961942E-001 1.949036E-001 3.834765E-008 keV
$SHAPE_CAL:
3
0.000000E+000 0.000000E+000 0.000000E+000
