$SPEC_ID:
HFNG Beamline
$SPEC_REM:
DET# 2
DETDESC# EasyMCA
AP# Maestro Version 7.01
$DATE_MEA:
04/28/2018 11:37:30
$MEAS_TIM:
115118 115124
$DATA:
0 8191
       0
       0
       0
       0
       0
       0
       0
       0
       0
       0
       0
       0
       0
       0
       0
       0
       0
       0
       0
       0
       0
       0
       0
       0
       0
       0
       0
       0
       0
       0
       0
       0
       0
       0
       0
       0
       0
       0
       0
       0
       0
       0
       0
       0
       0
       0
      10
      14
     317
     505
     428
     407
     479
     413
     460
     458
     463
     493
     494
     492
     496
     475
     461
     477
     406
     448
     496
     457
     437
     472
     433
     476
     431
     442
     410
     464
     422
     422
     412
     417
     419
     409
     391
     415
     456
     382
     398
     423
     423
     388
     420
     410
     408
     403
     404
     419
     407
     393
     389
     420
     408
     393
     413
     392
     379
     391
     357
     382
     373
     356
     368
     372
     359
     361
     372
     348
     364
     328
     315
     350
     376
     366
     346
     368
     331
     350
     326
     332
     334
     360
     333
     357
     320
     348
     363
     354
     332
     315
     342
     344
     309
     329
     340
     355
     302
     321
     327
     338
     274
     322
     319
     321
     332
     306
     348
     314
     311
     330
     312
     344
     310
     290
     303
     295
     319
     308
     285
     318
     288
     285
     266
     284
     304
     302
     281
     277
     302
     286
     304
     302
     288
     316
     276
     282
     293
     299
     298
     300
     274
     300
     241
     293
     277
     317
     297
     279
     264
     281
     274
     277
     252
     312
     296
     277
     284
     269
     278
     302
     308
     257
     268
     263
     270
     250
     260
     269
     254
     275
     280
     277
     270
     269
     260
     270
     259
     280
     263
     294
     260
     247
     257
     269
     247
     248
     261
     258
     267
     231
     267
     260
     251
     266
     236
     257
     291
     246
     236
     267
     273
     233
     242
     254
     238
     264
     257
     280
     245
     273
     241
     254
     251
     256
     241
     253
     219
     286
     246
     257
     243
     242
     290
     249
     250
     250
     260
     235
     257
     275
     262
     248
     244
     280
     240
     243
     240
     264
     228
     255
     240
     230
     243
     271
     250
     263
     217
     257
     264
     264
     274
     288
     240
     271
     247
     240
     286
     234
     246
     273
     246
     240
     236
     263
     280
     268
     257
     262
     240
     257
     266
     260
     238
     253
     269
     281
     320
     298
     309
     267
     280
     289
     246
     241
     251
     225
     237
     256
     251
     241
     231
     248
     232
     279
     263
     245
     282
     257
     283
     267
     250
     261
     263
     245
     230
     290
     268
     274
     241
     249
     237
     275
     269
     233
     277
     265
     276
     290
     263
     258
     280
     296
     295
     352
     473
     597
     610
     518
     383
     321
     305
     309
     272
     323
     403
     614
     866
     910
     681
     483
     324
     264
     258
     237
     227
     267
     257
     275
     263
     271
     235
     247
     245
     232
     223
     252
     222
     231
     235
     236
     243
     226
     227
     269
     251
     257
     241
     238
     258
     252
     267
     250
     248
     235
     224
     216
     267
     221
     248
     243
     254
     234
     273
     356
     393
     461
     501
     524
     504
     457
     356
     278
     247
     215
     217
     203
     230
     290
     295
     292
     342
     313
     328
     256
     246
     239
     206
     227
     212
     189
     213
     225
     243
     250
     240
     238
     240
     214
     229
     230
     245
     204
     245
     211
     263
     265
     310
     368
     327
     336
     292
     282
     248
     220
     243
     205
     213
     224
     214
     229
     216
     223
     213
     220
     201
     221
     207
     212
     212
     209
     228
     220
     239
     250
     205
     255
     226
     227
     177
     219
     199
     215
     226
     198
     211
     222
     195
     231
     214
     210
     223
     218
     207
     236
     245
     243
     223
     229
     235
     212
     222
     228
     231
     223
     246
     201
     214
     226
     251
     216
     213
     239
     232
     251
     225
     225
     232
     219
     219
     224
     212
     240
     194
     207
     213
     230
     219
     215
     226
     211
     227
     260
     243
     266
     234
     209
     218
     213
     208
     221
     228
     193
     215
     221
     214
     218
     227
     222
     211
     244
     214
     219
     213
     229
     223
     240
     216
     223
     206
     201
     236
     220
     217
     215
     213
     221
     216
     228
     197
     186
     220
     226
     216
     242
     202
     219
     219
     207
     225
     221
     220
     209
     241
     213
     226
     187
     205
     205
     208
     234
     221
     231
     237
     222
     241
     210
     221
     215
     190
     228
     204
     203
     230
     211
     215
     225
     223
     235
     221
     212
     196
     224
     227
     227
     234
     223
     227
     204
     225
     201
     210
     187
     204
     210
     225
     200
     189
     224
     221
     231
     213
     224
     235
     235
     213
     222
     218
     225
     221
     199
     213
     186
     206
     218
     182
     209
     238
     226
     221
     215
     197
     216
     216
     223
     196
     196
     210
     220
     204
     225
     212
     241
     221
     190
     216
     229
     214
     192
     212
     193
     226
     204
     224
     198
     205
     224
     211
     220
     211
     201
     213
     233
     193
     237
     217
     220
     218
     227
     185
     206
     203
     217
     198
     233
     221
     210
     236
     207
     205
     198
     223
     211
     202
     198
     208
     237
     245
     247
     279
     357
     375
     330
     283
     241
     193
     185
     214
     200
     179
     215
     170
     201
     222
     193
     227
     187
     192
     178
     204
     196
     203
     215
     189
     161
     201
     214
     194
     178
     208
     207
     193
     207
     203
     232
     189
     193
     193
     187
     183
     195
     196
     205
     201
     181
     174
     187
     218
     177
     165
     203
     212
     161
     190
     177
     189
     205
     204
     184
     190
     171
     181
     167
     191
     191
     196
     211
     195
     180
     194
     189
     210
     204
     184
     168
     188
     186
     163
     168
     201
     205
     176
     183
     218
     198
     184
     211
     193
     202
     174
     206
     197
     168
     201
     167
     187
     171
     180
     200
     206
     221
     268
     277
     240
     212
     204
     180
     188
     170
     202
     171
     163
     175
     167
     185
     178
     163
     175
     201
     173
     171
     198
     181
     160
     186
     186
     169
     185
     198
     198
     179
     188
     170
     182
     204
     184
     184
     195
     183
     188
     168
     164
     156
     184
     163
     181
     155
     184
     157
     192
     187
     182
     191
     173
     167
     160
     177
     174
     160
     168
     161
     189
     195
     180
     185
     173
     188
     198
     158
     173
     168
     162
     168
     170
     178
     169
     173
     166
     169
     166
     171
     149
     164
     156
     142
     172
     175
     172
     158
     179
     162
     174
     148
     161
     186
     164
     182
     177
     189
     157
     178
     199
     156
     167
     182
     145
     170
     189
     178
     194
     182
     222
     307
     405
     642
     736
     861
     761
     550
     355
     234
     202
     202
     153
     149
     150
     174
     169
     130
     150
     155
     140
     141
     141
     137
     157
     171
     159
     169
     150
     150
     133
     159
     150
     152
     120
     123
     155
     162
     161
     157
     151
     153
     147
     147
     150
     158
     136
     117
     147
     158
     160
     162
     146
     156
     168
     161
     157
     146
     151
     124
     131
     152
     157
     148
     127
     130
     152
     164
     158
     171
     150
     146
     136
     141
     139
     144
     140
     158
     120
     144
     155
     147
     125
     127
     172
     147
     144
     181
     153
     166
     146
     161
     156
     150
     147
     146
     156
     163
     138
     130
     140
     142
     196
     173
     188
     191
     174
     177
     150
     145
     125
     155
     164
     147
     125
     141
     138
     144
     151
     143
     135
     144
     156
     146
     128
     169
     143
     138
     145
     155
     156
     135
     149
     130
     125
     128
     126
     142
     134
     141
     119
     134
     142
     124
     126
     113
     132
     137
     135
     132
     141
     142
     133
     121
     138
     128
     132
     144
     144
     117
     147
     112
     137
     151
     150
     140
     123
     131
     137
     144
     157
     129
     138
     130
     117
     153
     119
     126
     124
     121
     129
     131
     138
     137
     121
     124
     145
     135
     128
     135
     121
     132
     135
     151
     131
     143
     113
     143
     149
     113
     139
     111
     128
     110
     114
     148
     120
     130
     129
     117
     123
     133
     132
     134
     100
     134
     110
     136
     139
     112
     138
     139
     112
     111
     115
     106
     123
     128
     127
     119
     135
     102
     118
     118
     116
     115
     115
     124
     104
     143
     123
     124
     122
     129
     105
     131
     129
     130
     128
     127
      98
     134
     121
     134
     111
      99
     103
     119
     115
     110
     109
     130
     108
     125
     119
     122
     115
     132
     116
     104
     142
     125
     154
     155
     140
     173
     216
     189
     198
     145
     130
     103
     122
     110
     108
     116
     110
     137
     116
     127
     120
     108
     111
     129
     120
     105
     119
     103
      98
     104
      72
     111
     113
     107
     105
     110
      87
     118
     103
     108
     104
     100
      94
      97
     122
     111
     102
      99
      83
     102
     111
      95
     108
     102
     111
      99
      80
     101
      93
     113
     111
     117
     110
     102
     123
      97
     102
     110
      85
     100
     118
     100
     105
      97
      92
     103
     112
     114
     111
      91
     119
     101
     108
     109
      89
     105
      87
      94
     113
     103
      97
     102
     117
     109
     109
      93
     100
     109
     109
     105
      90
     113
      99
      81
     106
     119
      91
      88
     118
      95
      79
     105
     101
      91
     122
      91
      88
     102
      94
      90
      91
      92
     115
      80
      89
      77
      97
      92
      82
     115
      80
      92
     101
     113
      84
      80
      95
      97
      83
      94
      91
      79
      77
      94
      82
      95
      96
      79
      91
     118
      89
      89
      97
      88
      85
      98
      65
      89
      85
      87
      96
      86
      93
      95
     104
     101
     114
      94
      98
     111
      88
      83
      98
      85
      87
     109
      92
     100
      86
     114
      85
      82
      83
      88
     101
      78
      97
      86
      97
      71
      81
     103
      83
      99
      84
      88
      92
     107
     106
      80
     103
      72
      99
     102
      92
      95
      92
      85
      86
      92
      92
      93
     102
     103
     105
      93
      93
      75
     105
      91
      80
     100
     109
      83
      93
      86
      59
      74
      63
      61
      83
      78
     105
      91
      83
      96
      80
      88
      83
      78
      82
     100
      64
      87
      84
      82
      98
      71
      85
      82
      82
      79
      79
      79
      93
      85
      92
      85
      78
      84
      78
      87
     103
      86
      81
      83
      76
      83
      88
      88
      71
      87
      93
      91
      88
      79
      82
      79
      90
      81
      82
      86
      84
      78
      82
      63
      81
      96
      78
      86
      86
      89
      75
     105
     117
      97
     103
     123
      99
      87
      99
      73
      85
      84
      85
      85
      90
      78
      98
      78
      91
      83
      82
      85
      82
      79
      84
      88
      85
      82
      78
      75
      91
      74
      83
      91
      85
      76
      78
      79
      83
      78
      76
      63
      68
      70
      56
      79
      79
      80
      67
      76
      78
      66
      94
      86
      63
      63
      70
      76
      80
      85
      66
      79
      73
      79
      80
      61
      63
      70
      67
      57
      59
      79
      84
      67
      65
      82
      72
      77
      72
      69
      81
      80
      75
      90
      65
      91
      69
      72
      78
      79
      67
      76
      71
      72
      79
      67
      86
      77
      96
      77
      76
      67
      72
      67
      82
      88
      73
      86
      63
      58
      78
      68
      81
      81
      77
      64
      68
      83
      68
      81
      93
      73
      72
      57
      65
      71
      85
      75
      77
      51
      67
      60
      66
      56
      85
      83
      79
      51
      60
      73
      62
      68
      87
      73
      71
      71
      61
      72
      78
      75
      79
      74
      80
      68
      68
      69
      64
      71
      79
      65
      69
      82
      58
      77
      53
      62
      75
      73
      75
      75
      78
      78
      76
      79
      86
      80
      72
      76
      63
      52
      75
      72
      73
      63
      50
      70
      81
      70
      68
      66
      73
      81
      67
      69
      69
      52
      72
      68
      71
      71
      60
      79
      72
      77
      74
      76
      66
      71
      76
      68
      53
      61
      52
      78
      80
      67
      68
      71
      81
      53
      67
      80
      74
      75
      80
      84
      93
      87
      76
      58
      68
      57
      69
      58
      67
      56
      59
      67
      65
      68
      62
      63
      69
      73
      60
      69
      53
      66
      67
      61
      67
      58
      55
      53
      64
      58
      76
      73
      69
      68
      62
      51
      63
      55
      58
      59
      60
      59
      65
      51
      71
      60
      66
      69
      63
      58
      59
      57
      51
      67
      70
      44
      52
      62
      66
      62
      75
      68
      77
      72
      72
      78
      96
      86
      94
      84
      92
      95
      79
      78
      58
      49
      50
      54
      60
      54
      46
      66
      58
      63
      66
      51
      64
      62
      79
      57
      55
      58
      61
      57
      63
      52
      58
      54
      59
      56
      51
      65
      53
      52
      54
      54
      52
      62
      73
      49
      48
      64
      52
      44
      61
      56
      57
      49
      62
      55
      75
      56
      59
      63
      57
      53
      51
      48
      57
      66
      48
      53
      63
      76
      57
      64
      55
      60
      52
      50
      45
      51
      49
      63
      48
      66
      61
      52
      64
      58
      54
      44
      42
      54
      63
      53
      53
      50
      52
      56
      51
      48
      59
      56
      54
      53
      47
      55
      63
      66
      59
      55
      55
      63
      56
      57
      56
      56
      64
      61
      46
      44
      40
      45
      75
      50
      57
      45
      56
      42
      46
      40
      60
      50
      50
      54
      51
      58
      52
      68
      46
      57
      59
      52
      53
      58
      46
      48
      54
      53
      46
      61
      46
      54
      44
      60
      49
      57
      46
      43
      53
      70
      49
      51
      55
      56
      48
      57
      41
      45
      55
      57
      51
      48
      52
      51
      48
      53
      60
      37
      59
      59
      62
      60
      55
      48
      45
      58
      40
      66
      54
      66
      49
      52
      58
      48
      60
      48
      55
      44
      50
      51
      62
      60
      55
      43
      42
      48
      60
      51
      66
      58
      39
      57
      60
      58
      58
      62
      48
      49
      46
      45
      57
      58
      40
      52
      57
      51
      51
      44
      47
      48
      39
      52
      42
      47
      44
      51
      41
      57
      62
      42
      49
      39
      39
      58
      53
      46
      63
      44
      48
      51
      47
      45
      46
      48
      57
      57
      53
      47
      59
      48
      48
      58
      46
      49
      52
      39
      45
      46
      42
      49
      54
      50
      50
      44
      49
      40
      39
      47
      54
      51
      45
      41
      59
      43
      62
      50
      46
      51
      56
      34
      45
      51
      45
      51
      54
      44
      39
      34
      58
      60
      63
      37
      56
      37
      47
      52
      39
      48
      43
      41
      45
      40
      47
      49
      63
      57
      50
      38
      44
      50
      45
      55
      40
      43
      54
      46
      49
      42
      46
      51
      47
      61
      51
      55
      42
      50
      42
      50
      48
      39
      52
      48
      43
      54
      44
      49
      42
      40
      38
      40
      34
      39
      46
      43
      48
      51
      41
      46
      42
      43
      47
      51
      42
      49
      50
      41
      35
      42
      53
      64
      45
      39
      51
      50
      52
      46
      45
      42
      38
      43
      40
      41
      47
      36
      35
      50
      45
      36
      34
      44
      41
      45
      57
      40
      33
      38
      39
      61
      44
      40
      50
      47
      49
      47
      42
      44
      37
      58
      41
      54
      48
      43
      38
      44
      44
      42
      49
      33
      34
      45
      46
      49
      36
      45
      32
      47
      59
      54
      47
      61
      49
      37
      50
      39
      40
      31
      42
      43
      47
      43
      31
      42
      46
      44
      49
      53
      38
      42
      33
      47
      46
      50
      44
      54
      50
      42
      50
      55
      35
      44
      44
      48
      56
      42
      41
      51
      45
      41
      46
      38
      47
      42
      39
      30
      40
      49
      56
      44
      50
      39
      58
      45
      33
      54
      46
      54
      32
      39
      37
      43
      40
      33
      40
      39
      51
      36
      29
      43
      43
      48
      39
      41
      45
      44
      45
      47
      46
      35
      35
      40
      47
      39
      34
      35
      36
      33
      45
      38
      48
      45
      44
      44
      47
      40
      38
      42
      37
      35
      38
      33
      52
      43
      30
      52
      40
      44
      40
      37
      38
      43
      43
      45
      30
      42
      43
      40
      50
      42
      47
      41
      36
      30
      33
      39
      40
      39
      30
      39
      46
      42
      40
      42
      47
      44
      39
      34
      32
      25
      50
      36
      47
      41
      44
      48
      44
      35
      54
      37
      43
      43
      41
      42
      46
      31
      48
      53
      50
      37
      44
      34
      41
      38
      36
      28
      42
      30
      41
      38
      46
      46
      44
      35
      54
      46
      32
      39
      39
      34
      33
      41
      36
      38
      36
      45
      42
      37
      40
      31
      40
      25
      38
      36
      37
      46
      30
      40
      26
      40
      40
      46
      32
      38
      30
      46
      44
      39
      37
      41
      36
      41
      38
      41
      43
      35
      40
      42
      38
      48
      37
      37
      33
      43
      33
      36
      40
      35
      41
      36
      39
      53
      42
      42
      52
      40
      45
      35
      37
      41
      47
      37
      29
      35
      38
      46
      35
      31
      39
      37
      32
      44
      32
      30
      37
      43
      33
      32
      30
      40
      35
      34
      30
      41
      35
      34
      40
      49
      46
      39
      31
      38
      30
      43
      47
      35
      42
      39
      36
      45
      36
      27
      39
      34
      38
      38
      32
      44
      36
      28
      45
      32
      43
      35
      23
      30
      34
      36
      47
      36
      24
      30
      36
      38
      32
      48
      51
      29
      43
      32
      35
      32
      38
      37
      34
      29
      39
      43
      36
      47
      34
      36
      44
      31
      28
      43
      44
      49
      26
      47
      36
      43
      37
      32
      41
      39
      38
      33
      42
      37
      39
      39
      37
      30
      36
      39
      28
      33
      39
      28
      40
      34
      26
      41
      32
      63
      35
      41
      33
      46
      43
      29
      43
      30
      39
      28
      31
      32
      32
      55
      41
      40
      40
      44
      50
      37
      46
      37
      56
      43
      46
      52
      56
      58
      61
      70
      61
      86
      76
      92
     115
     121
     124
     126
     119
     146
     146
     110
     100
      94
      82
      84
      67
      63
      69
      48
      43
      59
      35
      47
      36
      47
      44
      39
      34
      32
      45
      30
      32
      32
      35
      29
      34
      37
      24
      39
      35
      35
      35
      32
      27
      29
      35
      37
      33
      33
      42
      33
      32
      29
      37
      34
      35
      33
      31
      36
      30
      26
      34
      34
      33
      36
      39
      28
      32
      26
      28
      37
      42
      42
      25
      28
      31
      39
      30
      26
      28
      43
      35
      23
      23
      32
      27
      29
      23
      33
      29
      29
      27
      33
      33
      47
      35
      27
      36
      42
      30
      42
      37
      19
      16
      34
      40
      24
      38
      42
      30
      39
      26
      36
      40
      42
      29
      32
      26
      25
      33
      33
      34
      34
      42
      34
      19
      45
      33
      34
      33
      34
      41
      43
      36
      20
      29
      31
      31
      29
      29
      35
      33
      44
      30
      24
      29
      42
      32
      28
      31
      26
      39
      33
      31
      34
      40
      39
      41
      32
      38
      36
      32
      35
      28
      34
      28
      37
      28
      29
      36
      33
      31
      26
      30
      25
      37
      40
      35
      31
      39
      38
      30
      34
      26
      27
      30
      33
      20
      28
      34
      33
      33
      38
      26
      28
      33
      24
      30
      30
      28
      25
      34
      22
      37
      32
      29
      32
      37
      36
      35
      31
      32
      31
      37
      27
      32
      28
      25
      32
      32
      27
      29
      27
      32
      32
      33
      32
      31
      33
      31
      30
      37
      33
      33
      24
      32
      33
      34
      19
      36
      27
      30
      32
      36
      38
      27
      40
      38
      36
      26
      32
      33
      32
      33
      34
      35
      26
      41
      25
      32
      30
      24
      32
      31
      17
      24
      32
      42
      40
      23
      33
      41
      35
      27
      24
      38
      34
      29
      33
      46
      34
      30
      28
      35
      31
      24
      31
      33
      34
      32
      34
      34
      18
      37
      33
      32
      31
      39
      28
      23
      33
      28
      27
      24
      44
      35
      34
      22
      41
      34
      26
      34
      27
      16
      28
      42
      20
      33
      25
      31
      36
      26
      44
      23
      29
      22
      33
      25
      32
      23
      38
      35
      28
      27
      30
      39
      22
      33
      32
      27
      29
      25
      40
      26
      27
      31
      34
      27
      36
      27
      31
      28
      29
      19
      35
      28
      34
      46
      30
      27
      31
      33
      28
      26
      38
      28
      34
      37
      35
      42
      38
      40
      44
      35
      41
      58
      54
      60
      54
      45
      46
      46
      39
      28
      34
      40
      34
      28
      32
      35
      34
      34
      27
      25
      31
      28
      31
      29
      26
      29
      24
      28
      37
      28
      38
      24
      25
      28
      26
      34
      39
      32
      21
      28
      29
      45
      33
      42
      33
      28
      36
      35
      30
      30
      21
      29
      22
      27
      37
      29
      28
      31
      28
      22
      23
      28
      29
      39
      29
      39
      27
      40
      29
      32
      36
      30
      31
      24
      33
      30
      32
      38
      26
      28
      32
      22
      29
      19
      34
      24
      28
      30
      33
      24
      33
      31
      34
      34
      19
      39
      36
      31
      28
      30
      34
      38
      39
      28
      30
      30
      23
      27
      33
      34
      21
      29
      29
      30
      28
      22
      18
      28
      27
      40
      37
      27
      25
      27
      33
      30
      30
      26
      26
      33
      36
      39
      41
      51
      47
      56
      66
      65
      69
      66
      66
      54
      51
      40
      37
      29
      32
      41
      24
      23
      29
      29
      21
      40
      30
      29
      37
      32
      35
      27
      35
      40
      46
      30
      34
      40
      56
      36
      26
      25
      26
      28
      38
      35
      28
      36
      19
      17
      20
      25
      32
      27
      19
      22
      21
      24
      23
      18
      22
      26
      35
      22
      19
      27
      21
      24
      19
      29
      32
      30
      34
      28
      34
      34
      26
      22
      22
      18
      26
      25
      25
      29
      27
      27
      37
      31
      32
      34
      30
      29
      28
      24
      21
      24
      23
      36
      24
      25
      25
      28
      20
      21
      28
      26
      30
      21
      24
      18
      23
      23
      15
      21
      24
      20
      24
      30
      25
      28
      25
      22
      19
      27
      23
      24
      27
      26
      33
      28
      18
      23
      28
      27
      24
      24
      28
      31
      22
      24
      22
      23
      31
      24
      23
      26
      25
      17
      29
      32
      18
      23
      30
      18
      21
      29
      19
      22
      28
      28
      22
      21
      26
      22
      21
      22
      24
      23
      25
      34
      21
      25
      25
      24
      31
      19
      23
      24
      23
      27
      32
      18
      18
      29
      29
      21
      19
      31
      34
      12
      14
      25
      32
      17
      17
      24
      28
      28
      19
      30
      30
      25
      34
      22
      21
      23
      24
      20
      23
      19
      29
      33
      27
      21
      23
      22
      30
      21
      27
      23
      26
      34
      30
      29
      25
      34
      28
      26
      24
      23
      30
      22
      25
      22
      25
      25
      19
      33
      27
      31
      29
      26
      19
      21
      32
      16
      17
      27
      30
      26
      17
      18
      21
      19
      18
      29
      11
      25
      19
      23
      23
      29
      20
      28
      32
      31
      25
      25
      20
      17
      22
      34
      21
      31
      27
      18
      22
      17
      29
      26
      22
      26
      26
      21
      22
      33
      34
      25
      17
      19
      26
      19
      33
      22
      18
      20
      26
      16
      31
      17
      25
      29
      29
      27
      15
      34
      22
      13
      28
      23
      28
      26
      22
      31
      24
      25
      22
      24
      26
      27
      22
      23
      25
      13
      16
      26
      18
      18
      21
      23
      27
      26
      16
      19
      29
      19
      20
      17
      23
      21
      25
      24
      31
      18
      32
      22
      26
      20
      21
      23
      22
      32
      22
      21
      17
      24
      20
      18
      18
      24
      22
      32
      21
      23
      25
      21
      30
      26
      25
      17
      19
      22
      25
      20
      26
      23
      28
      21
      20
      31
      26
      20
      24
      30
      15
      20
      21
      20
      22
      22
      24
      17
      22
      17
      22
      22
      24
      17
      28
      20
      24
      24
      24
      17
      22
      14
      22
      21
      15
      20
      32
      21
      21
      20
      21
      27
      24
      21
      22
      25
      25
      23
      21
      26
      29
      20
      21
      36
      16
      14
      35
      22
      23
      11
      24
      31
      27
      22
      21
      26
      23
      26
      22
      16
      19
      26
      27
      11
      31
      24
      23
      20
      19
      17
      21
      19
      22
      25
      29
      21
      14
      20
      16
      18
      33
      21
      28
      28
      18
      19
      17
      16
      23
      15
      29
      17
      19
      27
      20
      22
      24
      24
      26
      28
      21
      25
      17
      25
      27
      25
      18
      18
      30
      17
      27
      15
      25
      29
      27
      17
      22
      19
      17
      27
      24
      17
      25
      22
      14
      23
      29
      22
      23
      23
      27
      17
      27
      23
      23
      15
      18
      28
      24
      27
      23
      20
      14
      21
      21
      19
      19
      20
      21
      26
      26
      28
      20
      19
      18
      14
      22
      13
      26
      32
      20
      20
      11
      26
      20
      19
      21
      31
      22
      18
      26
      24
      13
      17
      20
      18
      14
      16
      24
      24
      21
      14
      18
      23
      21
      18
      15
      14
      12
      23
      24
      15
      23
      19
      19
      29
      24
      32
      27
      33
      23
      27
      32
      19
      25
      29
      25
      23
      36
      29
      21
      30
      30
      24
      29
      27
      19
      23
      22
      21
      22
      22
      19
      16
      22
      26
      26
      33
      14
      30
      30
      28
      15
      24
      25
      20
      25
      20
      20
      16
      14
      18
      29
      24
      15
      21
      25
      15
      14
      16
      18
      30
      19
      23
      23
      19
      13
      19
      12
      18
      10
      15
      17
      18
      26
      19
      18
      22
      14
      20
      21
      18
      20
      23
      20
      22
      13
      24
      16
      24
      25
      22
      31
      23
      20
      20
      18
      29
      11
      19
      16
      21
      12
      15
      20
      16
      26
      21
      19
      27
      20
      26
      12
      17
      22
      13
      20
      25
      30
      25
      30
      30
      17
      22
      19
      17
      12
      10
      25
      19
      26
      22
      22
      16
      20
      24
      22
      16
      15
      15
      30
      23
      24
      20
      24
      26
      23
      17
      20
      20
      19
      14
      27
      17
      25
      19
      17
      18
      12
      19
      22
      16
      18
      17
      17
      11
      25
      19
      19
      20
      12
      18
      22
      21
      31
      14
      21
      17
      15
      14
      19
      16
      24
      21
      21
      21
      28
      13
      23
      22
      25
      17
      22
      20
      27
      16
      17
      22
      21
      17
      22
      20
      14
      17
      20
      18
      17
      27
      21
      18
      20
      23
      23
      22
      27
      16
      31
      13
      14
      13
      18
      18
      18
      18
      21
       8
      18
      21
      20
      17
      26
      21
      18
      30
      17
      23
      30
      20
      15
      18
      24
      19
      27
      27
      22
      18
      19
      24
      20
      18
      15
      25
      18
      19
      17
      23
      36
      19
      12
      19
      14
      20
      19
      20
      10
      13
      16
       9
      22
      24
      17
      30
      16
      16
      28
      21
      15
      20
      27
      18
      17
      17
      15
      12
      25
      19
      20
      23
      13
      19
      22
      20
      19
      21
      13
      18
      18
      21
      18
      14
      18
      22
      18
      19
      14
      24
      23
      24
      23
      17
      19
      10
      20
      18
      23
      23
      18
      15
      20
      14
      25
      21
       5
      14
      20
      23
      23
      17
       8
      20
      13
      23
      15
      26
      15
      15
      20
      23
      17
      22
      25
      23
      26
      25
      19
      21
      19
      26
      17
      16
      17
      15
      16
      13
      25
      25
      23
      24
      22
      13
      20
      20
      22
      15
      22
      17
      22
      10
      26
      13
      11
      17
      16
      19
      17
      21
      10
      14
      25
      27
      19
      17
      16
      24
      19
      25
      19
      19
      18
      22
      11
      18
      24
      24
      19
      17
      22
      18
      19
      20
      19
      25
      17
      21
      17
      22
      24
      22
      19
      15
      13
      24
      17
      22
      17
      19
      17
      17
      15
      21
      22
      19
      18
      20
      22
      17
      15
      15
       8
      19
      10
      14
      25
      20
      23
      13
      12
      25
      22
      19
      25
      24
      16
      13
      17
      25
      19
      24
      19
      24
      23
      23
      22
      15
      18
      25
      20
      34
      27
      49
      47
      42
      87
      93
      93
     102
     111
     139
     123
     134
     135
     109
      93
      81
      57
      58
      28
      25
      24
      19
      13
      17
      16
      15
      22
      15
      13
      22
      17
      10
      13
      17
      17
      17
      11
      11
      18
      21
      14
      21
      27
      14
      19
      21
      24
      11
      24
      21
      17
      17
      17
      21
       9
      17
      13
      22
      23
      15
      14
      12
      17
      17
      11
      14
      22
      14
      12
      22
      14
      21
      28
       8
      11
      13
      16
      24
      17
      12
      22
      12
      15
      16
      17
      18
      17
      11
      16
      13
      13
      15
      12
      31
      14
      18
      10
      18
      15
       9
      16
      17
      17
      13
      15
      18
      18
      13
      17
      19
      18
      18
      13
      12
      22
      17
      12
      16
      11
      20
      14
      15
      15
      18
      13
      19
      17
      17
      15
      13
      24
      17
      14
      23
      15
      17
      12
      17
      14
      12
      15
      19
      13
      22
       8
      13
      13
      11
      13
      14
      23
      18
      11
      15
      17
      11
       8
      21
      15
      13
      19
      16
      20
       9
      16
      16
      21
      19
      16
      13
      15
      11
      11
      14
      22
      16
      14
      14
      12
      17
      16
       8
      21
      19
      17
       9
      19
      17
      16
      18
      16
      20
      13
      16
      18
      11
      22
      25
      16
      24
      15
      13
       7
      19
      20
      23
      20
       9
      11
      20
      18
      18
      20
      15
      17
      18
      16
      21
      13
      17
      14
      23
      20
      11
      23
       7
      14
      21
      14
      17
      15
      14
      15
      13
      13
      16
      14
      18
      25
      15
      11
      14
      15
      16
      15
      11
      18
      14
      17
      21
      13
      18
      10
      11
      18
      19
      16
      11
      20
      21
      15
      12
      18
      15
      18
      15
      20
      20
      12
      21
      25
      12
      19
      17
      12
      15
      21
      24
       9
      15
       7
      18
      12
      19
      23
       8
      14
      19
      14
      16
      16
      16
      12
      17
      20
      19
      18
      17
       9
      12
      19
      18
      11
      18
      12
      13
      20
      22
      10
      15
      13
      14
      14
      11
      13
      11
      19
      15
      20
      18
      16
      15
      19
      19
      21
      13
      17
      17
       7
      19
      17
      19
      12
       9
      20
      21
      16
      16
      13
      11
      18
      15
      17
      13
      20
      16
      21
       8
      15
      13
      18
       8
      13
      23
      22
      21
      19
      16
      18
      15
      13
      13
      14
      16
      16
      19
       9
      17
      11
      22
      12
      16
      10
      18
      10
      10
      19
      12
      19
      13
      13
      17
      15
      16
      15
      15
      13
      19
      16
      17
      15
      20
      16
      15
      13
      15
      10
      18
      16
      12
      13
      13
       7
      13
      21
      19
      14
      12
      14
      13
      16
       9
      24
      17
      16
      17
      20
      15
      11
      12
      18
      14
      12
      29
      16
      13
      22
      16
      13
      17
      15
      10
      19
      19
      10
      13
      18
      20
      22
      18
      18
      11
      17
      18
      22
      14
      14
      14
      20
      13
      11
      11
      13
      18
      17
      15
      15
      18
      10
      17
      15
      15
      19
      14
       7
      10
      12
      10
      19
      14
      20
      12
      12
      10
      13
      12
      15
      16
      14
      11
      17
      14
      15
      14
      10
      19
      14
      14
      23
      14
      14
      13
      13
      15
      21
      18
      22
      14
      11
      15
      23
      13
      14
      14
      18
      21
      13
      15
      21
      10
      22
      18
      18
      16
      13
      12
      23
      15
      15
      29
      28
      21
      25
      33
      39
      33
      21
      29
      20
      25
      28
      20
      22
      19
      15
      16
      18
      12
      14
       5
      13
       9
      15
      17
      13
      12
      13
      13
      12
      14
      14
      13
      14
      16
      17
      17
      14
      16
      13
      16
      11
      13
      10
      12
      13
      16
      10
      15
      11
      12
      15
      17
      16
      13
      17
      20
      17
       6
       7
      12
      13
      12
      19
      21
      17
       9
      14
      17
      13
      20
      17
      15
      15
      11
      18
      17
      21
      14
      17
      13
      11
       6
      13
      23
      16
      15
      13
      14
       8
      16
      10
      10
      13
      21
      12
      14
      16
      10
      17
      11
      12
      13
      20
      23
      16
      17
      14
      11
      15
      16
      16
      15
      19
      10
      19
      20
      13
      10
      19
      14
      11
      11
      15
      20
      18
      12
      25
      14
      10
      13
      16
      15
      11
      17
      20
      16
      13
       7
      18
      12
      18
      10
       9
      13
      10
      10
      15
      12
       7
      13
      11
      17
      23
      14
      19
      11
       9
      16
      15
       9
       7
      12
      15
      19
       9
      24
      14
      17
       9
      10
      16
      12
      15
      15
      19
      13
       9
      17
       9
      11
       9
       9
      15
      14
      15
      13
      13
      19
       6
      11
      26
      18
      20
       9
      14
      16
       9
      19
      15
      12
      11
      14
      12
      17
      13
      13
      14
      15
      14
      23
      12
      10
      11
       9
      11
       5
      16
       9
       8
      15
      22
      18
      11
      12
      15
      17
       9
      14
      12
      22
      12
      16
      16
      11
       9
      17
      14
      23
      17
      18
      15
      19
      13
      12
      14
      10
       9
      27
      16
      12
      16
      11
      16
      19
      11
      19
      12
       9
      15
      14
      15
      14
      13
      16
      10
      10
      16
      14
      13
      18
      20
      11
      21
       8
      17
      19
      22
      16
      10
      26
      13
      21
      23
      18
      15
      13
      15
      10
      16
      13
      13
      11
      16
      15
      16
      10
      21
      19
      17
      19
      18
      20
      22
      33
      22
      22
      15
      24
      10
      21
      17
      14
      16
      18
       6
      11
      14
      18
      16
      16
      15
      12
      14
      15
      16
      13
      17
      10
      18
       8
      12
      15
      17
      14
      17
      10
      13
      12
      16
       9
      11
       7
      13
      20
      14
       6
      10
      18
       6
      10
      17
       8
      11
       8
      10
      10
      16
      13
       9
      16
      20
      15
      15
      10
      15
      16
       8
      16
      14
      10
      16
      14
      16
       7
      13
      13
      10
      17
      12
       8
      15
      18
      11
      15
       8
      10
       8
      23
      17
      17
      15
       6
      10
      10
      13
      18
      10
      11
      16
      15
       9
      10
      13
      11
      17
      20
      13
       8
      12
      15
      11
      19
      18
      13
      11
      12
      12
      12
      10
      18
      10
      12
      12
      21
      10
      17
      22
      13
      19
      17
       8
      18
       5
       8
      13
      14
      14
      12
      13
      15
      11
      13
      16
      17
      15
      14
      11
      13
       8
       9
      17
      12
       9
      15
      16
       8
      10
      17
       6
      17
      11
      11
      11
      11
      11
      15
      13
      15
      15
       6
       8
       9
      14
      12
      15
      17
      14
      12
      14
      16
      14
      17
       8
      16
      11
      13
      15
       7
      12
      12
       8
      13
       8
      15
      19
       8
      15
       9
      15
      11
      15
      16
      12
      14
       9
      13
      12
       5
      15
      13
       9
      14
      14
      12
      13
      12
      17
      14
      15
       8
      20
      10
       8
      13
       8
      15
      15
      14
      16
      12
      12
       8
      12
      13
      15
      13
      11
      13
      13
      13
      12
      17
       9
      15
      15
       7
      11
      14
      13
       9
      14
      22
      12
       7
       8
      15
       9
       8
      16
      14
       7
      16
       9
      12
       9
      14
      16
      13
       8
       9
      14
       8
      12
      11
      14
      13
      13
       8
      19
      13
       8
      13
      13
      17
      12
      11
      13
      11
      11
      15
      13
      16
      13
       6
      14
      11
      12
      13
      15
      15
       8
       9
      12
      13
      15
      14
      16
      14
      10
      12
       9
      14
      10
      13
      18
      13
      10
      16
       9
      12
       7
      12
       7
      19
      13
       8
      14
       7
       9
      12
      15
      13
      14
      16
      10
      10
      11
      15
       9
       9
      12
      12
      11
      15
      18
       9
       8
      11
       9
      13
       9
      10
      13
      10
       9
      11
      13
       9
       9
      10
       9
      17
      10
       7
      12
      16
       9
      15
       6
       8
      12
       9
       9
      13
      12
      13
      15
      14
       8
      10
       8
      12
      18
      16
      12
      10
      13
      15
      13
      12
       9
       7
      18
      16
      14
      17
      18
       9
      17
       8
      11
      21
      11
       9
      13
      14
      17
      10
       4
       9
      11
      19
       8
      11
      14
       9
       4
       7
      13
      13
      10
      12
      13
      14
      13
      14
      15
      14
       7
      12
      11
      10
      15
       9
      11
       9
       9
      13
      10
      11
      15
      12
       6
       7
      10
      12
      12
      12
       9
       8
      16
      18
      16
       8
       7
      12
      10
      20
      13
      15
      12
       8
       7
       9
       8
      13
      15
      10
       9
       6
      13
       7
       9
      10
      13
       9
      15
      15
      19
      11
      10
      13
      12
      12
      11
      11
      13
      12
      12
      12
      10
      15
      14
      14
       8
      14
      11
       9
      11
      17
       5
       9
      10
       9
      10
      14
      16
      15
       4
      15
      16
       8
       9
      12
      19
      11
      13
      14
      13
       8
      12
       9
      10
      10
      14
       7
       8
      19
       9
       6
      15
       8
      14
      14
      11
      11
      15
      13
      15
      15
      10
      19
      12
      10
       6
      13
       6
      10
      11
      11
      11
      13
      13
      10
      11
      13
      12
      11
       8
       8
      10
      10
      14
      12
       9
      14
      11
      10
       9
      11
      16
       8
      12
      11
       8
      15
      14
      15
      17
      11
       7
      17
      10
       7
      12
      10
      15
      16
      17
      15
      12
      12
      13
      17
      10
      12
      12
      11
      13
      12
      19
      19
       7
      12
      12
      12
       9
       4
      17
       7
       9
       6
       8
       9
      13
       7
       4
       9
      13
      18
      13
      21
       8
       8
      16
      10
       8
      13
      10
      18
      17
      11
       6
      12
      15
      12
       6
       9
      17
       8
       8
       4
      17
      12
      14
      15
       8
      12
      13
       8
       9
      12
       9
      10
      12
      11
      11
       8
      10
       9
      17
      12
      13
      12
      10
       7
      16
       8
       7
      10
       6
      18
       9
      13
      12
       6
      10
       9
       7
       5
      10
      14
       7
      14
       8
       9
      10
      10
      15
      15
      17
      15
       8
      14
      11
      10
      10
      12
       3
       6
       9
       2
       8
      14
       9
      13
       7
      11
       9
       8
      14
      17
      15
      11
      11
       9
       8
      14
       6
       8
      11
      10
       7
      16
       7
      10
      18
      15
      15
      10
      12
      12
      10
      11
       9
       8
      15
      12
      11
      11
      14
       7
      15
      21
      11
       7
      12
       5
      10
       6
      11
       9
      11
      12
      11
       3
      16
      11
       6
       7
      15
      18
       6
      15
      16
      10
      11
      16
      16
      20
      20
      20
      15
      24
      20
      20
      18
      16
      22
      13
      26
      17
      14
      13
      24
      13
      12
      12
      11
       9
      10
      13
      17
       8
       9
       9
       4
      18
      13
      16
      11
      11
      13
       7
       9
       9
       9
      11
       7
       8
      10
      11
      10
      11
       9
       8
      10
       9
      11
      10
       6
      11
      11
      16
      13
      14
      12
       8
      12
       9
      13
      10
       7
       8
       6
      13
      11
      10
      14
      12
      10
       8
       8
       4
       8
       8
       8
       9
      10
      13
      11
       8
      12
      11
      10
      10
      16
      12
      10
      13
       4
      16
      12
      15
       8
       8
      12
       8
      16
       8
       5
       7
      10
       8
      13
       8
      14
      11
      12
       9
       8
      12
      10
      10
      16
       9
      10
      13
      13
      13
      12
       5
       8
       9
      11
      10
      10
      11
      10
      13
      10
      10
      10
       9
       6
      11
       9
      15
       7
       9
      11
      14
      11
       7
       9
      10
      11
       9
      16
       9
      12
      17
      10
      10
       8
       9
      12
       6
      11
      12
      15
      11
       7
       9
      11
       8
      16
      16
       6
       5
      15
      15
      18
      11
       8
       8
       7
      10
      16
       9
      10
      10
      11
       8
      14
      13
      12
       5
      12
      11
      15
      12
      10
       9
      11
      15
      15
      11
      11
       9
      10
       8
       9
       6
       6
      12
      11
      10
       8
       5
       6
      18
      13
      11
       8
       7
       8
       9
       7
      12
      12
      13
      11
      17
      10
      13
       9
      11
      12
      11
      16
       4
      13
      12
      16
       9
       8
       4
       8
       8
      11
      10
       8
      13
      13
      11
       9
       9
      14
      13
      12
      12
       7
      14
       7
      11
      12
       6
      10
      11
       9
       9
      11
      15
      11
      13
       8
       7
      13
      13
      16
      18
      11
      16
      25
      24
      19
      16
      13
      18
      19
      14
      15
      15
      20
      10
       7
      14
      15
      14
      10
      11
       6
      13
       9
      17
      10
      13
      12
      12
      10
      10
       6
      19
       6
       7
      11
      10
      20
      14
      11
      10
       9
       7
       7
       7
      17
      17
       7
       6
      11
       7
      14
       8
       6
       8
      13
      12
      15
      13
      11
      13
      12
      16
       7
       9
      10
      11
       8
       8
      10
      12
      14
      10
       6
      13
      20
      12
      15
      15
       7
      10
      10
      11
      12
       6
       5
      13
      10
      12
       8
      13
      11
       8
       2
       5
       7
       8
       7
      12
      13
      16
       5
       6
       9
       6
       9
      10
      14
      10
      15
      14
      15
      15
      13
      12
      10
      12
       7
      12
      10
      13
      12
       9
       8
      11
      17
       7
       5
      12
       8
       6
       8
      10
       8
      15
       8
      16
       8
      18
       4
      18
       5
       9
      13
      14
      16
      16
       9
      13
      10
      12
      16
      11
      10
       8
       7
      13
      13
      15
      12
      13
       7
       8
      10
      11
      16
      10
       6
       8
      11
       8
      13
      16
      15
       8
      13
      10
      11
      15
      17
       7
      10
      12
       9
       9
       8
      12
       9
      12
       7
       7
       7
      10
      10
      12
      13
      14
       6
      11
      11
       7
       9
      12
      11
      14
       9
       6
      10
       7
       9
       8
       8
      14
      14
       8
      11
      10
      13
      11
       4
      16
      11
       8
      14
      17
       7
       9
      12
      11
      12
       6
      17
      19
      10
       7
      11
      12
      10
      10
      13
      15
       9
       9
       9
       9
      17
       6
       6
      12
      12
      14
      12
       8
       7
       8
      14
       9
      13
      15
      15
       6
       9
      11
       9
       5
      14
       9
      13
      12
      14
      10
       7
      12
      10
       9
      15
      11
      14
       8
      15
      10
       9
      10
      14
      16
      10
       7
       6
      16
       9
      10
       9
       9
      13
       9
      10
      13
      20
      14
       8
       8
      12
      13
       9
      10
      12
       6
      11
      13
       7
      16
      16
       8
      11
      11
       7
      10
       5
       8
       7
       9
       4
      18
       6
       8
      14
      12
      11
      15
      13
       8
      10
      12
       8
      16
      14
      14
      12
      11
      11
      15
      17
       5
      13
      15
       8
       8
      16
      10
      12
       7
       4
       8
       9
       9
      10
       8
       5
      15
      10
      15
      10
      13
      10
       8
       5
       9
       9
       7
       7
       7
       8
      10
      10
      11
       7
       9
       8
       7
       4
       5
      10
       5
       5
      11
      11
      11
       7
      11
      10
       8
       7
      10
       9
      11
      11
       5
       4
       8
       9
       7
       5
       6
       7
       7
      14
       7
      11
       8
       3
       8
       3
       5
      10
      13
       1
      12
       9
       9
      11
      11
       6
       7
       8
       9
       9
       8
       6
      10
       9
       8
       7
       7
       4
      11
       6
       4
      16
       7
       5
      11
       7
       9
       7
      11
       3
       7
       6
       6
      13
      12
       4
       8
       3
       4
       9
      10
      10
       6
       9
       6
       6
      12
       3
      15
       4
       8
       6
       6
       4
       8
      10
       8
      11
       9
       5
       6
       8
       8
       7
       8
      10
       9
      11
       8
       8
       3
       7
       4
       9
      10
      10
       9
       9
       8
       5
      10
       7
       7
       5
       8
       7
       8
      10
       8
       4
       9
       7
       9
       9
       5
       9
       4
      11
       3
       9
       9
       7
       8
       6
       7
       8
       8
      11
       6
       6
       8
       6
      10
      14
       5
       5
      10
       8
       7
       6
       7
       7
       8
       6
       8
       7
      12
       6
       6
       7
       6
      11
      11
      12
       7
       4
      12
       8
       4
      10
       8
       9
       8
      11
       7
      10
       5
       6
      10
       8
       6
       5
       7
       4
       9
       8
      10
       7
       7
       9
       8
       7
       5
      11
       8
       8
      11
       6
       9
       3
      12
       7
       6
       5
      10
       9
       5
       6
       3
       9
       7
       7
       8
       7
       6
      12
       5
       6
      10
       3
       5
       6
       6
       8
       1
       6
       4
       8
       8
       6
       7
       9
       6
       6
       4
       6
       8
       3
      11
       5
       4
       5
       8
       7
       6
       7
       3
       4
       3
       6
       7
       3
       7
       8
       4
       3
       5
       7
       6
       5
       9
       3
       8
       3
       6
       4
      10
       9
       5
       6
       8
      16
       7
       8
       9
       4
       6
       3
       7
       5
       5
       4
      10
      13
       7
       4
       6
       8
       6
       7
       8
       8
       5
       8
       6
       7
       4
       5
       4
       6
       4
       7
       4
       4
       7
       6
       7
       6
       6
       8
       9
      10
       4
       5
      12
       5
       6
       7
       6
       8
       7
       7
       5
      10
       7
      10
       6
       5
       6
       3
       6
       6
       3
       5
       3
       5
       8
       7
       5
       5
       7
       5
       5
       4
       7
       9
       8
       4
       8
       5
       6
       7
       6
       9
       8
       3
       5
       8
       3
       4
       7
       8
       4
       8
       8
       8
       6
       4
       5
       5
      11
       4
       5
       7
      10
       6
       9
       9
       4
       4
       7
      10
       7
       5
       7
       8
       9
       3
       5
       4
       5
       8
       4
       9
       3
       8
       7
       5
       7
       5
       3
       9
       6
       3
       5
       7
       4
       5
       6
       9
      10
       4
       4
       4
       6
       6
       6
       5
       5
       6
       5
       5
       8
      11
       8
       6
       8
      10
       7
       9
       9
       5
      11
      14
      10
       6
      14
       8
      11
      12
       7
       3
       9
       8
       4
       3
       9
       4
       5
       4
       4
       7
       9
       7
       4
       7
       4
       8
       4
       4
       3
       6
       5
       8
       3
       6
       7
       7
       4
       3
       9
       7
       5
       9
       3
       4
       8
       1
       7
      10
       3
       3
       3
       8
       5
      10
       3
       6
       5
       6
       6
       6
       7
       2
       7
       9
       3
       6
       6
       5
       6
       5
       2
       5
       5
       7
       6
       5
       5
       8
       8
       9
       6
       2
       4
      10
       9
       6
       6
       9
       6
       6
       7
       6
       5
       4
       8
       5
       4
       3
      10
       4
       3
       6
       5
       5
       6
       5
      12
       3
       6
       7
       5
       5
       5
       6
      11
       7
       4
       6
       8
       7
       4
       4
       5
       5
       3
       2
       5
       4
       6
       6
       5
       8
       8
       5
       5
       6
       8
       5
       6
       6
       3
       7
       5
       3
       4
       2
       9
       2
       4
       3
       6
       5
       5
       7
       5
       6
       5
       3
       4
       4
       6
       6
       2
       5
       9
       3
       7
       9
       6
       3
       5
       6
       5
       3
       3
       7
       6
       3
       5
       2
       7
       8
      11
       2
       6
       5
       3
       9
       6
       8
       3
       3
       7
       4
       4
       5
       2
       0
       9
       5
       3
       6
       7
       6
       5
       6
       6
       6
       6
       5
       5
       3
       8
       5
       4
       3
       3
       9
       7
       6
       3
       4
       7
       8
       6
      12
      10
       4
       7
       5
       5
       7
       7
      12
       9
       9
       8
       6
       7
       6
       8
       6
       8
       7
       2
       4
       9
      11
       6
       5
       5
       4
       5
       2
       7
       5
       5
       6
       3
       6
       5
       5
       7
       6
       7
       4
       3
       6
       6
       8
       6
       7
       6
       8
       9
       5
       7
       8
       7
       2
       7
       8
       2
       6
       4
       5
       6
       4
       5
      10
       8
       7
       6
       4
       2
       5
       5
       5
       5
       6
       7
       3
       9
       8
       4
       4
       4
       8
       5
       5
      10
       1
       4
      10
       9
       6
       6
       2
       5
       7
       2
       4
       8
       3
       4
       7
       4
       1
       5
       4
       7
       4
       2
       5
       7
       2
       4
       7
       6
       7
       7
       2
       4
       5
       4
      11
       3
       3
       9
       7
       1
       6
       6
      12
       5
       5
       7
       5
       5
       2
       4
       7
       7
       4
       5
       4
       4
      11
       6
       7
       7
       3
       2
       2
       7
       4
       6
       1
       4
       3
       3
       5
       3
       7
       4
       6
       8
       4
       6
       8
       8
       3
       6
       3
       9
       5
       3
       5
       5
       8
       6
       7
       8
       5
       5
       6
       5
       3
       3
       3
       9
       5
       8
       4
       7
       4
       9
       4
       7
       7
       4
       8
       0
       3
       6
       5
       6
       5
       8
       9
       7
       4
       2
       4
       5
       4
       4
       3
       7
       6
       1
       1
       4
       8
       3
       8
       5
       3
       3
       4
       7
       8
       6
       1
      10
       2
       0
       4
       4
       0
       3
       5
       5
       2
       6
       4
       4
      10
       2
       4
       5
       2
       7
       2
       3
       5
       4
       8
       4
       7
       2
       2
       4
       6
       6
      12
       4
       4
       4
       5
       5
       6
       4
       7
       5
       5
       4
       3
       5
       5
      11
       5
       2
       6
       5
       7
       3
       7
       4
       4
       8
       0
       7
       2
       7
       5
       5
       9
       3
       3
       2
       3
       6
       8
       5
       5
      10
       9
       9
       6
       4
       6
       5
       7
       1
       8
       5
       7
       3
       3
       3
       6
       5
       2
       2
       9
       2
       8
       5
       2
       6
       5
       4
       5
       9
       4
       6
       3
       4
       3
       4
       4
       4
       3
       2
       3
       2
       6
       3
       8
       2
       5
       5
       3
       6
      11
       5
       4
       6
       7
       5
       5
       8
       5
       4
       4
       1
       4
       6
       6
       4
       3
       8
       7
       8
       3
       2
       7
       5
       4
       6
       5
       7
       8
       4
       5
       4
       2
       5
       3
      11
       2
       5
       7
       4
       5
       6
       4
       7
       9
       2
       3
       2
       6
       8
       9
      14
       7
       3
       5
       3
       6
       7
       6
       7
      11
       6
       6
      13
       7
       7
      10
      14
      17
      18
      18
      17
      25
      30
      31
      39
      37
      38
      52
      53
      73
      99
      81
      91
      89
      95
      79
      97
      91
      90
      77
      77
      67
      56
      56
      53
      34
      30
      16
      15
       9
      10
       3
       4
       3
      10
       8
       3
       2
       4
       0
       3
       5
       3
       2
       4
       2
       3
       1
       2
       6
       2
       3
       5
       5
       3
       5
       3
       3
       1
       4
       1
       4
       7
       4
       1
       4
       4
       6
       2
       2
       0
       1
       4
       3
       2
       6
       5
       3
       5
       1
       4
       3
       3
       4
       2
       2
       3
       8
       4
       4
       6
       4
       1
       0
       2
       2
       4
       4
       1
       2
       4
       4
       3
       0
       3
       2
       4
       5
       1
       2
       4
       3
       5
       1
       4
       1
       6
       2
       6
       3
       0
       6
       6
       3
       2
       3
       1
       5
       2
       5
       5
       1
       1
       2
       3
       3
       3
       6
       2
       6
       4
       0
       2
       3
       4
       5
       5
       3
       4
       2
       3
       2
       3
       1
       2
       5
       0
       3
       2
       1
       1
       0
       3
       3
       1
       1
       3
       3
       4
       1
       5
       3
       2
       4
       1
       2
       1
       3
       2
       2
       1
       2
       4
       2
       2
       4
       6
       2
       2
       2
       3
       2
       1
       4
       1
       3
       6
       1
       0
       1
       1
       4
       3
       4
       3
       3
       0
       1
       1
       4
       9
       3
       0
       1
       5
       3
       5
       6
       0
       3
       4
       4
       6
       1
       4
       2
       4
       1
       3
       1
       4
       1
       3
       3
       3
       5
       2
       2
       3
       4
       3
       2
       5
       3
       1
       3
       5
       2
       5
       4
       4
       3
       4
       1
       8
       2
       1
       2
       6
       0
       7
       1
       5
       2
       7
       4
       7
       3
       5
       6
       7
       2
       4
       3
       3
       4
       5
       3
       4
       2
       5
       1
       1
       4
       2
       3
       2
       5
       8
       4
       2
       2
       3
       4
       5
       2
       2
       1
       2
       6
       4
       1
       1
       6
       0
       3
       3
       0
       3
       5
       2
       4
       5
       3
       6
       6
       4
       1
       1
       3
       2
       1
       1
       2
       4
       1
       5
       4
       4
       1
       0
       4
       2
       3
       4
       2
       0
       2
       2
       3
       4
       4
       4
       1
       1
       2
       4
       6
       2
       5
       1
       2
       1
       0
       6
       2
       2
       3
       1
       3
       3
       3
       3
       2
       1
       3
       4
       7
       5
       5
       3
       5
       2
       3
       2
       3
       4
       2
       3
       2
       6
       4
       6
       4
       1
       2
       3
       3
       2
       2
       2
       0
       3
       5
       3
       4
       3
       5
       0
       5
       3
       3
       5
       4
       2
       5
       5
       3
       7
       4
       3
       1
       2
       4
       3
       2
       3
       3
       1
       1
       1
       1
       4
       2
       5
       5
       1
       2
       3
       2
       1
       2
       4
       6
       1
       3
       2
       4
       6
       0
       3
       3
       5
       4
       3
       2
       3
       2
       2
       4
       2
       5
       4
       2
       5
       0
       3
       1
       1
       4
       1
       1
       3
       3
       5
       6
       3
       3
       3
       4
       5
       3
       1
       3
       4
       1
       2
       3
       3
       2
       3
       5
       2
       4
       3
       3
       3
       2
       3
       5
       2
       4
       2
       1
       3
       4
       1
       2
       4
       5
       2
       2
       2
       1
       1
       0
       5
       5
       2
       3
       1
       5
       3
       3
       1
       1
       2
       2
       4
       7
       3
       2
       6
       3
       4
       5
       4
       2
       3
       2
       8
       1
       3
       5
       0
       3
       3
       2
       4
       3
       2
       3
       2
       6
       4
       2
       3
       1
       1
       1
       4
       5
       4
       5
       1
       2
       1
       2
       5
       3
       3
       3
       3
       3
       3
       1
       2
       2
       4
       3
       2
       1
       2
       2
       1
       4
       2
       1
       2
       6
       3
       6
       5
       3
       2
       4
       5
       4
       2
       3
       7
       3
       0
       0
       0
       0
       0
       0
       0
       0
       0
       0
       0
       0
       0
       0
       0
       0
       0
       0
       0
       0
       0
       0
       0
       0
       0
       0
       0
       0
       0
       0
       0
       0
       0
       0
       0
       0
       0
       0
       0
       0
       0
       0
       0
       0
       0
       0
       0
       0
       0
       0
       0
       0
       0
       0
       0
       0
       0
       0
       0
       0
       0
       0
       0
       0
       0
       0
       0
       0
       0
       0
       0
       0
       0
       0
       0
       0
       0
       0
       0
       0
       0
       0
       0
       0
       0
       0
       0
       0
       0
       0
       0
       0
       0
       0
       0
       0
       0
       0
       0
       0
       0
       0
       0
       0
       0
       0
       0
       0
       0
       0
       0
       0
       0
       0
       0
       0
       0
       0
       0
       0
       0
       0
       0
       0
       0
       0
       0
       0
$ROI:
1
4146 4168
$PRESETS:
None
0
0
$ENER_FIT:
0.196194 0.194904
$MCA_CAL:
3
1.961942E-001 1.949036E-001 3.834765E-008 keV
$SHAPE_CAL:
3
0.000000E+000 0.000000E+000 0.000000E+000
