$SPEC_ID:
No sample description was entered.
$SPEC_REM:
DET# 2
DETDESC# ALPHA COUNTER
AP# Maestro Version 7.01
$DATE_MEA:
04/05/2018 20:11:25
$MEAS_TIM:
300 300
$DATA:
0 2047
       0
       0
       0
       0
       0
       0
       0
       0
       0
       0
       0
       0
       0
       0
       0
       0
       0
       0
       0
       0
       0
       0
       0
       2
      34
      32
      41
      31
      30
      54
      32
      28
      37
      38
      34
      35
      37
      32
      45
      34
      32
      38
      31
      39
      27
      31
      34
      42
      30
      41
      31
      30
      27
      25
      28
      34
      28
      35
      25
      35
      32
      37
      31
      40
      34
      24
      33
      16
      28
      38
      26
      20
      35
      27
      28
      31
      35
      26
      23
      30
      23
      41
      37
      34
      32
      32
      29
      27
      27
      21
      29
      53
      51
      47
      77
      33
      25
      27
      26
      21
      29
      25
      26
      35
      37
      29
      49
      44
      29
      37
      35
      38
      28
      20
      38
      24
      36
      18
      25
      30
      29
      27
      33
      45
      23
      23
      25
      19
      33
      34
      29
      20
      27
      32
      29
      30
      34
      34
      37
      27
      28
      25
      19
      25
      29
      29
      21
      31
      27
      19
      26
      31
      42
      27
      19
      33
      20
      31
      22
      25
      29
      26
      28
      30
      29
      38
      26
      34
      28
      24
      32
      25
      25
      34
     104
      74
      26
      20
      38
      31
      25
      25
      31
      30
      43
      44
      34
      40
      41
      30
      36
      40
      32
      47
      41
      33
      39
      34
      49
      34
      41
      20
      37
      52
      28
      43
      33
      38
      41
      38
      24
      38
      26
      40
      25
      24
      29
      31
      27
      31
      29
      29
      25
      30
      38
      27
      25
      22
      31
      38
      29
      36
      30
      26
      36
      33
      32
      49
      44
      34
      32
      21
      27
      20
      30
      27
      21
      24
      25
      19
      23
      21
      23
      24
      20
      22
      27
      16
      22
      21
      20
      18
      15
      20
      22
      25
      18
      15
      19
      22
      24
      20
      16
      18
      25
      21
      27
      24
      16
      22
      15
      16
      19
      20
      15
      23
      19
      21
      21
      17
      22
      13
      17
      19
      20
      20
      15
      19
      21
      12
      14
      16
      10
      20
      26
      19
      16
      18
      19
      13
      13
      14
       8
      14
      16
       9
      15
      15
      13
      15
      15
      14
      18
      18
      19
      11
      14
      12
      12
      18
      11
       9
      13
      11
      18
      12
      12
       8
      11
      10
      16
      16
       8
      14
      10
      11
       7
       7
      10
       7
       7
      13
       8
      10
      16
      13
      11
       8
       6
      10
      14
       9
       9
       8
      17
       7
       8
      11
      15
      11
       7
      13
      19
      10
      12
      12
       4
      13
      11
      21
       8
       9
      15
       8
       4
       9
      11
       6
      12
      12
       9
      12
      12
       6
      10
      13
      11
       5
      12
       8
       8
      12
      11
       7
      11
      14
       8
       6
      12
       6
      13
       8
       9
      10
      18
      17
      16
       7
      14
      16
       6
      14
      21
      66
     589
    1101
     175
      11
       3
       5
       5
       6
       8
       7
       3
       8
       5
       2
       5
       5
       8
       9
       7
       2
       9
       8
       8
       6
       3
      19
       7
       5
       5
       8
       4
       5
       4
       1
       7
       6
       1
       6
       7
       1
       7
       8
       8
       4
       5
       3
       7
       6
       5
       7
       0
       4
       3
       5
       5
       4
       5
       6
       3
       7
       5
       5
       5
       1
       3
      10
       2
       4
       4
       9
      35
      81
      27
       1
       4
       1
       2
       7
       4
       5
       4
       6
       2
       4
       3
       4
       4
       3
       9
       6
       7
       1
       6
       4
       3
       1
       4
       4
       2
       8
       5
      12
      97
     196
      52
       6
       3
       2
       6
       3
       3
       5
       1
       6
       7
       2
       3
       2
       3
       5
       3
       3
       8
       4
       4
       2
       2
       2
       3
       5
       4
       3
       1
       3
       5
       3
       4
      10
       6
       2
       4
       0
       7
       7
       3
       2
       7
       3
       2
       6
       7
       5
       7
       4
       2
       7
       5
       0
       6
       4
       3
       4
       4
       2
       2
       3
       6
       5
       5
       4
       3
       4
       2
       5
       3
       3
       4
       6
       4
       5
       4
       4
       3
       6
       8
       6
       1
       6
       6
       1
      10
       6
       4
       4
       4
       9
       5
       6
       4
       3
       2
       3
       7
       3
       4
       7
       1
       1
       3
       2
       2
       4
       4
       0
       1
       2
       2
       4
       1
       5
       7
       4
       6
       8
       8
       5
       3
       2
       2
       0
       3
       3
       0
       1
       4
       5
       5
       6
       7
      10
       1
       1
       6
       2
       5
       0
       2
       3
       4
       3
       5
       2
       3
       3
       2
       4
       3
       4
       6
       4
       2
       3
       4
       3
       2
       5
       3
       2
       4
       4
       4
       3
       2
       3
       2
       6
       5
       3
       4
       3
       2
       6
       8
       5
       3
       1
       2
       1
       3
       3
       4
       5
       1
       6
       3
       2
       4
       1
       2
       3
       5
       4
       5
      10
       6
       4
       3
       5
       5
       2
       3
       4
       1
       3
       3
       3
       6
       6
       0
       4
       0
       5
       0
       1
       3
       2
       4
       4
       2
       3
       4
       7
       5
       5
       5
       3
       3
       2
       4
       3
       7
       2
       3
       5
       2
       2
       7
       2
       4
       2
       6
       4
       4
       6
       6
       4
       8
       1
       6
       4
       1
       1
       5
       3
       5
       3
       6
       2
       3
       2
       2
       4
       4
       3
       5
       0
       5
       5
       8
       3
       2
       8
       8
       4
      10
       2
       4
       4
       3
       4
       5
       4
       4
       4
       6
       7
       6
       2
       3
       3
       4
       2
       3
       1
       4
       3
       4
       0
       7
       3
       5
       5
       6
       8
       2
       4
       1
       8
       1
       2
       4
       5
       4
       4
       2
       3
       5
       3
       7
       3
       2
       1
       1
       4
       5
       4
       1
       3
       3
       5
       3
       2
       2
       3
       2
       7
       4
       2
       6
       1
       2
       2
       6
       4
       4
       3
       2
       3
       5
       5
       2
       2
       2
       0
       3
       3
       0
       3
       3
       7
       0
       2
       3
       1
       4
       7
       7
       1
       1
       8
       6
       4
       5
       4
       7
       6
       7
       3
       1
       3
       4
       3
       3
       2
       2
       5
       3
       4
       4
       0
       6
       4
       5
       4
       4
       1
       3
       4
       3
       4
       2
       2
       4
       2
       3
       2
       1
       3
       4
       0
       3
       3
       2
       3
       2
       5
       3
       2
       4
       4
       4
       2
       3
       5
       3
       4
       4
       4
       3
       1
       2
       3
       5
       2
       3
       3
       2
       3
       4
       1
       3
       5
       2
       4
       4
       5
       4
       2
       4
       1
       5
       3
       5
       1
       3
       1
       4
       2
       6
       5
       2
       3
       1
       4
       0
       5
       5
       5
       3
       3
       3
       5
       2
       3
       5
       5
       5
       1
       3
       5
       7
       4
       0
       3
       3
       0
       5
       5
       1
       4
       2
       4
       4
       1
       7
       4
       5
       5
       8
       6
      14
      22
      22
       7
       4
       2
       5
       1
       7
       7
       3
       3
       2
       2
       6
       0
       6
       4
       0
       9
       6
       4
       5
       2
       6
       3
       2
       2
       4
       5
       3
       3
       6
       4
       7
       3
       4
       2
       2
       4
       5
       4
      11
       4
       5
       1
       1
       3
       3
       5
       1
       4
       5
       5
       2
       3
       8
       2
       1
       5
       2
       3
       5
       5
       4
       5
       5
       6
       2
       6
       6
       2
       9
       5
       2
       5
       7
       6
       5
       3
       3
       4
       9
       2
       4
       6
       5
       7
       4
       3
       4
       3
       8
       2
       3
       4
       3
       3
       5
       3
       2
       4
       6
       5
       5
       4
       2
       5
       2
       3
       3
       6
       5
       4
       4
       3
       0
       3
       2
       5
       6
       2
       7
       3
       0
       2
       4
       3
       5
       3
       4
       1
       6
       2
       6
       2
       5
       0
       5
       2
       3
       0
       2
       4
       4
       5
       2
       6
       1
       5
       3
       3
       3
       3
       2
       1
       5
       6
       6
       1
       3
       4
       3
       4
       1
       3
       2
       3
       2
       3
       3
       2
       8
       1
       3
       3
       3
       4
       3
       6
       1
       1
       3
       3
       5
       0
       5
       1
       1
       3
       5
       6
       4
       2
       4
       3
       2
       1
       3
       4
       1
       5
       4
       1
       5
       4
       2
       1
       4
       2
       2
       1
       2
       4
       1
       1
       6
       2
       3
       1
       2
       3
       2
       4
       4
       3
       5
       7
       7
       3
       2
       4
       1
       6
       5
       2
       3
       1
       4
       5
       3
       3
       1
       1
       3
       2
       3
       2
       3
       2
       2
       9
       4
       0
       2
       2
       1
       2
       7
       2
       1
       3
       2
       2
       3
       5
       3
       5
       1
       2
       5
       4
       5
       4
       3
       8
       1
       3
       5
       5
       4
       5
       2
       3
       2
       1
       7
       6
       3
       4
       2
       3
       4
       4
       0
       0
       3
       5
       2
       3
       3
       5
       4
       3
       3
       6
       5
       3
       9
       3
       8
       2
       0
       6
       3
       6
       5
       4
       2
       6
       2
       2
       3
       4
       3
       4
       4
       5
       4
       4
       2
       5
       2
       2
       3
       4
       0
       0
       3
       4
       2
       4
       4
       5
       5
       3
       2
       3
       4
       3
       6
      10
      18
      55
      77
      58
      11
       1
       1
       2
       2
       2
       3
       3
       1
       3
       2
       3
       2
       2
       2
       5
       5
       4
       0
       4
       4
       2
       3
       0
       2
       2
       1
       6
       2
       2
       1
       1
       2
       1
       0
       4
       2
       1
       2
       7
       2
       0
       4
       2
       3
       2
       0
       1
       3
       3
       1
       3
       0
       2
       1
       3
       4
       2
       0
       2
       2
       0
       0
       1
       2
       2
       3
       1
       0
       0
       1
       3
       1
       1
       2
       0
       1
       0
       1
       1
       1
       0
       1
       1
       5
       2
       5
       0
       1
       1
       0
       1
       2
       0
       2
       2
       0
       0
       1
       0
       1
       1
       2
       1
       0
       1
       1
       3
       2
       1
       1
       1
       1
       0
       1
       3
       0
       1
       0
       0
       2
       0
       0
       2
       0
       1
       2
       0
       2
       0
       0
       1
       1
       0
       1
       2
       2
       0
       1
       0
       3
       0
       0
       0
       1
       0
       2
       1
       1
       0
       0
       2
       2
       2
       0
       1
       3
       0
       2
       2
       0
       2
       4
       1
       0
       0
       1
       3
       3
       0
       1
       1
       2
       3
       1
       3
       5
       1
       0
       2
       3
       0
       1
       0
       1
       3
       1
       1
       0
       0
       0
       0
       2
       2
       0
       1
       0
       2
       2
       0
       1
       2
       1
       0
       0
       3
       0
       2
       0
       0
       0
       0
       0
       1
       1
       2
       0
       0
       3
       0
       1
       0
       0
       2
       0
       2
       2
       0
       0
       0
       1
       0
       0
       4
       0
       3
       1
       1
       0
       1
       1
       0
       3
       9
      28
      74
      75
      71
      26
       7
       0
       0
       0
       1
       1
       2
       1
       0
       2
       0
       0
       0
       3
       1
       1
       0
       0
       1
       1
       1
       0
       0
       0
       1
       1
       0
       2
       1
       0
       0
       2
       1
       0
       1
       0
       0
       0
       1
       1
       1
       0
       1
       1
       1
       0
       1
       0
       0
       0
       0
       1
       1
       0
       2
       0
       0
       0
       0
       1
       0
       0
       0
       3
       0
       0
       1
       0
       0
       0
       2
       0
       0
       0
       0
       1
       0
       0
       1
       0
       0
       0
       0
       0
       0
       0
       0
       1
       0
       0
       0
       0
       1
       0
       0
       0
       0
       2
       0
       1
       0
       1
       0
       0
       1
       0
       0
       1
       1
       0
       1
       0
       0
       1
       0
       0
       3
       0
       1
       0
       0
       1
       0
       1
       0
       0
       1
       0
       1
       1
       0
       1
       0
       0
       0
       0
       0
       0
       0
       0
       0
       1
       0
       0
       0
       0
       0
       0
       0
       1
       0
       1
       0
       0
       1
       1
       0
       0
       0
       1
       1
       1
       1
       0
       0
       0
       0
       1
       1
       0
       0
       1
       0
       1
       0
       0
       0
       0
       0
       2
       2
       1
       0
       0
       0
       1
       0
       1
       0
       0
       0
       1
       0
       0
       1
       1
       0
       1
       0
       0
       1
       1
       1
       1
       0
       1
       3
       0
       1
       4
       1
       0
       0
       0
       0
       0
       0
       0
       1
       1
       0
       1
       2
       1
       1
       0
       0
       0
       0
       0
       1
       0
       0
       0
       0
       2
       0
       1
       0
       0
       0
       0
       1
       2
       0
       0
       0
       1
       0
       0
       0
       0
       0
       1
       0
       0
       0
       2
       0
       0
       0
       0
       0
       0
       1
       4
       8
       5
       3
       4
       5
       1
       0
       1
       0
       0
       0
       2
       0
       0
       1
       2
       1
       0
       0
       0
       1
       1
       0
       1
       1
       2
       0
       0
       0
       1
       0
       0
       0
       1
       0
       0
       0
       1
       1
       1
       1
       1
       1
       0
       1
       0
       0
       1
       0
       0
       0
       0
       0
       0
       0
       1
       0
       0
       0
       0
       0
       0
       0
       0
       0
       0
       0
       0
       0
       1
       0
       1
       0
       0
       0
       0
       0
       1
       0
       0
       1
       0
       0
       0
       0
       0
       0
       2
       0
       0
       1
       1
       0
       0
       1
       0
       0
       0
       0
       0
       1
       0
       0
       0
       0
       0
       0
       0
       1
       0
       0
       0
       0
       0
       0
       0
       0
       0
       0
       0
       0
       0
       0
       0
       0
       0
       0
       0
       0
       0
       0
       0
       0
       0
       0
       0
       0
       0
       0
       0
       0
       0
       0
$ROI:
0
$PRESETS:
None
0
0
$ENER_FIT:
-10.025118 0.801508
$MCA_CAL:
3
-1.002512E+001 8.015075E-001 0.000000E+000 keV
$SHAPE_CAL:
3
0.000000E+000 0.000000E+000 0.000000E+000
