$SPEC_ID:
No sample description was entered.
$SPEC_REM:
DET# 2
DETDESC# ALPHA COUNTER
AP# Maestro Version 7.01
$DATE_MEA:
04/05/2018 20:17:10
$MEAS_TIM:
400 400
$DATA:
0 2047
       0
       0
       0
       0
       0
       0
       0
       0
       0
       0
       0
       0
       0
       0
       0
       0
       0
       0
       0
       0
       0
       0
       0
       2
      55
      48
      49
      47
      36
      66
      46
      40
      54
      53
      47
      45
      40
      40
      54
      45
      49
      49
      41
      46
      40
      40
      44
      58
      37
      51
      44
      41
      37
      41
      40
      43
      45
      43
      32
      40
      40
      49
      40
      51
      41
      31
      38
      26
      39
      50
      36
      27
      42
      38
      33
      43
      44
      35
      31
      42
      29
      47
      44
      43
      41
      39
      41
      36
      38
      28
      38
      77
      67
      65
     102
      46
      33
      36
      42
      30
      32
      30
      43
      49
      46
      37
      66
      51
      39
      46
      48
      49
      35
      32
      50
      26
      48
      30
      36
      35
      38
      37
      45
      53
      30
      31
      34
      26
      40
      43
      34
      25
      33
      49
      39
      38
      44
      43
      43
      30
      37
      36
      26
      33
      42
      36
      30
      39
      34
      25
      39
      36
      48
      32
      26
      42
      29
      35
      34
      30
      38
      32
      36
      37
      37
      53
      32
      42
      44
      35
      40
      35
      37
      49
     138
      90
      36
      39
      51
      41
      34
      40
      44
      42
      61
      58
      55
      46
      55
      46
      47
      48
      43
      58
      57
      49
      47
      45
      60
      43
      50
      33
      47
      66
      40
      58
      46
      56
      53
      49
      32
      50
      37
      49
      30
      38
      39
      39
      45
      50
      46
      38
      34
      37
      47
      38
      32
      26
      43
      46
      35
      47
      40
      43
      45
      48
      45
      58
      48
      48
      39
      32
      37
      32
      39
      38
      27
      31
      32
      23
      28
      28
      29
      31
      27
      32
      36
      27
      27
      27
      23
      25
      19
      23
      29
      34
      27
      18
      25
      28
      34
      26
      23
      25
      31
      27
      35
      30
      26
      28
      19
      20
      26
      24
      22
      35
      26
      27
      25
      24
      26
      21
      23
      24
      22
      22
      19
      28
      26
      19
      17
      23
      17
      27
      34
      21
      20
      20
      21
      17
      15
      19
      10
      20
      19
       9
      21
      19
      17
      18
      24
      16
      21
      23
      23
      14
      20
      19
      15
      21
      13
      12
      17
      12
      20
      14
      13
      10
      14
      14
      17
      18
      11
      20
      13
      12
      12
      11
      12
      10
      11
      16
      16
      15
      18
      17
      14
       9
       7
      14
      17
      13
      13
      13
      18
      11
      10
      14
      17
      17
      12
      14
      19
      15
      15
      13
       8
      14
      12
      25
      11
      12
      22
      12
       7
      11
      12
       6
      14
      13
      11
      18
      14
       9
      13
      18
      13
       8
      15
      11
      10
      17
      11
      10
      14
      14
       9
      11
      14
       9
      18
       9
      15
      12
      21
      21
      21
       8
      18
      21
      14
      19
      25
      93
     753
    1479
     243
      14
       3
       8
       6
       9
      10
      11
       4
      11
       6
       3
       6
       7
       9
      14
      13
       3
      10
      10
      10
       7
       3
      23
       9
       7
       6
      11
       4
       5
       5
       3
       7
       9
       4
       6
      10
       3
       8
      10
      11
       6
       8
       3
      10
       6
       7
      10
       0
       5
       6
       6
       6
       6
       6
      10
       5
       8
       8
       7
       5
       4
       5
      10
       2
       5
       6
      14
      40
     100
      35
       2
       4
       4
       6
       8
       4
       5
       5
       7
       3
       4
       4
       5
       6
       6
      10
       8
       9
       4
       7
       5
       7
       5
       5
       6
       2
      10
       8
      17
     127
     251
      68
       6
       4
       2
       6
       4
       4
       9
       1
       9
       9
       4
       3
       4
       5
       6
       3
       3
       8
       5
       4
       3
       2
       3
       4
       5
       5
       3
       1
       3
       7
       4
       4
      10
       6
       2
       4
       4
       8
       7
       5
       5
       7
       5
       5
       8
       7
       7
       8
       6
       2
       8
       6
       5
       7
       6
       4
       7
       7
       2
       4
       4
       7
       7
       5
       5
       3
       7
       3
       6
       3
       5
       4
       8
       5
       8
       5
       6
       4
       7
       8
       8
       2
       9
       6
       2
      11
       6
       6
       4
       5
       9
       6
       6
       4
       5
       4
       4
       8
       3
       5
      10
       4
       3
       6
       6
       5
       5
       5
       1
       1
       3
       5
       6
       3
       7
       9
       4
       7
       8
       9
       7
       4
       4
       5
       0
       3
       4
       2
       1
       6
       7
       6
       8
       9
      11
       2
       1
       6
       3
       6
       0
       3
       5
       5
       3
       5
       3
       5
       6
       2
       5
       3
       5
       6
       4
       4
       4
       5
       3
       5
       6
       4
       2
       4
       4
       6
       4
       2
       4
       3
       8
       8
       5
       5
       4
       3
       8
       8
       7
       5
       4
       2
       2
       4
       3
       4
      10
       1
       9
       5
       2
       5
       2
       2
       3
       5
       5
       5
      12
       8
       4
       4
       6
       6
       3
       6
       4
       6
       6
       5
       3
       9
       6
       4
       5
       0
       5
       1
       2
       3
       3
       5
       5
       4
       4
       5
       7
       6
       6
       6
       4
       4
       3
       4
       5
       7
       6
       3
       5
       3
       2
       9
       2
       7
       2
       6
       7
       4
       6
       7
       4
      10
       1
       7
       5
       1
       1
       7
       6
       6
       6
       9
       2
       4
       5
       3
       6
       5
       4
       6
       1
       5
       7
       9
       4
       4
       8
       8
       5
      11
       2
       5
       5
       4
       4
       6
       5
       7
       5
       8
       7
       7
       3
       6
       4
       5
       3
       4
       2
       4
       6
       8
       0
       9
       3
       7
       5
       8
      11
       4
       5
       2
       8
       1
       3
       5
       6
       4
       5
       5
       3
       5
       5
       7
       3
       3
       3
       3
       5
       7
       4
       3
       4
       5
       6
       3
       3
       3
       4
       3
       7
       5
       3
       7
       1
       3
       3
       7
       5
       5
       4
       3
       5
       5
       6
       5
       3
       2
       2
       4
       5
       1
       3
       4
      10
       0
       5
       5
       2
       5
      10
       8
       2
       2
       8
       9
       4
       5
       4
       8
       7
      11
       5
       2
       5
       6
       6
       3
       2
       2
       6
       3
       4
       4
       2
       7
       5
       5
       5
       6
       1
       5
       4
       4
       5
       2
       2
       4
       3
       4
       2
       1
       5
       5
       0
       4
       6
       2
       5
       2
       6
       4
       2
       4
       7
       5
       2
       4
       6
       5
       4
       5
       5
       3
       3
       4
       4
       6
       3
       4
       4
       2
       3
       4
       2
       3
       6
       2
       6
       6
       7
       6
       4
       5
       2
       5
       3
       8
       2
       5
       4
       7
       5
       9
       7
       3
       4
       1
       5
       1
       6
       6
       5
       3
       3
       6
       5
       4
       3
       6
       5
       5
       3
       3
       7
       7
       6
       0
       4
       3
       0
       6
       6
       3
       6
       3
       7
       5
       2
       7
       5
       5
       6
      10
      10
      17
      31
      39
       9
       4
       4
       6
       2
       8
       9
       3
       4
       4
       4
       7
       0
       9
       6
       1
       9
       6
       5
       5
       4
       8
       3
       3
       4
       6
      11
       5
       5
       6
       6
       8
       5
       5
       4
       3
       5
       6
       5
      11
       5
       5
       6
       2
       4
       7
       7
       2
       5
       5
       7
       6
       4
       9
       3
       1
       6
       4
       4
       5
       5
       5
       6
       6
       6
       4
       7
      12
       5
       9
       6
       5
       6
       8
       8
       8
       4
       5
       4
      14
       2
       4
       6
       5
       8
       8
       4
       4
       4
       8
       4
       3
       5
       3
       3
       7
       4
       3
       5
       6
       7
       6
       4
       2
       5
       4
       4
       5
       8
       5
       4
       6
       5
       1
       3
       2
       7
       9
       2
       8
       3
       0
       2
       4
       4
       5
       6
       4
       2
       7
       2
       6
       3
       7
       1
       6
       3
       3
       4
       3
       4
       5
       8
       2
       7
       2
       6
       5
       4
       5
       4
       4
       2
       6
       6
       7
       2
       4
       5
       5
       7
       1
       5
       3
       3
       2
       5
       3
       4
       8
       2
       5
       3
       4
       4
       4
       6
       2
       1
       3
       3
       6
       0
       6
       1
       1
       4
       5
       7
       5
       4
       4
       3
       2
       2
       3
       7
       3
       6
       6
       2
       5
       5
       2
       3
       5
       3
       2
       1
       4
       5
       1
       2
       7
       3
       3
       2
       2
       3
       4
       6
       5
       4
       5
       8
       7
       3
       2
       4
       2
       9
       5
       2
       4
       4
       6
       7
       3
       3
       3
       1
       4
       4
       4
       2
       5
       4
       4
      10
       5
       2
       3
       3
       2
       5
       9
       3
       5
       5
       4
       5
       8
       5
       4
       5
       4
       4
       6
       5
       5
       5
       5
       8
       1
       4
       5
       6
       5
       5
       2
       3
       3
       1
       9
       6
       3
       5
       6
       4
       5
       6
       1
       0
       3
       7
       2
       3
       5
      10
       5
       5
       4
       6
       7
       6
       9
       3
       9
       5
       2
       7
       6
       6
       5
       6
       4
       6
       4
       3
       6
       5
       5
       5
       5
       6
       4
       4
       3
       8
       2
       3
       4
       4
       0
       2
       5
       5
       3
       4
       4
       5
       6
       4
       2
       3
       4
       4
       6
      14
      27
      80
     110
      66
      12
       2
       1
       3
       4
       5
       3
       3
       1
       4
       4
       3
       2
       2
       2
       6
       7
       4
       0
       4
       5
       3
       4
       0
       2
       3
       1
       6
       3
       2
       3
       3
       2
       2
       0
       4
       3
       1
       2
       7
       2
       0
       5
       3
       4
       5
       0
       2
       3
       3
       3
       6
       0
       3
       1
       3
       5
       4
       0
       3
       3
       0
       1
       2
       3
       2
       3
       2
       0
       0
       2
       3
       1
       2
       3
       0
       2
       0
       1
       1
       1
       1
       2
       1
       5
       2
       5
       1
       1
       1
       1
       2
       3
       1
       3
       3
       1
       0
       1
       0
       1
       2
       2
       1
       0
       1
       1
       3
       3
       1
       1
       2
       1
       1
       1
       3
       0
       1
       0
       1
       3
       0
       0
       2
       1
       2
       2
       0
       2
       0
       0
       1
       3
       1
       1
       3
       3
       0
       2
       0
       3
       0
       0
       1
       1
       0
       2
       2
       2
       0
       1
       2
       2
       3
       0
       1
       4
       0
       2
       3
       0
       3
       4
       1
       1
       2
       1
       4
       3
       1
       2
       1
       2
       3
       2
       3
       5
       1
       1
       2
       3
       1
       2
       1
       1
       3
       2
       1
       0
       0
       0
       1
       2
       2
       1
       1
       0
       2
       2
       2
       2
       3
       1
       0
       0
       3
       0
       2
       0
       0
       0
       0
       0
       1
       1
       2
       0
       0
       3
       0
       2
       1
       1
       2
       1
       2
       2
       1
       2
       0
       3
       1
       0
       4
       0
       3
       3
       2
       0
       1
       2
       1
       5
      13
      39
      95
     102
     103
      39
       9
       0
       0
       1
       2
       1
       2
       1
       0
       2
       0
       1
       0
       3
       2
       1
       0
       0
       1
       1
       1
       0
       0
       0
       1
       3
       1
       2
       1
       0
       0
       2
       1
       0
       1
       2
       0
       1
       1
       1
       1
       0
       1
       2
       1
       0
       1
       0
       0
       0
       1
       1
       1
       0
       2
       1
       0
       1
       0
       2
       0
       0
       0
       3
       0
       0
       1
       0
       0
       0
       2
       0
       1
       0
       0
       1
       0
       0
       1
       0
       0
       0
       1
       0
       0
       0
       0
       1
       0
       0
       0
       0
       1
       0
       0
       0
       0
       2
       0
       1
       1
       1
       0
       0
       1
       0
       0
       1
       1
       0
       1
       0
       0
       1
       0
       0
       3
       0
       1
       0
       0
       1
       1
       1
       0
       1
       1
       0
       1
       1
       0
       2
       0
       0
       0
       0
       1
       0
       0
       1
       0
       1
       0
       0
       0
       0
       0
       0
       0
       1
       0
       1
       1
       0
       1
       1
       0
       0
       1
       1
       1
       1
       1
       0
       0
       0
       0
       1
       1
       1
       1
       2
       0
       1
       1
       0
       0
       0
       0
       2
       2
       1
       1
       0
       0
       1
       0
       1
       0
       0
       0
       1
       0
       1
       2
       1
       0
       1
       0
       0
       1
       1
       1
       1
       0
       1
       3
       0
       1
       5
       1
       1
       0
       0
       0
       0
       0
       0
       1
       1
       0
       1
       2
       1
       1
       0
       0
       0
       0
       0
       1
       0
       0
       0
       1
       2
       0
       1
       0
       0
       0
       1
       1
       2
       0
       0
       0
       1
       0
       0
       0
       0
       0
       1
       0
       0
       0
       2
       0
       0
       0
       0
       0
       0
       1
       5
       9
      11
       6
       5
       5
       1
       0
       1
       0
       0
       0
       2
       0
       0
       1
       2
       1
       0
       0
       0
       1
       1
       0
       1
       2
       3
       0
       0
       0
       1
       0
       0
       0
       1
       0
       0
       0
       1
       1
       1
       1
       1
       1
       0
       1
       1
       0
       1
       0
       0
       0
       0
       0
       0
       1
       1
       1
       0
       0
       0
       0
       0
       0
       0
       0
       0
       0
       0
       0
       1
       0
       1
       0
       0
       0
       0
       0
       1
       0
       1
       1
       0
       0
       0
       0
       1
       0
       2
       0
       0
       1
       1
       0
       0
       1
       0
       0
       0
       0
       0
       1
       1
       0
       0
       1
       0
       0
       1
       1
       0
       0
       0
       0
       0
       0
       0
       0
       0
       0
       0
       0
       0
       0
       0
       0
       0
       0
       0
       0
       0
       0
       0
       0
       0
       0
       0
       0
       0
       0
       0
       0
       0
       0
$ROI:
0
$PRESETS:
None
0
0
$ENER_FIT:
-10.025118 0.801508
$MCA_CAL:
3
-1.002512E+001 8.015075E-001 0.000000E+000 keV
$SHAPE_CAL:
3
0.000000E+000 0.000000E+000 0.000000E+000
