$SPEC_ID:
No sample description was entered.
$SPEC_REM:
DET# 2
DETDESC# ALPHA COUNTER
AP# Maestro Version 7.01
$DATE_MEA:
04/05/2018 20:44:02
$MEAS_TIM:
380 381
$DATA:
0 2047
       0
       0
       0
       0
       0
       0
       0
       0
       0
       0
       0
       0
       0
       0
       0
       0
       0
       0
       0
       0
       0
       0
       0
       3
      43
      23
      30
      28
      19
      25
      38
      45
      31
      25
      35
      33
      25
      26
      29
      23
      29
      24
      14
      33
      32
      24
      23
      32
      28
      31
      19
      27
      18
      24
      24
      24
      27
      20
      19
      31
      23
      26
      16
      21
      19
      17
      24
      25
      18
      31
      16
      28
      37
      30
      22
      28
      21
      18
      26
      31
      32
      25
      24
      14
      24
      20
      17
      24
      23
      33
      21
      42
      27
      34
      55
      30
      22
      19
      17
      21
      33
      27
      25
      30
      17
      22
      45
      46
      17
      28
      25
      22
      19
      19
      23
      19
      23
      20
      14
      17
      15
      23
      27
      28
      15
      22
      30
      18
      21
      22
      22
      20
      21
      21
      23
      21
      26
      20
      15
      31
      23
      17
      24
      20
      23
      22
      25
      25
      19
      22
      18
      26
      25
      24
      15
      25
      24
      29
      22
      18
      14
      27
      31
      17
      34
      15
      22
      27
      19
      25
      26
      23
      27
      26
      61
      57
      27
      25
      19
      36
      30
      27
      33
      35
      26
      29
      30
      30
      40
      41
      27
      39
      19
      27
      21
      33
      33
      32
      30
      31
      28
      41
      48
      33
      37
      33
      36
      31
      26
      27
      39
      32
      24
      33
      28
      24
      26
      23
      27
      30
      29
      32
      25
      24
      34
      30
      30
      32
      28
      29
      21
      17
      31
      25
      29
      37
      17
      17
      24
      32
      17
      18
      16
      18
      20
      21
      16
      16
      14
      14
      20
      23
      20
      17
      16
      13
      14
      18
      12
       9
      14
      14
      15
      17
      12
      15
      15
      19
      14
      21
      14
      14
      11
      15
      17
      17
      14
      12
      10
      14
       9
      16
       9
      16
      13
      21
      15
       9
      11
      15
      16
      12
      13
      19
      14
       9
      13
      10
       8
       7
      11
      13
      10
      12
      13
      12
       9
      10
       5
      15
      11
      16
       5
      14
      10
      13
      10
       7
      17
       4
       7
      10
       8
      12
      10
       9
       8
      12
      11
       8
       6
      10
       7
      14
       8
      12
       9
       6
       8
      12
       8
       7
      12
      13
      11
       4
       2
       8
       9
      10
       4
       8
      12
       8
       9
       8
       9
      14
       9
      13
       8
       9
       4
       6
      10
       5
      10
       8
      10
       6
       6
      10
       7
      12
       9
       6
       8
       9
      13
       5
       8
       6
      10
       8
       8
       6
       5
       8
       3
       8
       8
       7
       9
       8
       5
       2
      10
      10
       6
      10
       9
      11
       4
       9
       5
      12
       8
       9
       7
       9
       6
      12
      10
      11
       6
      13
       6
       4
       5
       9
       7
       6
      14
      46
     493
     932
     182
       5
       4
       3
       7
       2
       4
       5
       0
       4
       1
       2
       4
       4
       2
       6
       4
       9
       1
       1
       5
       1
       8
       6
       4
       3
       6
       5
       2
       4
       3
       2
       4
       1
       5
       4
       5
       0
       3
       1
       6
       4
       2
       2
       6
       5
       3
       3
       1
       2
       4
       6
       7
       3
       5
       3
       7
       4
       4
       2
       2
       7
       4
       4
       1
       4
       2
       7
      24
      57
      27
       0
       2
       0
       5
       4
       5
       1
       8
       4
       0
       2
       2
       2
       9
       3
       2
       2
       5
       3
       2
       0
       3
       4
       2
       2
       4
       5
       4
      11
      61
     101
      29
       3
       2
       4
       4
       5
       1
       1
       2
       1
       2
       3
       1
       5
       0
       4
       4
       5
       6
       1
       1
       2
       4
       1
       2
       3
       5
       3
       4
       3
       3
       4
       4
       4
       4
       2
       4
       4
       1
       0
       2
       2
       0
       3
       3
       4
       3
       3
       4
       2
       4
       6
       3
       3
       3
       2
       1
       5
       4
       2
       3
       5
       2
       3
       2
       5
       3
       1
       1
       1
       3
       1
       1
       2
       3
       3
       0
       1
       0
       2
       2
       1
       2
       3
       5
       3
       1
       1
       2
       1
       4
       3
       3
       3
       4
       3
       3
       2
       2
       2
       0
       0
       4
       3
       1
       5
       1
       1
       3
       2
       4
       0
       4
       3
       1
       3
       6
       8
       8
       2
       5
       1
       5
       0
       2
       1
       3
       3
       1
       0
       3
       1
       2
       0
       2
       3
       1
       2
       2
       2
       2
       1
       2
       0
       0
       2
       2
       2
       3
       4
       1
       4
       1
       2
       3
       5
       1
       1
       6
       1
       5
       2
       6
       2
       3
       3
       1
       4
       3
       1
       2
       3
       1
       0
       5
       1
       3
       4
       2
       1
       3
       3
       0
       0
       3
       5
       1
       3
       0
       2
       1
       3
       6
       1
       1
       2
       2
       1
       3
       3
       3
       7
       3
       2
       1
       2
       2
       2
       3
       4
       2
       1
       1
       3
       2
       4
       3
       1
       3
       3
       0
       1
       1
       2
       2
       2
       3
       2
       1
       4
       5
       0
       4
       2
       5
       5
       3
       2
       2
       1
       4
       4
       4
       4
       4
       3
       1
       1
       3
       2
       2
       1
       4
       3
       0
       5
       6
       7
       1
       4
       0
       1
       2
       0
       5
       3
       1
       0
       1
       5
       1
       2
       0
       5
       3
       2
       2
       2
       4
       2
       1
       2
       1
       5
       3
       3
       0
       2
       1
       3
       3
       2
       2
       1
       2
       3
       2
       2
       0
       4
       2
       3
       5
       4
       5
       3
       2
       1
       1
       3
       1
       3
       0
       4
       3
       2
       2
       2
       0
       4
       4
       1
       3
       2
       1
       4
       3
       2
       0
       1
       5
       1
       1
       3
       2
       4
       0
       3
       2
       2
       4
       2
       3
       6
       3
       5
       3
       2
       2
       0
       2
       3
       4
       2
       3
       3
       3
       1
       1
       0
       1
       0
       3
       6
       1
       1
       2
       2
       4
       3
       2
       0
       1
       3
       2
       4
       2
       2
       0
       5
       0
       1
       2
       2
       2
       4
       3
       0
       2
       3
       2
       2
       2
       1
       4
       1
       1
       1
       2
       2
       0
       0
       3
       7
       3
       0
       1
       1
       3
       2
       2
       1
       3
       5
       2
       6
       2
       2
       4
       4
       0
       2
       4
       3
       2
       1
       2
       2
       2
       1
       1
       6
       4
       3
       1
       0
       2
       3
       0
       1
       1
       4
       4
       1
       1
       4
       1
       1
       1
       2
       3
       3
       7
       3
       0
       4
       3
       2
       2
       2
       2
       2
       1
       3
       2
       1
       4
       1
       4
       2
       0
       3
       2
       3
       2
       3
       0
       2
       3
       3
       1
       1
       3
       2
       2
       2
       4
       1
       4
       1
       2
       3
       3
       1
       0
       2
       0
       0
       4
       2
       2
       1
       1
       3
       0
       6
       5
      19
       9
       7
       2
       2
       1
       1
       1
       2
       2
       6
       3
       2
       2
       2
       3
       2
       1
       3
       2
       2
       1
       1
       1
       4
       3
       0
       6
       1
       4
       2
       4
       2
       5
       4
       2
       1
       2
       1
       4
       2
       3
       2
       5
       1
       2
       3
       0
       5
       4
       1
       0
       3
       3
       2
       1
       2
       2
       1
       4
       1
       2
       4
       3
       3
       3
       3
       2
       2
       1
       3
       1
       4
       5
       4
       3
       0
       1
       3
       2
       4
       3
       5
       1
       2
       3
       2
       2
       2
       3
       1
       1
       5
       3
       2
       3
       3
       2
       0
       1
       1
       0
       2
       2
       2
       0
       2
       1
       2
       0
       1
       3
       1
       1
       1
       2
       5
       4
       3
       2
       1
       3
       2
       2
       2
       2
       2
       1
       0
       2
       3
       3
       3
       1
       2
       2
       0
       3
       0
       0
       5
       3
       2
       3
       1
       3
       2
       1
       1
       6
       2
       3
       3
       2
       5
       3
       1
       3
       2
       2
       2
       1
       2
       1
       1
       2
       3
       2
       1
       1
       5
       1
       1
       1
       2
       1
       3
       0
       0
       0
       2
       3
       0
       4
       3
       2
       2
       0
       0
       4
       3
       1
       4
       0
       2
       2
       1
       3
       3
       1
       1
       3
       1
       1
       2
       2
       0
       1
       5
       5
       4
       2
       3
       4
       0
       0
       4
       2
       2
       1
       5
       3
       1
       1
       3
       2
       2
       1
       3
       1
       1
       0
       2
       2
       5
       2
       1
       2
       4
       1
       1
       2
       1
       1
       4
       4
       3
       2
       2
       3
       3
       5
       3
       3
       2
       1
       1
       2
       2
       6
       1
       4
       4
       2
       0
       2
       3
       4
       1
       4
       1
       4
       2
       5
       1
       1
       2
       1
       0
       3
       3
       3
       1
       3
       3
       4
       3
       1
       1
       1
       1
       4
       3
       1
       3
       1
       2
       1
       2
       4
       3
       3
       1
       1
       0
       2
       3
       0
       1
       1
       3
       4
       0
       0
       1
       2
       1
       3
       6
       0
       1
       3
       3
       3
       2
       1
       1
       2
       1
       1
       4
       3
       2
       0
       0
       2
       1
       1
       1
       1
       2
       2
       4
       2
       5
       2
       2
       5
       3
       3
       6
      20
      37
      38
      27
       8
       2
       1
       1
       3
       0
       1
       1
       2
       0
       4
       1
       1
       1
       1
       2
       1
       1
       0
       0
       1
       1
       1
       1
       1
       1
       0
       2
       0
       0
       1
       1
       2
       2
       2
       0
       1
       1
       3
       1
       1
       1
       2
       1
       0
       2
       2
       1
       4
       0
       0
       1
       0
       0
       0
       1
       1
       0
       1
       0
       1
       2
       0
       1
       1
       0
       2
       2
       3
       3
       1
       1
       0
       2
       0
       1
       0
       1
       1
       1
       0
       0
       0
       0
       1
       1
       1
       2
       0
       0
       0
       1
       1
       2
       3
       1
       0
       0
       0
       0
       1
       1
       1
       0
       0
       2
       3
       1
       1
       1
       1
       2
       0
       0
       1
       1
       0
       1
       0
       0
       0
       2
       3
       1
       0
       0
       0
       1
       0
       0
       0
       1
       3
       0
       0
       0
       1
       1
       2
       0
       0
       0
       0
       0
       0
       0
       0
       0
       1
       0
       2
       2
       0
       1
       1
       1
       1
       1
       1
       0
       0
       0
       0
       1
       1
       1
       0
       0
       0
       0
       1
       0
       2
       2
       0
       1
       0
       1
       0
       2
       1
       0
       2
       0
       0
       1
       0
       0
       1
       1
       0
       0
       0
       2
       2
       0
       0
       1
       0
       1
       2
       0
       1
       0
       0
       0
       1
       2
       0
       0
       2
       1
       4
       2
       0
       1
       1
       1
       1
       0
       0
       0
       0
       2
       0
       1
       0
       0
       0
       0
       0
       3
       3
       0
       0
       0
       0
       3
       2
       0
       0
       0
       1
       4
      13
      32
      48
      35
      11
       3
       0
       2
       0
       1
       0
       1
       0
       0
       1
       0
       0
       1
       0
       0
       0
       1
       0
       0
       0
       0
       1
       0
       0
       0
       0
       0
       1
       2
       0
       1
       0
       1
       0
       1
       0
       1
       0
       0
       0
       0
       0
       0
       1
       0
       0
       0
       0
       0
       0
       1
       0
       0
       0
       0
       0
       0
       1
       1
       0
       0
       0
       2
       1
       0
       1
       0
       0
       0
       0
       0
       0
       0
       1
       0
       0
       0
       0
       0
       1
       0
       0
       1
       0
       1
       0
       0
       0
       0
       2
       0
       1
       0
       0
       1
       0
       1
       2
       0
       1
       1
       0
       0
       0
       0
       0
       0
       1
       0
       0
       1
       0
       0
       0
       1
       0
       2
       0
       2
       0
       0
       0
       0
       0
       0
       0
       0
       1
       0
       1
       0
       1
       0
       0
       0
       0
       0
       0
       0
       0
       1
       0
       0
       1
       0
       0
       1
       0
       0
       0
       1
       0
       1
       0
       0
       0
       0
       0
       0
       1
       0
       0
       0
       0
       1
       0
       0
       0
       0
       0
       0
       0
       1
       0
       1
       0
       0
       0
       0
       1
       0
       0
       0
       0
       0
       1
       0
       2
       2
       0
       0
       0
       0
       0
       0
       1
       2
       0
       0
       0
       1
       0
       0
       1
       0
       0
       0
       1
       2
       3
       1
       0
       0
       0
       1
       1
       0
       0
       1
       1
       0
       1
       0
       1
       0
       1
       0
       0
       0
       1
       1
       0
       0
       0
       0
       0
       0
       0
       0
       0
       0
       2
       0
       0
       1
       0
       0
       0
       0
       0
       0
       0
       0
       0
       0
       0
       0
       0
       0
       1
       0
       0
       0
       0
       0
       1
       1
       4
       8
       3
       3
       2
       1
       0
       0
       0
       0
       0
       0
       1
       0
       0
       1
       0
       0
       0
       0
       0
       0
       0
       0
       0
       1
       0
       0
       1
       0
       0
       0
       0
       0
       0
       0
       0
       0
       0
       0
       0
       0
       0
       0
       0
       0
       1
       0
       0
       0
       0
       0
       0
       0
       0
       0
       0
       0
       0
       0
       0
       0
       0
       0
       0
       0
       1
       0
       0
       0
       0
       0
       0
       0
       0
       1
       0
       0
       0
       0
       1
       0
       0
       0
       0
       0
       0
       1
       0
       1
       0
       0
       0
       0
       0
       0
       0
       2
       0
       0
       1
       0
       0
       0
       0
       0
       0
       1
       0
       2
       0
       0
       0
       0
       0
       0
       0
       0
       0
       0
       0
       0
       0
       0
       0
       0
       0
       0
       0
       0
       0
       0
       0
       0
       0
       0
       0
       0
       0
       0
       0
       0
$ROI:
0
$PRESETS:
None
0
0
$ENER_FIT:
-10.025118 0.801508
$MCA_CAL:
3
-1.002512E+001 8.015075E-001 0.000000E+000 keV
$SHAPE_CAL:
3
0.000000E+000 0.000000E+000 0.000000E+000
