$SPEC_ID:
No sample description was entered.
$SPEC_REM:
DET# 2
DETDESC# ALPHA COUNTER
AP# Maestro Version 7.01
$DATE_MEA:
04/05/2018 21:17:33
$MEAS_TIM:
400 400
$DATA:
0 2047
       0
       0
       0
       0
       0
       0
       0
       0
       0
       0
       0
       0
       0
       0
       0
       0
       0
       0
       0
       0
       0
       0
       0
       3
      54
      39
      45
      25
      34
      37
      38
      38
      44
      40
      32
      30
      47
      39
      36
      33
      25
      26
      23
      24
      25
      33
      34
      33
      28
      27
      32
      29
      30
      31
      25
      16
      26
      34
      27
      31
      25
      22
      34
      23
      27
      31
      33
      29
      32
      29
      24
      33
      16
      23
      25
      35
      40
      28
      19
      33
      27
      28
      26
      35
      31
      27
      32
      25
      26
      24
      27
      57
      36
      32
      92
      37
      32
      24
      23
      21
      25
      25
      25
      23
      39
      26
      57
      51
      19
      32
      43
      26
      20
      19
      29
      25
      18
      20
       9
      23
      24
      20
      24
      28
      26
      21
      21
      23
      21
      21
      32
      19
      20
      30
      22
      29
      28
      32
      32
      23
      19
      25
      19
      34
      22
      22
      26
      26
      25
      25
      28
      23
      32
      24
      23
      24
      21
      24
      21
      27
      27
      22
      37
      33
      22
      27
      19
      24
      26
      19
      23
      26
      30
      35
      84
      51
      15
      31
      24
      35
      21
      27
      34
      38
      27
      32
      44
      36
      37
      36
      35
      45
      31
      25
      25
      35
      36
      36
      29
      47
      29
      27
      36
      40
      31
      37
      47
      22
      34
      50
      31
      28
      22
      28
      36
      32
      26
      35
      25
      32
      20
      40
      33
      29
      37
      24
      18
      21
      26
      31
      37
      35
      29
      30
      44
      26
      28
      26
      34
      28
      27
      27
      26
      22
      21
      24
      26
      27
      22
      20
      19
      23
      25
      26
      16
      22
      16
      16
      21
      18
      21
      21
      14
      23
      18
      17
      13
      15
      17
      28
      18
       8
      18
      18
      18
      24
      19
      16
      18
      18
      18
      13
      17
      13
      17
       4
      12
      14
      14
      15
      10
      15
      22
      12
      17
      16
      11
      17
      16
      18
      11
      15
      16
      21
      24
      16
      12
      12
       9
      15
      12
      15
       8
      10
      14
      12
      10
      18
      18
       5
      16
      11
      11
      10
       8
      13
       8
       5
      10
       8
      11
      13
      14
      12
      23
       4
       7
      10
      10
      12
       5
       7
       7
       4
      12
      11
       9
      11
      16
      11
      14
       4
      12
      10
       9
       9
       9
      12
      11
       9
       7
       5
       7
       6
       6
      15
      15
      10
      13
      20
       9
       6
      12
      10
      11
      10
       4
       6
       9
       6
       7
      13
      13
      11
      15
       9
      14
       7
       9
       8
       8
       9
      12
      12
       7
      18
       8
       8
      10
      14
       5
       7
       9
       4
       8
       6
       7
      13
       7
      12
      11
      10
      11
       7
       8
       5
      12
       9
       5
       7
      13
      18
      16
      58
     619
    1219
     223
       3
       3
       6
       6
       6
       3
       5
       5
       4
       6
       3
       3
       4
       2
       4
       5
       4
       3
       8
       4
       7
       6
       8
       6
       5
       3
       3
       5
       6
       3
       5
       0
       4
       2
       3
       0
       2
       4
       1
       1
       2
       4
       3
       3
       2
       4
       2
       5
       2
       1
       3
       1
       2
       3
       3
       5
       5
       3
       0
       5
       5
       6
       5
       3
       3
       5
       5
      28
      60
      26
       6
       6
       6
       2
       0
       6
       5
       3
       5
       4
       7
       2
       3
       4
       4
       3
       3
       3
       6
       1
       5
       1
       1
       2
       4
       5
       1
       1
       8
      54
     130
      32
       6
       4
       3
       2
       3
       0
       1
       3
       2
       1
       3
       4
       1
       0
       3
       4
       2
       3
       2
       2
       1
       5
       2
       2
       3
       1
       2
       3
       4
       1
       3
       2
       0
       0
       3
       3
       4
       0
       2
       2
       4
       3
       0
       1
       3
       1
       1
       2
       2
       2
       5
       4
       4
       4
       3
       4
       7
       2
       1
       6
       1
       1
       0
       5
       2
       3
       6
       3
       3
       0
       4
       3
       3
       3
       2
       2
       3
       1
       4
       1
       2
       2
       8
       3
       2
       1
       6
       1
       2
       2
       0
       2
       1
       1
       1
       0
       2
       3
       3
       5
       2
       3
       1
       3
       3
       1
       4
       1
       1
       1
       2
       3
       1
       4
       2
       1
       1
       5
       6
       4
       3
       2
       1
       3
       0
       2
       4
       4
       6
       1
       1
       3
       3
       4
       3
       6
       1
       1
       2
       0
       7
       4
       3
       1
       4
       2
       4
       3
       3
       2
       0
       2
       4
       4
       2
       1
       3
       4
       1
       2
       2
       3
       4
       0
       0
       4
       7
       4
       5
       3
       0
       4
       3
       2
       5
       2
       3
       1
       2
       3
       2
       2
       4
       4
       3
       3
       4
       3
       3
       0
       8
       6
       3
       3
       6
       2
       2
       2
       2
       2
       3
       2
       7
       2
       2
       0
       4
       1
       3
       2
       4
       3
       1
       2
       2
       1
       0
       2
       1
       3
       3
       4
       2
       4
       5
       3
       4
       3
       2
       0
       2
       3
       2
       3
       3
       5
       1
       3
       2
       5
       0
       0
       4
       5
       4
       3
       1
       3
       4
       2
       2
       1
       4
       1
       2
       1
       5
       4
       1
       3
       2
       3
       1
       4
       3
       0
       1
       0
       3
       1
       1
       4
       1
       6
       1
       2
       3
       1
       0
       0
       2
       0
       0
       3
       2
       3
       3
       3
       4
       2
       1
       3
       3
       0
       3
       2
       2
       1
       2
       3
       2
       2
       1
       1
       1
       0
       3
       2
       2
       5
       1
       1
       0
       2
       1
       6
       1
       0
       2
       2
       3
       2
       2
       3
       3
       2
       1
       0
       1
       2
       1
       3
       2
       2
       1
       4
       2
       3
       2
       2
       0
       2
       3
       1
       2
       3
       4
       4
       2
       0
       2
       0
       4
       1
       2
       2
       5
       3
       5
       2
       0
       6
       2
       1
       1
       6
       4
       5
       1
       3
       6
       1
       2
       1
       1
       2
       2
       1
       1
       3
       3
       1
       1
       0
       7
       1
       5
       2
       0
       0
       3
       3
       1
       3
       1
       6
       1
       2
       1
       1
       3
       2
       1
       2
       0
       1
       1
       1
      10
       4
       5
       4
       2
       7
       2
       6
       2
       4
       1
       0
       4
       1
       2
       3
       2
       1
       6
       1
       2
       2
       5
       0
       1
       2
       3
       2
       1
       1
       1
       1
       3
       0
       1
       0
       4
       1
       2
       2
       4
       1
       2
       2
       3
       4
       4
       2
       1
       1
       1
       2
       3
       0
       0
       2
       2
       0
       1
       1
       1
       1
       1
       5
       1
       3
       4
       3
       0
       0
       2
       2
       2
       3
       4
       2
       1
       5
       2
       0
       3
       1
       1
       5
       1
       2
       3
       3
       1
       3
       2
       5
       6
       4
       1
       3
       6
       5
      18
      14
       4
       4
       3
       1
       1
       3
       4
       5
       3
       3
       3
       1
       4
       3
       2
       4
       2
       5
       2
       1
       4
       3
       4
       3
       1
       4
       6
       3
       3
       1
       2
       5
       1
       4
       1
       3
       2
       0
       6
       4
       3
       3
       4
       1
       4
       2
       0
       4
       5
       2
       3
       6
       5
       1
       4
       3
       4
       3
       5
       3
       1
       1
       4
       4
       3
       6
       4
       3
       2
       3
       4
       4
       5
       1
       2
       4
       6
       5
       3
       5
       3
       5
       3
       0
       5
       4
       1
       4
       5
       3
       2
       5
       2
       1
       3
       4
       2
       1
       1
       6
       4
       7
       4
       1
       3
       0
       3
       5
       3
       4
       0
       3
       3
       3
       2
       2
       3
       2
       2
       1
       3
       3
       2
       6
       1
       1
       1
       2
       2
       2
       1
       2
       2
       3
       5
       4
       0
       2
       1
       1
       1
       2
       3
       2
       1
       4
       0
       3
       0
       3
       1
       2
       2
       4
       0
       0
       5
       1
       2
       1
       1
       1
       0
       0
       0
       0
       2
       1
       3
       1
       2
       1
       3
       1
       7
       2
       0
       3
       0
       0
       3
       2
       5
       1
       2
       3
       2
       2
       4
       1
       4
       1
       2
       3
       5
       1
       3
       2
       0
       2
       3
       1
       1
       2
       3
       4
       1
       2
       1
       3
       0
       3
       4
       2
       2
       1
       0
       1
       5
       2
       0
       0
       2
       1
       5
       2
       0
       4
       2
       3
       2
       3
       2
       2
       2
       3
       2
       2
       3
       0
       3
       4
       1
       2
       0
       1
       1
       0
       1
       1
       2
       1
       2
       3
       4
       2
       1
       3
       3
       3
       2
       4
       3
       1
       2
       5
       0
       2
       0
       0
       2
       4
       4
       3
       4
       0
       2
       4
       3
       4
       4
       2
       1
       1
       3
       1
       0
       5
       3
       2
       2
       1
       1
       4
       4
       1
       4
       3
       4
       4
       0
       1
       1
       3
       3
       4
       3
       3
       2
       2
       4
       3
       1
       0
       2
       4
       5
       4
       3
       3
       0
       3
       4
       2
       5
       1
       3
       4
       3
       1
       1
       2
       1
       4
       0
       1
       3
       2
       3
       0
       2
       4
       1
       4
       0
       1
       4
       2
       8
      12
      48
      44
      35
       5
       2
       3
       0
       0
       0
       1
       1
       4
       1
       2
       1
       0
       1
       1
       1
       0
       2
       2
       0
       1
       0
       1
       3
       2
       2
       2
       0
       4
       0
       3
       4
       1
       0
       1
       2
       0
       2
       0
       1
       0
       2
       1
       1
       3
       1
       2
       0
       0
       1
       0
       2
       1
       1
       1
       1
       1
       0
       2
       0
       1
       1
       1
       0
       2
       0
       1
       0
       0
       0
       0
       0
       0
       1
       0
       0
       1
       0
       1
       0
       2
       0
       2
       0
       0
       1
       1
       0
       0
       0
       0
       3
       0
       3
       0
       1
       2
       0
       1
       0
       3
       0
       2
       1
       1
       1
       1
       2
       2
       2
       0
       1
       1
       2
       0
       1
       0
       0
       0
       0
       0
       1
       0
       1
       1
       2
       1
       0
       1
       1
       1
       0
       0
       0
       0
       0
       1
       0
       3
       2
       0
       2
       1
       0
       0
       0
       0
       1
       0
       4
       0
       0
       0
       0
       0
       0
       1
       0
       1
       0
       1
       0
       0
       0
       0
       1
       1
       1
       0
       4
       0
       0
       0
       0
       0
       2
       0
       4
       1
       1
       0
       1
       1
       0
       0
       0
       1
       2
       1
       0
       0
       0
       1
       0
       0
       3
       1
       0
       3
       0
       0
       0
       0
       3
       1
       0
       2
       0
       1
       0
       0
       1
       1
       1
       0
       0
       0
       0
       1
       1
       5
       0
       1
       1
       1
       0
       1
       2
       1
       0
       1
       0
       1
       2
       2
       0
       0
       2
       1
       1
       1
       2
       4
       5
      11
      34
      64
      42
      15
       5
       1
       0
       0
       1
       1
       0
       1
       0
       0
       0
       0
       0
       0
       1
       0
       1
       0
       0
       0
       1
       0
       0
       0
       0
       0
       0
       1
       0
       1
       0
       3
       0
       0
       0
       1
       0
       0
       0
       0
       0
       1
       0
       0
       2
       0
       1
       1
       0
       0
       0
       1
       1
       0
       0
       0
       0
       1
       1
       0
       1
       0
       2
       0
       0
       0
       0
       1
       0
       0
       0
       1
       0
       0
       0
       0
       0
       0
       0
       0
       0
       1
       0
       1
       1
       0
       1
       1
       0
       0
       0
       0
       1
       0
       0
       1
       2
       0
       0
       0
       0
       1
       0
       1
       1
       0
       0
       0
       0
       0
       1
       0
       1
       0
       0
       0
       0
       1
       1
       0
       0
       0
       0
       0
       0
       0
       0
       0
       1
       0
       0
       2
       0
       1
       0
       1
       0
       0
       0
       1
       0
       1
       0
       0
       0
       1
       0
       0
       0
       1
       0
       0
       0
       0
       0
       0
       0
       1
       1
       1
       0
       0
       0
       0
       0
       0
       0
       1
       0
       0
       0
       1
       0
       0
       1
       1
       0
       0
       1
       0
       1
       0
       0
       0
       2
       1
       0
       0
       0
       0
       0
       0
       0
       1
       0
       0
       1
       0
       0
       0
       0
       0
       0
       1
       0
       1
       2
       1
       1
       4
       1
       1
       0
       1
       0
       0
       0
       0
       0
       1
       0
       0
       0
       0
       0
       0
       0
       0
       0
       1
       0
       0
       0
       1
       0
       1
       1
       0
       1
       0
       0
       0
       0
       0
       0
       0
       0
       0
       0
       0
       1
       0
       0
       0
       0
       0
       0
       0
       2
       0
       0
       0
       0
       0
       2
       0
       4
       3
       3
       2
       1
       0
       1
       0
       0
       0
       0
       0
       0
       0
       0
       0
       0
       0
       0
       0
       0
       0
       0
       0
       0
       0
       0
       0
       0
       0
       1
       1
       1
       0
       0
       0
       0
       0
       1
       1
       0
       0
       0
       0
       0
       0
       0
       0
       0
       0
       0
       0
       0
       0
       0
       0
       1
       0
       0
       0
       0
       0
       1
       0
       0
       0
       0
       0
       0
       0
       0
       1
       0
       0
       0
       0
       0
       0
       0
       0
       0
       0
       0
       0
       0
       0
       1
       0
       1
       0
       1
       1
       0
       0
       0
       0
       1
       0
       0
       0
       1
       0
       1
       0
       0
       0
       0
       0
       0
       0
       1
       0
       0
       0
       0
       0
       0
       0
       0
       0
       0
       0
       0
       0
       0
       0
       0
       0
       0
       0
       0
       0
       0
       0
       0
       0
       0
       0
       0
       0
       0
       0
       0
$ROI:
0
$PRESETS:
None
0
0
$ENER_FIT:
-10.025118 0.801508
$MCA_CAL:
3
-1.002512E+001 8.015075E-001 0.000000E+000 keV
$SHAPE_CAL:
3
0.000000E+000 0.000000E+000 0.000000E+000
