$SPEC_ID:
No sample description was entered.
$SPEC_REM:
DET# 2
DETDESC# ALPHA COUNTER
AP# Maestro Version 7.01
$DATE_MEA:
04/05/2018 20:35:26
$MEAS_TIM:
399 400
$DATA:
0 2047
       0
       0
       0
       0
       0
       0
       0
       0
       0
       0
       0
       0
       0
       0
       0
       0
       0
       0
       0
       0
       0
       0
       0
       2
      38
      43
      59
      47
      31
      36
      37
      45
      49
      39
      28
      46
      34
      33
      35
      33
      37
      39
      25
      47
      37
      29
      42
      41
      41
      44
      45
      31
      34
      26
      23
      26
      42
      28
      28
      46
      32
      44
      31
      34
      27
      30
      29
      28
      38
      37
      28
      22
      34
      35
      32
      26
      33
      28
      37
      31
      31
      40
      29
      32
      35
      25
      29
      37
      35
      35
      49
      58
      33
      45
      94
      43
      38
      37
      31
      25
      20
      30
      30
      25
      26
      27
      62
      29
      27
      35
      35
      31
      28
      27
      31
      22
      27
      35
      26
      32
      38
      32
      38
      30
      29
      25
      30
      21
      34
      19
      22
      30
      22
      24
      25
      31
      29
      31
      29
      43
      33
      35
      30
      35
      38
      19
      26
      34
      30
      26
      36
      30
      30
      35
      31
      24
      25
      27
      23
      22
      24
      31
      29
      30
      23
      29
      26
      24
      35
      29
      38
      33
      28
      37
     146
      67
      37
      21
      34
      38
      19
      35
      36
      35
      32
      44
      26
      40
      49
      41
      52
      42
      49
      45
      48
      37
      34
      47
      43
      29
      35
      47
      45
      47
      44
      43
      39
      38
      41
      33
      43
      29
      43
      36
      46
      31
      44
      29
      20
      31
      35
      29
      26
      32
      36
      34
      42
      35
      32
      39
      36
      29
      34
      41
      43
      45
      34
      30
      37
      36
      26
      28
      36
      35
      19
      17
      31
      29
      23
      11
      26
      24
      28
      18
      31
      16
      25
      14
      27
      17
      14
      22
      18
      25
      19
      25
      19
      22
      17
      20
      27
      21
      23
      20
      35
      28
      12
      24
      23
      22
      25
      28
      13
      31
      15
      17
      21
      14
      20
      17
      21
      18
      18
      19
      15
      13
      18
      19
      28
      15
      16
      20
      18
      15
      17
      17
      21
      16
      16
      11
      16
      16
      24
      15
      11
      17
      22
      13
      19
      13
      16
      12
      17
      22
      19
       7
      18
      22
      18
      14
      16
      17
       9
      16
      15
      14
      18
       8
       9
      12
      19
       6
      15
      16
      12
       8
      13
      12
      10
       7
      17
       9
      18
      14
      10
      14
      10
      15
      10
      15
       9
       5
      15
      10
      12
       9
       8
      12
       6
      17
      16
      11
       8
       7
       5
      13
      10
      12
       9
      11
      12
      12
      17
      16
      10
       8
       6
       9
       7
       5
      13
      13
      10
      11
      11
      10
      13
      11
       8
      12
       8
       8
       9
      13
      10
       8
      12
       9
      12
      15
      10
      11
      14
      10
       6
      12
      11
      13
      10
      20
      14
      17
      18
      59
     599
    1204
     216
      10
       5
       3
       4
       4
       8
      10
       7
       5
       5
       3
       5
       5
       4
       4
       4
       8
       8
       4
       7
       3
       4
       8
       9
       8
       6
       3
       5
       8
       4
       7
       1
       9
      10
       5
       3
       6
       4
       4
       5
       3
       6
       7
       5
       4
       4
       6
       3
       6
       7
       7
       3
       4
       7
       8
       4
       2
       3
       6
       4
       6
       3
       3
       3
       7
       4
       8
      34
      80
      32
       6
       2
       4
       9
       4
       8
       7
       4
       7
       4
       7
       7
       8
       7
       3
       3
       4
       7
       3
       4
       4
       4
       5
       5
       2
       2
       9
       9
       9
      76
     184
      39
       4
       1
       4
       1
       5
       3
       2
       3
       2
       1
       4
       2
       5
       6
       4
       3
       3
       6
       5
       2
       4
       4
       2
       5
       3
       2
       3
       3
       1
       2
       5
       5
       2
       2
       3
       5
       2
       4
       2
       6
       5
       7
       3
       8
       3
       3
       4
       5
       4
       1
       2
       4
       0
       2
       4
       2
       3
       7
       4
       1
       2
       6
       8
       4
       2
       0
       6
       2
       7
       2
       6
       4
       5
       4
       3
       2
       3
       3
       2
       4
       1
       3
       5
       5
       5
       6
       5
       2
       3
       8
       2
       3
       1
       2
       5
       4
       5
       2
       3
       2
       4
       7
       4
       2
       2
       4
       2
       6
       5
       4
       7
       2
       6
       7
       2
       5
      10
       4
       2
       6
       5
       1
       1
       7
       0
       2
       5
       4
       4
       2
       8
       1
       0
       4
       4
       4
       3
       3
       1
       1
       3
       4
       5
       7
       5
       5
       4
       1
       5
       1
       1
       2
       2
       5
       2
       4
       1
       2
       3
       1
       4
       8
       4
       2
       3
       1
       3
       5
       5
       4
       3
       2
       1
       6
       4
       5
       6
       6
       3
       2
       4
       4
       7
       3
       3
       3
       5
       2
       2
       5
       2
       8
       0
       4
       6
       3
       3
       1
       8
       4
       5
       5
       5
       1
       2
       4
       1
       8
       5
       4
       2
       3
       4
       2
       3
       3
       9
       7
       5
       2
       5
       4
       1
       0
       3
       2
       2
       4
       6
       3
       2
       3
       7
       7
       2
       4
       2
       6
       4
       7
       3
       6
       3
       4
       3
       6
       1
       7
       6
       4
       2
       3
       0
       4
       5
       3
       2
       2
       5
       5
       2
       2
       3
       3
       3
       2
       5
       3
       6
       1
       5
       4
       4
       2
       4
       1
       3
       2
       8
       4
       2
       0
       4
       4
       0
       5
       3
       3
       5
       3
       6
       1
       1
       2
       4
       7
       7
       4
       5
       2
       5
       1
       2
       4
       4
       3
       5
       3
       2
       2
       5
       5
       5
       4
       6
       0
       1
       2
       2
       6
       3
       2
       8
       4
       1
       2
       3
       2
       5
       4
       1
       0
       3
       4
       1
       5
       2
       3
       7
       5
       2
       5
       3
       3
       3
       6
       1
       2
       3
       2
       3
       6
       3
       4
       3
       4
       4
       2
       0
       2
       4
       2
       2
       4
       5
       3
       2
       2
       6
       3
       4
       4
       5
       2
       1
       2
       2
       4
       2
       4
       5
       1
       6
       5
       4
       2
       1
       2
       5
       1
       4
       6
       3
       5
       3
       1
       4
       1
       5
       4
       4
       6
       5
       1
       4
       5
       3
       2
       2
       7
       5
       3
       2
       4
       6
       5
       5
       3
       5
       2
       8
       1
       2
       4
       4
       6
       2
       1
       1
       4
       3
       4
       2
       3
       1
       2
       2
       5
       3
       7
       5
       7
       2
       6
       1
       5
       6
       2
       5
       3
       6
       3
       3
       2
       2
       4
       2
       3
       3
       5
       8
       3
       3
       4
       5
       4
       4
       7
       1
       6
       3
       2
       3
       6
       4
       4
       3
       1
       6
       5
       5
       6
       4
       1
       4
       3
       2
       4
       7
       2
       3
       5
       6
       2
       7
       5
       6
       2
       2
       5
       2
       6
       4
       5
       6
      15
      40
      20
      10
       4
       2
       5
       8
       2
       3
       3
       5
       4
       8
       3
       1
       8
       3
       7
       7
       2
       4
       3
       4
       5
       4
       5
       3
       3
       8
       4
       5
       6
       5
       6
       6
       6
       3
      10
       7
       4
       2
       2
       7
       4
       5
       6
       4
       2
       6
       5
       1
       6
       4
       4
       5
       4
       6
       5
       1
       2
       3
       6
       2
       2
       4
       7
       6
       3
       4
       2
       3
       5
       4
       8
       5
       5
       5
       3
       5
       7
       6
       6
       6
       1
       4
       1
       9
       6
       5
       5
       6
       4
       2
       5
       5
       2
       1
       3
       4
       4
       6
       3
       0
       4
       3
       3
       6
       2
       1
       4
       8
       2
       2
       4
       4
       5
       7
       2
       1
       5
       1
       2
       1
       2
       1
       3
       3
       2
       2
       6
       1
       1
       3
       3
       3
       2
       2
       3
       5
       6
       1
       4
       6
       6
       4
       6
       2
       3
       1
       6
       2
       4
       3
       3
       6
       2
       3
       7
       2
       3
       5
       2
       1
       0
       4
       1
       4
       8
       3
       3
       2
       0
       3
       5
       5
       2
       2
       3
       2
       4
       2
       1
       2
       6
       6
       4
       2
       1
       1
       2
       1
       5
       1
       2
       8
       3
       3
       3
       3
       5
       2
       2
       3
       4
       1
       1
       3
       3
       3
       3
       3
       1
       4
       3
       5
       4
       1
       6
       5
       1
       1
       1
       2
       2
       1
       4
       2
       4
       2
       2
       1
       2
       6
       4
       5
       1
       7
      11
       3
       9
       3
       4
       3
       3
       4
       4
       1
       6
       6
       2
       3
       1
       3
       2
       1
       1
       4
       2
       6
       3
       5
       3
       6
       0
       2
       3
       1
       1
       1
       5
       5
       5
       1
       6
       4
       5
       5
       3
       3
       5
       2
       0
       5
       2
       4
       6
       3
       4
       1
       2
       4
       3
       3
       3
       5
       4
       6
       6
       2
       4
       4
       6
       2
       6
       7
       2
       1
       8
       2
       4
       6
       5
       4
       2
       5
       2
       2
       2
       6
       4
       6
       3
       6
       2
       5
       2
       7
       1
       5
       5
       3
       2
       4
       1
       1
       3
       2
       3
       2
       3
       4
       2
       2
       2
       2
       3
       6
       2
       5
       3
      11
      19
      49
      71
      40
       8
       2
       1
       5
       1
       5
       1
       3
       2
       1
       1
       3
       2
       1
       0
       3
       2
       1
       2
       4
       0
       1
       3
       1
       3
       2
       1
       0
       3
       1
       1
       2
       1
       2
       1
       2
       4
       0
       2
       1
       3
       2
       0
       1
       0
       3
       5
       1
       3
       1
       3
       0
       3
       2
       6
       2
       3
       4
       1
       4
       0
       1
       2
       1
       1
       1
       2
       0
       1
       2
       3
       0
       2
       0
       4
       1
       0
       3
       2
       2
       1
       1
       2
       0
       0
       2
       2
       0
       0
       1
       0
       2
       0
       2
       1
       4
       0
       2
       2
       2
       1
       1
       0
       1
       1
       1
       1
       2
       1
       1
       0
       1
       1
       1
       1
       3
       1
       1
       0
       0
       1
       0
       0
       1
       1
       2
       1
       2
       1
       0
       0
       1
       2
       3
       2
       0
       1
       1
       1
       1
       1
       4
       2
       1
       1
       2
       0
       0
       0
       2
       0
       1
       0
       0
       0
       2
       0
       0
       1
       2
       2
       2
       0
       1
       2
       1
       1
       1
       1
       0
       0
       1
       1
       4
       1
       0
       2
       1
       1
       1
       1
       2
       1
       1
       0
       0
       1
       2
       3
       1
       0
       1
       1
       0
       1
       1
       1
       0
       1
       1
       0
       1
       0
       1
       2
       0
       0
       0
       1
       2
       3
       1
       2
       1
       0
       2
       2
       0
       0
       1
       0
       2
       1
       0
       0
       1
       1
       0
       0
       0
       0
       0
       2
       2
       2
       0
       1
       0
       0
       2
       2
       3
       3
      11
      15
      56
      67
      68
      28
       4
       0
       0
       1
       1
       0
       1
       0
       0
       1
       2
       0
       1
       0
       0
       1
       0
       0
       0
       0
       0
       0
       0
       0
       0
       0
       0
       0
       0
       0
       1
       3
       0
       0
       1
       0
       1
       0
       0
       0
       0
       0
       1
       0
       0
       0
       0
       1
       1
       1
       1
       0
       0
       2
       1
       1
       0
       0
       0
       0
       0
       1
       1
       1
       3
       0
       0
       1
       0
       2
       0
       0
       0
       0
       3
       1
       2
       2
       0
       0
       0
       0
       0
       1
       1
       1
       0
       0
       0
       1
       0
       1
       0
       2
       0
       0
       0
       0
       1
       0
       0
       0
       0
       0
       0
       2
       0
       0
       1
       0
       0
       0
       0
       1
       1
       1
       1
       0
       0
       0
       1
       0
       1
       1
       0
       0
       0
       1
       1
       0
       0
       0
       0
       0
       0
       0
       1
       0
       0
       0
       0
       1
       0
       1
       1
       0
       1
       0
       0
       0
       1
       1
       1
       0
       1
       0
       1
       1
       1
       0
       0
       0
       0
       0
       0
       0
       0
       0
       0
       0
       0
       0
       0
       0
       1
       2
       0
       0
       0
       1
       0
       1
       2
       1
       0
       0
       1
       1
       0
       1
       0
       2
       0
       0
       0
       1
       1
       0
       1
       0
       0
       1
       0
       1
       0
       0
       3
       0
       4
       2
       3
       2
       1
       0
       1
       0
       0
       0
       0
       0
       0
       0
       2
       0
       1
       2
       0
       1
       0
       1
       0
       0
       0
       0
       0
       0
       0
       0
       0
       0
       1
       0
       0
       0
       0
       0
       0
       0
       0
       0
       1
       0
       0
       1
       0
       0
       1
       1
       1
       1
       0
       0
       1
       1
       2
       1
       4
       7
       3
       4
       2
       0
       0
       0
       0
       0
       0
       0
       0
       1
       0
       0
       0
       0
       1
       2
       1
       0
       1
       0
       0
       1
       1
       0
       0
       1
       1
       0
       0
       0
       1
       1
       0
       2
       0
       0
       0
       0
       0
       0
       1
       0
       2
       0
       2
       0
       0
       1
       0
       0
       1
       0
       1
       0
       0
       0
       1
       0
       0
       0
       0
       0
       0
       0
       0
       0
       1
       0
       1
       0
       0
       0
       0
       0
       1
       0
       0
       1
       1
       0
       0
       0
       0
       0
       0
       0
       0
       0
       0
       0
       0
       0
       0
       1
       2
       0
       0
       0
       0
       0
       0
       0
       1
       0
       0
       0
       1
       0
       0
       0
       0
       0
       0
       0
       0
       0
       0
       0
       0
       0
       0
       0
       0
       0
       0
       0
       0
       0
       0
       0
       0
       0
       0
       0
       0
       0
       0
       0
       0
$ROI:
0
$PRESETS:
None
0
0
$ENER_FIT:
-10.025118 0.801508
$MCA_CAL:
3
-1.002512E+001 8.015075E-001 0.000000E+000 keV
$SHAPE_CAL:
3
0.000000E+000 0.000000E+000 0.000000E+000
