$SPEC_ID:
No sample description was entered.
$SPEC_REM:
DET# 2
DETDESC# ALPHA COUNTER
AP# Maestro Version 7.01
$DATE_MEA:
04/05/2018 20:26:09
$MEAS_TIM:
400 400
$DATA:
0 2047
       0
       0
       0
       0
       0
       0
       0
       0
       0
       0
       0
       0
       0
       0
       0
       0
       0
       0
       0
       0
       0
       0
       0
       0
      34
      30
      20
      23
      27
      26
      21
      20
      21
      20
      19
      22
      16
      16
      17
      22
      23
      28
      20
      23
      19
      27
      22
      11
      26
      16
      23
      24
      11
      15
      12
      26
      17
      20
      20
      23
      17
      22
      24
      22
      26
      13
      15
      29
      13
      24
      24
      23
      19
      19
      14
      16
      15
      25
      14
      22
      10
      22
      10
      22
      18
      21
      18
      24
      13
      14
      25
      34
      16
      30
      44
      23
      20
      16
      13
      27
      17
      16
      10
      20
      15
      18
      35
      29
      17
      30
      21
      24
      15
      21
      19
      14
      25
      18
      19
      17
      12
      17
      18
      16
      17
      25
      14
      17
      15
      17
      11
      11
      17
      11
      14
      18
      16
      24
      15
      19
      15
      11
      27
      17
      13
      21
      18
      20
      19
      21
      23
      16
      13
      17
      16
      13
      24
      18
       9
      22
      15
      10
      22
      21
      13
      16
      18
      26
      22
      13
      18
      13
      10
      26
      73
      38
      21
      17
      15
      12
      23
      15
      16
      21
      13
      23
      26
      34
      22
      27
      22
      27
      24
      28
      22
      22
      28
      28
      25
      29
      18
      21
      14
      22
      23
      20
      22
      21
      32
      23
      20
      21
      21
      10
      25
      21
      29
      23
      20
      18
      13
      22
      22
      17
      17
      23
      18
      16
      20
      22
      13
      24
      16
      28
      32
      18
      19
      17
      26
      14
      21
      20
       9
      18
      21
      17
      13
      15
      14
      22
      10
      13
      19
      15
      23
      21
      18
       3
      19
      19
       8
      19
      12
      10
      13
      13
      13
      20
      13
      10
      14
      11
      18
      10
      10
      13
      23
      15
      11
      15
      14
       9
      13
      11
       9
      11
      12
      11
      13
       8
      15
      11
      10
       8
       9
      10
       7
       9
      10
      16
      11
      17
       6
       9
      13
       9
      11
      10
       9
       6
       9
       7
       8
      11
      14
       7
       7
      11
      14
       8
       8
       9
       7
       8
       8
      16
       9
      14
       8
       2
      11
      12
       6
       5
       8
       8
      12
      16
      10
       2
      10
       7
      10
       6
       4
       6
       9
      10
       3
      10
       8
       6
       6
       5
       7
       7
       5
       3
       6
       7
       7
       8
      10
       5
       6
       9
       5
       7
       8
       5
       7
      13
       4
      12
       6
       9
       3
       4
       5
       5
       4
       6
       5
      10
       1
       2
       0
       7
       4
       6
       6
       2
      10
       6
       5
       6
       4
       5
      14
       9
       3
       5
       7
       6
      12
      10
       8
       6
       7
       6
       7
       7
       2
       5
       5
       4
      12
       9
       4
       6
       6
       8
       7
      42
     327
     620
     117
       7
       4
       4
       4
       2
       4
       2
       1
       1
       3
       9
       2
       5
       6
       7
       1
       2
       6
       1
       7
       1
       4
       8
       2
       5
       5
       0
       7
       4
       4
       2
       2
       4
       4
       2
       6
       2
       2
       1
       2
       5
       4
       8
       1
      10
       3
       3
       2
       4
       9
       0
       2
       2
       5
       7
       2
       3
       2
       6
       3
       6
       1
       4
       4
       2
       1
       6
      18
      53
      12
       8
       5
       4
       3
       1
       1
       1
       2
       5
       3
       3
       0
       1
       4
       1
       3
       1
       7
       1
       2
       3
       2
       4
       2
       4
       3
       5
       6
      10
      48
     110
      42
       5
       1
       2
       1
       3
       4
       2
       4
       3
       3
       2
       1
       9
       1
       3
       0
       2
       3
       4
       2
       6
       1
       2
       3
       5
       3
       4
       3
       0
       3
       4
       6
       4
       5
       2
       2
       2
       1
       1
       3
       5
       2
       1
       5
       1
       5
       3
       4
       2
       3
       2
       2
       3
       7
       6
       6
       5
       4
       4
       4
       5
       2
       1
       4
       1
       2
       2
       2
       3
       4
       5
       1
       4
       3
       2
       3
       2
       3
       5
       2
       3
       2
       0
       2
       3
       4
       2
       1
       1
       5
       2
       3
       2
       3
       4
       1
       3
       3
       0
       3
       2
       2
       3
       0
       2
       4
       3
       3
       2
       0
       0
       3
       3
       3
       1
       2
       5
       6
       4
       2
       3
       4
       3
       3
       1
       0
       4
       2
       0
       1
       3
       3
       6
       5
       1
       3
       6
       9
       5
       3
       3
       2
       1
       3
       4
       2
       3
       1
       1
       3
       2
       2
       0
       5
       3
       1
       4
       2
       4
       0
       5
       4
       1
       5
       0
       5
       4
       3
       5
       3
       5
       2
       2
       0
       5
       4
       3
       5
       0
       4
       3
       3
       5
       2
       3
       4
       1
       3
       7
       0
       1
       5
       1
       0
       3
       3
       3
       3
       2
       3
       2
       1
       2
       4
       1
       5
       2
       4
       3
       3
       6
       5
       4
       1
       4
       3
       3
       1
       2
       4
       0
       3
       2
       2
       2
       0
       2
       4
       4
       5
       0
       4
       1
       2
       2
       5
       1
       0
       4
       3
       0
       1
       1
       2
       2
       3
       1
       4
       2
       6
       2
       4
       2
       1
       3
       1
       3
       2
       2
       0
       2
       2
       0
       2
       2
       0
       1
       2
       1
       4
       0
       3
       4
       3
       0
       4
       5
       0
       3
       4
       2
       5
       2
       1
       4
       0
       2
       0
       5
       5
       1
       1
       1
       1
       1
       1
       4
       0
       2
       4
       3
       2
       6
       0
       3
       3
       3
       1
       8
       5
       1
       2
       3
       1
       2
       0
       1
       3
       3
       2
       4
       1
       0
       1
       1
       3
       1
       3
       1
       2
       5
       0
       0
       6
       1
       3
       4
       0
       1
       4
       2
       2
       2
       4
       1
       2
       4
       1
       2
       3
       2
       1
       3
       1
       2
       1
       3
       2
       3
       3
       2
       1
       4
       1
       3
       4
       1
       2
       0
       4
       0
       1
       0
       1
       4
       2
       2
       0
       2
       3
       2
       1
       2
       3
       2
       3
       2
       4
       5
       4
       4
       0
       4
       2
       1
       3
       1
       2
       3
       4
       3
       0
       1
       4
       3
       2
       0
       3
       0
       1
       5
       1
       0
       1
       1
       5
       2
       2
       0
       1
       4
       4
       5
       2
       2
       4
       3
       2
       3
       2
       4
       1
       2
       2
       1
       1
       3
       3
       5
       4
       3
       4
       1
       2
       1
       3
       2
       4
       0
       1
       1
       6
       4
       2
       1
       4
       5
       2
       3
       4
       4
       2
       4
       2
       3
       1
       5
       6
       4
       0
       2
       1
       3
       0
       3
       1
       1
       3
       1
       2
       1
       5
       2
       1
       1
       5
       5
       1
       1
       2
       5
       3
       3
       2
       1
       2
       2
       1
       4
       0
       2
       3
       7
       4
       3
       8
      19
      19
       1
       2
       3
       2
       1
       2
       2
       1
       4
       0
       5
       5
       2
       4
       2
       4
       3
       4
       2
       2
       5
       1
       3
       3
       4
       4
       0
       3
       1
       1
       2
       1
       6
       2
       3
       4
       2
       2
       2
       1
       4
       2
       1
       2
       3
       3
       6
       0
       1
       3
       1
       1
       3
       6
       0
       5
       3
       3
       2
       3
       3
       4
       2
       2
       6
       4
       1
       1
       4
       1
       4
       7
       4
       1
       4
       5
       3
       5
       3
       2
       3
       1
       3
       2
       2
       5
       0
       2
       2
       3
       2
       3
       2
       1
       1
       3
       0
       2
       4
       1
       1
       1
       0
       0
       3
       4
       0
       3
       1
       1
       3
       1
       2
       1
       3
       1
       2
       2
       1
       6
       2
       3
       2
       2
       3
       2
       4
       3
       2
       7
       1
       2
       0
       0
       2
       5
       4
       1
       2
       2
       3
       6
       2
       1
       1
       0
       2
       2
       3
       4
       2
       1
       1
       1
       2
       3
       1
       1
       2
       4
       2
       4
       1
       2
       0
       0
       0
       5
       4
       7
       3
       3
       1
       3
       1
       0
       1
       1
       1
       2
       2
       2
       2
       3
       2
       2
       3
       0
       2
       0
       0
       2
       5
       4
       2
       2
       3
       1
       1
       1
       2
       3
       2
       3
       1
       1
       3
       0
       2
       2
       4
       2
       2
       2
       2
       1
       1
       3
       1
       3
       5
       1
       2
       0
       2
       1
       2
       1
       2
       2
       7
       5
       1
       2
       4
       2
       2
       1
       0
       4
       1
       2
       0
       0
       2
       4
       5
       1
       1
       4
       3
       5
       2
       1
       1
       2
       2
       0
       0
       4
       3
       4
       5
       2
       2
       3
       1
       3
       2
       2
       2
       5
       2
       2
       0
       2
       2
       3
       2
       0
       2
       1
       3
       1
       1
       5
       4
       2
       2
       3
       1
       5
       1
       0
       1
       0
       5
       1
       2
       1
       0
       3
       3
       1
       4
       1
       4
       3
       4
       3
       3
       1
       1
       3
       3
       7
       4
       1
       2
       2
       3
       2
       5
       3
       1
       3
       3
       2
       2
       4
       4
       4
       4
       3
       1
       3
       0
       2
       1
       1
       1
       3
       3
       3
       2
       3
       1
       0
       7
      13
      31
      61
      20
       9
       1
       0
       1
       0
       1
       0
       1
       2
       1
       2
       1
       0
       4
       2
       0
       0
       5
       1
       0
       0
       4
       2
       2
       2
       1
       3
       2
       2
       0
       2
       3
       1
       2
       3
       0
       0
       3
       2
       0
       0
       2
       2
       1
       0
       1
       1
       2
       1
       1
       0
       2
       1
       2
       0
       1
       2
       0
       1
       0
       1
       0
       1
       1
       0
       0
       0
       1
       0
       0
       0
       2
       3
       2
       1
       0
       0
       2
       1
       2
       0
       0
       1
       0
       2
       1
       0
       0
       0
       0
       0
       1
       0
       1
       1
       1
       0
       6
       2
       0
       1
       0
       0
       2
       0
       1
       2
       1
       1
       2
       2
       1
       0
       0
       1
       0
       1
       1
       0
       1
       1
       2
       0
       0
       0
       1
       1
       1
       1
       0
       0
       1
       1
       0
       0
       1
       0
       2
       1
       0
       1
       0
       0
       0
       0
       0
       0
       2
       0
       1
       1
       1
       0
       0
       1
       1
       0
       0
       0
       0
       1
       1
       0
       1
       1
       0
       0
       2
       0
       2
       1
       2
       0
       2
       0
       0
       0
       0
       0
       1
       0
       1
       2
       0
       1
       0
       0
       1
       0
       0
       0
       2
       0
       0
       1
       1
       1
       1
       0
       1
       1
       0
       0
       1
       0
       0
       2
       0
       2
       0
       0
       0
       4
       0
       2
       1
       1
       1
       1
       0
       0
       3
       1
       0
       0
       0
       0
       1
       1
       2
       1
       1
       0
       2
       0
       0
       0
       4
       1
       0
       3
       3
       4
       9
      17
      32
      60
      41
      17
       1
       0
       1
       1
       0
       0
       1
       1
       0
       1
       0
       1
       2
       0
       0
       0
       0
       0
       0
       0
       1
       1
       1
       1
       0
       0
       0
       0
       0
       1
       0
       0
       1
       0
       1
       0
       0
       1
       0
       0
       0
       0
       1
       0
       0
       0
       0
       1
       0
       0
       0
       0
       0
       0
       0
       1
       0
       1
       0
       0
       0
       0
       0
       0
       0
       0
       0
       0
       0
       0
       0
       1
       0
       0
       0
       0
       1
       0
       1
       0
       1
       0
       0
       1
       0
       0
       1
       0
       0
       0
       1
       0
       0
       0
       0
       1
       2
       0
       0
       0
       0
       0
       0
       0
       0
       0
       0
       0
       0
       1
       0
       0
       0
       0
       0
       0
       0
       1
       0
       0
       1
       1
       0
       0
       0
       0
       0
       0
       1
       0
       1
       0
       0
       0
       0
       0
       0
       0
       0
       0
       0
       0
       1
       0
       0
       0
       1
       0
       1
       1
       0
       0
       1
       0
       0
       0
       0
       0
       0
       0
       0
       0
       1
       0
       1
       0
       0
       0
       0
       0
       0
       0
       0
       1
       0
       0
       0
       0
       0
       0
       0
       1
       0
       0
       0
       2
       0
       0
       0
       0
       0
       1
       1
       0
       0
       0
       0
       1
       0
       0
       0
       0
       0
       0
       2
       1
       0
       3
       1
       1
       2
       1
       1
       0
       0
       0
       0
       0
       0
       1
       0
       0
       0
       0
       0
       1
       0
       0
       0
       0
       0
       0
       1
       1
       1
       0
       0
       0
       0
       0
       1
       0
       1
       0
       0
       0
       0
       0
       0
       0
       0
       0
       0
       1
       0
       0
       0
       1
       0
       0
       1
       0
       0
       2
       0
       0
       1
       3
       3
       2
       2
       0
       1
       0
       0
       0
       0
       0
       0
       0
       0
       0
       1
       0
       0
       1
       0
       0
       1
       0
       0
       0
       1
       0
       0
       0
       1
       0
       0
       0
       0
       0
       0
       0
       0
       1
       0
       0
       0
       0
       0
       0
       0
       0
       0
       0
       0
       1
       0
       0
       2
       0
       2
       0
       2
       0
       0
       0
       0
       0
       0
       0
       0
       0
       0
       0
       0
       0
       0
       1
       0
       0
       1
       0
       0
       0
       0
       0
       0
       0
       0
       0
       0
       0
       0
       1
       0
       0
       0
       0
       0
       0
       0
       0
       0
       0
       0
       0
       0
       1
       1
       0
       1
       0
       0
       0
       0
       0
       0
       0
       0
       0
       0
       0
       0
       0
       0
       0
       0
       0
       0
       0
       0
       0
       0
       0
       0
       0
       0
       0
       0
       0
       0
       0
       0
       0
       0
       0
       0
$ROI:
0
$PRESETS:
None
0
0
$ENER_FIT:
-10.025118 0.801508
$MCA_CAL:
3
-1.002512E+001 8.015075E-001 0.000000E+000 keV
$SHAPE_CAL:
3
0.000000E+000 0.000000E+000 0.000000E+000
