$SPEC_ID:
No sample description was entered.
$SPEC_REM:
DET# 2
DETDESC# ALPHA COUNTER
AP# Maestro Version 7.01
$DATE_MEA:
04/05/2018 20:20:32
$MEAS_TIM:
300 300
$DATA:
0 2047
       0
       0
       0
       0
       0
       0
       0
       0
       0
       0
       0
       0
       0
       0
       0
       0
       0
       0
       0
       0
       0
       0
       0
       0
      25
      22
      17
      14
      27
      22
      17
      19
      19
      17
      15
      17
      12
      13
      14
      13
      17
      21
      17
      18
      11
      20
      17
       9
      22
      12
      15
      15
       8
      10
       8
      20
      11
      16
      17
      21
      13
      18
      19
      18
      19
       9
      13
      23
      12
      21
      12
      17
      16
      10
      13
      11
      10
      20
      11
      18
       7
      19
       9
      19
      15
      17
      13
      19
      11
      11
      21
      26
      13
      25
      35
      15
      12
      12
      11
      19
      13
      15
       8
      17
       8
      13
      27
      25
      12
      26
      12
      19
      13
      18
      13
      12
      16
      13
      13
      12
      12
       9
      16
      13
      12
      22
       9
      14
      12
      11
       8
      10
       8
      11
      10
      17
      10
      20
      14
      12
      12
       6
      19
      14
      11
      20
      15
      14
      18
      17
      16
      12
      10
       9
      13
      11
      23
      14
       5
      16
       9
       9
      15
      15
       8
      10
      14
      16
      18
      10
      12
      11
       9
      20
      62
      34
      14
      12
      13
       9
      17
      12
      11
      17
      12
      18
      18
      29
      17
      20
      16
      23
      18
      20
      16
      18
      23
      18
      19
      21
      13
      19
      13
      14
      16
      14
      13
      19
      23
      16
      13
      16
      18
       7
      19
      14
      19
      18
      16
      16
      11
      18
      19
      12
      12
      15
      14
      11
      19
      16
      11
      17
      11
      22
      22
      15
      16
      14
      17
      11
      15
      16
       7
      14
      14
      15
       9
      15
      11
      16
       8
      12
      13
      13
      18
      16
      12
       3
      14
      13
       4
      15
       7
       8
      12
       9
      10
      14
       9
       9
      10
       8
      15
       8
       6
      10
      21
      13
       9
      12
      10
       6
      11
       9
       7
       9
      10
       9
      10
       8
      10
      10
       7
       5
       6
       9
       6
       6
       6
      12
       9
      14
       5
       8
      10
       8
       9
      10
       6
       5
       8
       6
       6
       6
       9
       4
       6
       8
       8
       5
       4
       7
       6
       6
       8
      14
       6
       8
       5
       1
       8
       9
       3
       4
       4
       7
      10
      10
       7
       2
       6
       6
       9
       5
       2
       5
       7
       8
       3
       8
       8
       4
       5
       3
       6
       6
       4
       2
       4
       6
       5
       6
       8
       4
       6
       6
       3
       6
       6
       5
       4
      11
       2
       9
       4
       7
       1
       3
       4
       4
       3
       3
       3
       9
       1
       1
       0
       4
       1
       5
       6
       2
       7
       5
       4
       5
       2
       5
      12
       7
       2
       3
       5
       4
      12
       6
       6
       5
       6
       5
       6
       6
       0
       5
       5
       4
      11
       7
       3
       5
       5
       7
       7
      34
     249
     485
      92
       4
       3
       4
       3
       2
       2
       2
       0
       0
       0
       6
       2
       5
       1
       5
       1
       2
       5
       0
       5
       1
       3
       7
       2
       3
       2
       0
       7
       2
       4
       1
       2
       4
       4
       2
       5
       2
       2
       1
       1
       5
       3
       5
       1
       9
       2
       2
       2
       1
       5
       0
       2
       1
       3
       6
       2
       3
       2
       5
       2
       4
       1
       3
       3
       1
       1
       6
      14
      39
       9
       6
       4
       2
       3
       1
       0
       1
       1
       4
       3
       3
       0
       1
       4
       1
       3
       0
       6
       1
       2
       3
       2
       2
       2
       3
       3
       4
       1
      10
      37
      87
      32
       5
       1
       1
       1
       2
       2
       2
       2
       2
       2
       1
       1
       7
       0
       3
       0
       1
       2
       2
       0
       4
       0
       1
       3
       3
       3
       4
       2
       0
       2
       4
       4
       4
       3
       1
       1
       2
       1
       1
       3
       3
       1
       1
       5
       1
       4
       1
       4
       1
       1
       1
       2
       3
       4
       2
       6
       5
       3
       3
       2
       2
       2
       1
       3
       1
       2
       1
       2
       3
       3
       2
       0
       3
       3
       0
       2
       2
       3
       5
       2
       2
       2
       0
       1
       2
       2
       1
       0
       1
       4
       1
       2
       2
       3
       3
       1
       3
       3
       0
       1
       2
       1
       0
       0
       2
       2
       1
       3
       2
       0
       0
       3
       3
       1
       0
       2
       3
       3
       4
       2
       2
       4
       3
       1
       0
       0
       3
       0
       0
       0
       2
       2
       5
       5
       1
       2
       2
       4
       4
       3
       2
       1
       0
       1
       3
       2
       2
       1
       1
       2
       1
       2
       0
       3
       2
       1
       2
       2
       3
       0
       2
       3
       1
       3
       0
       4
       2
       3
       4
       2
       4
       1
       1
       0
       4
       3
       2
       1
       0
       2
       3
       2
       3
       2
       3
       3
       1
       3
       5
       0
       1
       5
       1
       0
       3
       3
       1
       3
       2
       2
       2
       1
       0
       4
       1
       4
       1
       3
       2
       2
       3
       5
       3
       1
       2
       1
       1
       0
       2
       3
       0
       3
       2
       1
       1
       0
       2
       2
       2
       5
       0
       4
       1
       2
       1
       4
       1
       0
       3
       3
       0
       1
       1
       0
       2
       2
       1
       3
       1
       3
       2
       2
       1
       1
       2
       1
       2
       2
       2
       0
       2
       1
       0
       2
       2
       0
       0
       2
       1
       3
       0
       3
       3
       3
       0
       4
       3
       0
       3
       3
       1
       3
       2
       1
       2
       0
       1
       0
       4
       5
       1
       1
       0
       1
       0
       0
       3
       0
       2
       2
       3
       2
       5
       0
       3
       3
       3
       0
       5
       4
       1
       1
       3
       1
       1
       0
       1
       3
       2
       1
       3
       1
       0
       1
       1
       3
       0
       3
       0
       1
       4
       0
       0
       6
       0
       3
       3
       0
       1
       3
       0
       2
       0
       3
       1
       2
       3
       0
       2
       3
       2
       1
       3
       0
       2
       1
       2
       2
       0
       3
       0
       1
       4
       1
       2
       3
       1
       2
       0
       3
       0
       1
       0
       0
       3
       2
       2
       0
       1
       2
       2
       0
       2
       2
       0
       3
       2
       3
       4
       4
       3
       0
       2
       2
       1
       3
       1
       2
       2
       4
       3
       0
       1
       2
       3
       2
       0
       3
       0
       0
       2
       1
       0
       1
       1
       4
       2
       1
       0
       1
       4
       4
       3
       2
       2
       4
       1
       1
       2
       1
       4
       1
       2
       2
       1
       1
       1
       2
       2
       3
       2
       2
       1
       2
       1
       1
       2
       3
       0
       1
       0
       6
       2
       2
       1
       4
       4
       1
       1
       2
       3
       1
       4
       2
       1
       1
       3
       4
       3
       0
       2
       1
       2
       0
       1
       1
       0
       2
       0
       2
       1
       4
       2
       1
       0
       4
       4
       1
       1
       0
       4
       1
       2
       2
       1
       2
       0
       1
       2
       0
       2
       1
       5
       4
       3
       6
      16
      14
       1
       2
       3
       2
       1
       1
       2
       1
       2
       0
       3
       4
       2
       3
       2
       3
       3
       2
       2
       2
       2
       1
       2
       2
       1
       4
       0
       3
       1
       1
       1
       1
       6
       2
       2
       3
       2
       2
       1
       0
       3
       2
       1
       2
       2
       2
       6
       0
       1
       3
       1
       0
       3
       6
       0
       5
       2
       3
       2
       3
       3
       3
       1
       2
       5
       3
       0
       1
       1
       0
       4
       3
       4
       1
       3
       4
       3
       4
       3
       1
       0
       0
       3
       1
       1
       4
       0
       1
       1
       2
       1
       3
       1
       1
       1
       1
       0
       1
       2
       1
       1
       1
       0
       0
       3
       3
       0
       2
       1
       1
       3
       1
       1
       1
       1
       1
       2
       2
       1
       5
       2
       2
       1
       1
       2
       1
       3
       1
       1
       5
       0
       2
       0
       0
       1
       4
       3
       1
       2
       2
       2
       5
       1
       0
       1
       0
       0
       1
       0
       2
       2
       1
       1
       1
       1
       2
       1
       1
       2
       3
       2
       4
       0
       2
       0
       0
       0
       5
       3
       4
       2
       3
       1
       0
       0
       0
       0
       1
       1
       0
       1
       1
       2
       1
       0
       1
       3
       0
       0
       0
       0
       1
       4
       3
       1
       2
       1
       0
       1
       1
       2
       2
       1
       3
       1
       1
       3
       0
       1
       2
       3
       2
       2
       2
       2
       1
       1
       2
       1
       2
       5
       0
       2
       0
       0
       0
       0
       0
       2
       2
       5
       3
       1
       1
       3
       1
       1
       1
       0
       2
       0
       2
       0
       0
       2
       3
       4
       0
       0
       2
       3
       4
       2
       1
       1
       2
       2
       0
       0
       3
       2
       3
       1
       2
       2
       3
       1
       2
       2
       2
       2
       4
       1
       2
       0
       0
       2
       2
       2
       0
       2
       1
       3
       0
       1
       4
       4
       1
       2
       1
       1
       0
       1
       0
       0
       0
       5
       1
       2
       1
       0
       2
       2
       1
       3
       1
       2
       2
       4
       3
       3
       1
       1
       1
       1
       5
       2
       1
       2
       2
       3
       1
       5
       3
       1
       2
       2
       1
       2
       2
       3
       4
       4
       2
       0
       2
       0
       1
       1
       1
       1
       3
       1
       3
       1
       2
       1
       0
       5
      11
      27
      46
      16
       5
       1
       0
       1
       0
       1
       0
       1
       0
       0
       2
       0
       0
       3
       2
       0
       0
       3
       1
       0
       0
       3
       1
       2
       2
       1
       3
       2
       1
       0
       2
       2
       1
       1
       2
       0
       0
       3
       2
       0
       0
       2
       1
       1
       0
       1
       1
       0
       0
       1
       0
       2
       1
       1
       0
       0
       1
       0
       1
       0
       1
       0
       1
       1
       0
       0
       0
       1
       0
       0
       0
       1
       1
       2
       1
       0
       0
       1
       1
       1
       0
       0
       1
       0
       2
       1
       0
       0
       0
       0
       0
       1
       0
       1
       1
       1
       0
       5
       0
       0
       0
       0
       0
       2
       0
       1
       2
       0
       1
       2
       2
       1
       0
       0
       1
       0
       0
       1
       0
       1
       1
       1
       0
       0
       0
       1
       1
       1
       0
       0
       0
       1
       1
       0
       0
       1
       0
       1
       1
       0
       1
       0
       0
       0
       0
       0
       0
       1
       0
       1
       1
       1
       0
       0
       1
       1
       0
       0
       0
       0
       1
       1
       0
       1
       0
       0
       0
       2
       0
       2
       1
       1
       0
       0
       0
       0
       0
       0
       0
       1
       0
       1
       2
       0
       1
       0
       0
       1
       0
       0
       0
       1
       0
       0
       0
       1
       1
       1
       0
       0
       1
       0
       0
       1
       0
       0
       1
       0
       1
       0
       0
       0
       4
       0
       1
       1
       0
       1
       1
       0
       0
       3
       1
       0
       0
       0
       0
       1
       1
       2
       1
       1
       0
       2
       0
       0
       0
       1
       0
       0
       3
       2
       2
       7
      13
      22
      46
      31
      14
       1
       0
       1
       0
       0
       0
       1
       0
       0
       0
       0
       0
       2
       0
       0
       0
       0
       0
       0
       0
       1
       1
       1
       1
       0
       0
       0
       0
       0
       1
       0
       0
       1
       0
       1
       0
       0
       0
       0
       0
       0
       0
       1
       0
       0
       0
       0
       1
       0
       0
       0
       0
       0
       0
       0
       0
       0
       1
       0
       0
       0
       0
       0
       0
       0
       0
       0
       0
       0
       0
       0
       0
       0
       0
       0
       0
       0
       0
       1
       0
       0
       0
       0
       0
       0
       0
       1
       0
       0
       0
       1
       0
       0
       0
       0
       1
       2
       0
       0
       0
       0
       0
       0
       0
       0
       0
       0
       0
       0
       0
       0
       0
       0
       0
       0
       0
       0
       1
       0
       0
       1
       0
       0
       0
       0
       0
       0
       0
       1
       0
       0
       0
       0
       0
       0
       0
       0
       0
       0
       0
       0
       0
       1
       0
       0
       0
       1
       0
       1
       1
       0
       0
       1
       0
       0
       0
       0
       0
       0
       0
       0
       0
       1
       0
       1
       0
       0
       0
       0
       0
       0
       0
       0
       1
       0
       0
       0
       0
       0
       0
       0
       1
       0
       0
       0
       2
       0
       0
       0
       0
       0
       1
       1
       0
       0
       0
       0
       0
       0
       0
       0
       0
       0
       0
       2
       1
       0
       1
       0
       1
       2
       1
       1
       0
       0
       0
       0
       0
       0
       1
       0
       0
       0
       0
       0
       1
       0
       0
       0
       0
       0
       0
       0
       0
       1
       0
       0
       0
       0
       0
       1
       0
       1
       0
       0
       0
       0
       0
       0
       0
       0
       0
       0
       0
       0
       0
       0
       0
       0
       0
       1
       0
       0
       1
       0
       0
       1
       3
       1
       1
       1
       0
       0
       0
       0
       0
       0
       0
       0
       0
       0
       0
       0
       0
       0
       0
       0
       0
       0
       0
       0
       0
       1
       0
       0
       0
       1
       0
       0
       0
       0
       0
       0
       0
       0
       0
       0
       0
       0
       0
       0
       0
       0
       0
       0
       0
       0
       1
       0
       0
       2
       0
       1
       0
       2
       0
       0
       0
       0
       0
       0
       0
       0
       0
       0
       0
       0
       0
       0
       0
       0
       0
       1
       0
       0
       0
       0
       0
       0
       0
       0
       0
       0
       0
       0
       0
       0
       0
       0
       0
       0
       0
       0
       0
       0
       0
       0
       0
       0
       0
       1
       0
       1
       0
       0
       0
       0
       0
       0
       0
       0
       0
       0
       0
       0
       0
       0
       0
       0
       0
       0
       0
       0
       0
       0
       0
       0
       0
       0
       0
       0
       0
       0
       0
       0
       0
       0
       0
       0
$ROI:
0
$PRESETS:
None
0
0
$ENER_FIT:
-10.025118 0.801508
$MCA_CAL:
3
-1.002512E+001 8.015075E-001 0.000000E+000 keV
$SHAPE_CAL:
3
0.000000E+000 0.000000E+000 0.000000E+000
