$SPEC_ID:
No sample description was entered.
$SPEC_REM:
DET# 2
DETDESC# ALPHA COUNTER
AP# Maestro Version 7.01
$DATE_MEA:
04/05/2018 20:38:38
$MEAS_TIM:
300 300
$DATA:
0 2047
       0
       0
       0
       0
       0
       0
       0
       0
       0
       0
       0
       0
       0
       0
       0
       0
       0
       0
       0
       0
       0
       0
       0
       3
      38
      20
      24
      19
      15
      19
      27
      36
      22
      19
      30
      29
      19
      21
      21
      20
      23
      15
      13
      26
      28
      20
      20
      28
      21
      24
      11
      20
      13
      21
      22
      20
      20
      11
      17
      24
      20
      19
      14
      18
      17
      14
      18
      18
      13
      24
      13
      20
      27
      26
      16
      22
      16
      13
      17
      26
      24
      18
      18
      11
      18
      15
      14
      19
      18
      27
      18
      37
      22
      27
      42
      23
      17
      17
      13
      13
      25
      24
      18
      23
      12
      17
      40
      38
      16
      25
      19
      17
      13
      18
      15
      16
      16
      13
      13
      13
      15
      18
      22
      21
      12
      20
      24
      13
      17
      18
      14
      15
      16
      15
      16
      19
      22
      16
      12
      26
      18
      15
      21
      13
      17
      17
      21
      18
      15
      20
      12
      23
      17
      16
      12
      21
      16
      27
      16
      15
      10
      21
      24
      14
      29
      12
      20
      22
      14
      18
      22
      20
      26
      23
      49
      44
      21
      24
      16
      30
      22
      17
      29
      27
      22
      20
      25
      21
      29
      30
      18
      34
      15
      22
      19
      24
      21
      24
      23
      23
      21
      28
      37
      26
      27
      30
      27
      27
      19
      19
      31
      25
      20
      27
      24
      20
      20
      18
      22
      28
      23
      24
      19
      21
      30
      25
      20
      25
      24
      23
      17
      14
      28
      19
      22
      29
      12
      15
      21
      23
      15
      16
      16
      14
      17
      16
      14
      15
      12
      12
      15
      14
      14
      14
      15
      10
      13
      13
       7
       8
       9
      11
      13
      13
      11
      12
      11
      14
      12
      17
      13
      10
       8
      10
      15
      14
      10
       9
       7
      10
       6
      13
       7
      13
      12
      15
      13
       7
       8
      12
      14
       4
      11
      14
      11
       6
      12
       7
       8
       5
      10
       9
       9
       8
      11
      10
       7
       7
       4
      13
      10
      13
       3
      11
       9
      11
       7
       5
      10
       4
       7
       9
       4
       8
       8
       9
       7
       8
       8
       7
       3
       5
       7
       9
       7
      11
       9
       5
       6
       9
       7
       4
       8
      10
       8
       4
       1
       4
       8
       8
       3
       6
      11
       7
       6
       7
       8
      10
       7
      11
       7
       7
       4
       6
       5
       3
       7
       7
       9
       6
       3
       7
       6
       6
       7
       6
       7
       5
      11
       3
       6
       3
       8
       7
       7
       5
       3
       6
       2
       8
       4
       5
       5
       8
       3
       1
       8
      10
       4
       7
       6
      11
       4
       9
       4
      10
       8
       8
       6
       7
       3
      12
       8
       8
       6
      12
       5
       4
       4
       8
       5
       6
      13
      36
     382
     750
     141
       4
       2
       3
       5
       2
       2
       4
       0
       3
       1
       2
       4
       3
       1
       6
       2
       5
       1
       1
       5
       1
       7
       6
       4
       2
       4
       3
       2
       2
       3
       1
       3
       0
       4
       3
       3
       0
       3
       1
       1
       3
       2
       1
       5
       4
       3
       3
       1
       2
       3
       4
       6
       2
       3
       2
       6
       3
       2
       2
       2
       6
       2
       4
       1
       2
       2
       6
      19
      44
      21
       0
       2
       0
       5
       4
       2
       1
       5
       3
       0
       1
       2
       2
       8
       3
       1
       2
       5
       3
       0
       0
       3
       4
       2
       2
       4
       3
       3
      11
      47
      79
      26
       3
       0
       4
       4
       4
       1
       1
       2
       1
       2
       2
       1
       4
       0
       4
       3
       4
       5
       0
       1
       2
       4
       1
       1
       1
       4
       2
       3
       3
       3
       3
       4
       4
       3
       2
       2
       4
       1
       0
       2
       2
       0
       2
       2
       3
       2
       2
       4
       0
       3
       5
       3
       1
       2
       1
       0
       5
       4
       0
       2
       5
       1
       3
       1
       4
       3
       1
       1
       0
       2
       1
       0
       2
       2
       2
       0
       1
       0
       2
       2
       1
       2
       3
       2
       2
       1
       1
       2
       1
       4
       3
       3
       3
       4
       3
       1
       2
       2
       2
       0
       0
       4
       3
       1
       4
       1
       1
       3
       1
       3
       0
       4
       3
       1
       3
       4
       6
       6
       2
       2
       0
       5
       0
       2
       1
       3
       3
       1
       0
       2
       0
       2
       0
       2
       1
       1
       1
       2
       2
       1
       1
       1
       0
       0
       1
       1
       2
       3
       3
       1
       4
       1
       2
       2
       2
       1
       1
       6
       0
       3
       2
       6
       2
       3
       1
       1
       3
       2
       1
       1
       3
       1
       0
       2
       0
       3
       4
       2
       1
       1
       3
       0
       0
       2
       4
       0
       3
       0
       2
       1
       3
       3
       1
       1
       2
       2
       1
       0
       3
       3
       6
       3
       1
       1
       2
       2
       2
       1
       3
       0
       1
       1
       3
       2
       2
       3
       1
       2
       1
       0
       0
       1
       1
       2
       2
       2
       2
       0
       4
       3
       0
       3
       0
       2
       5
       2
       1
       2
       1
       2
       3
       4
       3
       4
       3
       1
       1
       3
       1
       1
       1
       3
       2
       0
       4
       4
       6
       1
       3
       0
       0
       2
       0
       5
       3
       1
       0
       1
       5
       1
       2
       0
       3
       2
       1
       2
       1
       2
       2
       0
       2
       0
       5
       2
       3
       0
       2
       1
       2
       2
       2
       2
       1
       2
       3
       2
       1
       0
       4
       2
       2
       5
       4
       4
       3
       1
       1
       0
       2
       1
       3
       0
       3
       3
       2
       2
       2
       0
       4
       3
       1
       2
       2
       0
       4
       1
       1
       0
       1
       3
       1
       1
       2
       1
       3
       0
       2
       1
       2
       3
       2
       2
       4
       1
       3
       3
       2
       2
       0
       2
       2
       3
       0
       3
       2
       3
       1
       1
       0
       1
       0
       2
       5
       1
       1
       1
       0
       4
       3
       1
       0
       1
       3
       2
       2
       2
       1
       0
       5
       0
       0
       2
       0
       0
       2
       2
       0
       2
       3
       2
       1
       2
       1
       3
       1
       1
       1
       2
       1
       0
       0
       3
       7
       2
       0
       0
       1
       3
       1
       2
       1
       3
       3
       2
       3
       2
       1
       3
       3
       0
       2
       3
       3
       1
       1
       1
       1
       2
       1
       1
       5
       3
       2
       1
       0
       2
       2
       0
       1
       1
       4
       2
       1
       1
       2
       0
       1
       1
       1
       3
       3
       7
       3
       0
       4
       2
       2
       2
       1
       2
       2
       1
       2
       2
       1
       2
       0
       2
       2
       0
       3
       1
       2
       2
       3
       0
       0
       3
       3
       1
       0
       3
       2
       1
       2
       4
       1
       3
       1
       2
       3
       3
       1
       0
       1
       0
       0
       3
       2
       2
       1
       1
       3
       0
       5
       5
      18
       9
       3
       1
       2
       0
       1
       1
       2
       2
       4
       3
       2
       2
       1
       1
       2
       1
       3
       1
       2
       1
       1
       1
       3
       3
       0
       3
       1
       4
       2
       4
       1
       4
       3
       1
       1
       2
       1
       3
       2
       1
       2
       5
       1
       2
       3
       0
       4
       3
       1
       0
       3
       2
       2
       1
       2
       2
       0
       3
       0
       1
       3
       3
       2
       3
       3
       2
       2
       1
       2
       1
       3
       4
       3
       2
       0
       0
       3
       2
       3
       2
       4
       1
       1
       2
       2
       2
       2
       3
       1
       0
       5
       3
       2
       2
       2
       2
       0
       1
       1
       0
       0
       2
       1
       0
       2
       1
       2
       0
       0
       2
       1
       0
       1
       1
       5
       3
       3
       1
       1
       3
       2
       1
       1
       1
       1
       1
       0
       1
       2
       2
       3
       1
       1
       2
       0
       3
       0
       0
       4
       3
       0
       2
       1
       3
       2
       1
       1
       3
       2
       3
       3
       2
       5
       2
       1
       2
       2
       2
       2
       0
       2
       1
       1
       1
       3
       2
       0
       1
       4
       1
       1
       1
       2
       1
       3
       0
       0
       0
       2
       2
       0
       3
       2
       1
       1
       0
       0
       2
       2
       1
       4
       0
       1
       2
       1
       2
       3
       0
       1
       3
       1
       1
       2
       2
       0
       0
       3
       5
       3
       1
       3
       2
       0
       0
       3
       2
       2
       1
       5
       3
       1
       1
       2
       2
       2
       0
       3
       0
       1
       0
       2
       2
       4
       2
       1
       1
       1
       1
       1
       2
       1
       1
       4
       2
       2
       2
       2
       2
       3
       4
       2
       3
       1
       1
       1
       2
       1
       4
       1
       4
       3
       2
       0
       2
       3
       4
       1
       4
       1
       3
       2
       4
       0
       1
       0
       0
       0
       3
       2
       3
       1
       2
       3
       4
       2
       1
       1
       1
       1
       3
       1
       1
       2
       1
       2
       1
       2
       4
       2
       1
       1
       0
       0
       2
       2
       0
       1
       1
       3
       3
       0
       0
       1
       1
       1
       3
       6
       0
       0
       2
       3
       3
       2
       1
       1
       2
       0
       1
       4
       3
       2
       0
       0
       1
       1
       1
       1
       1
       2
       2
       4
       2
       5
       2
       1
       5
       3
       2
       5
      15
      30
      29
      21
       8
       2
       1
       0
       3
       0
       1
       1
       1
       0
       4
       1
       1
       1
       1
       2
       1
       0
       0
       0
       1
       1
       1
       1
       1
       0
       0
       2
       0
       0
       1
       1
       2
       1
       2
       0
       1
       1
       3
       1
       1
       1
       2
       1
       0
       2
       1
       1
       3
       0
       0
       1
       0
       0
       0
       0
       1
       0
       0
       0
       1
       1
       0
       1
       1
       0
       1
       2
       1
       2
       1
       1
       0
       2
       0
       1
       0
       1
       1
       1
       0
       0
       0
       0
       1
       1
       1
       2
       0
       0
       0
       1
       1
       2
       2
       1
       0
       0
       0
       0
       1
       1
       1
       0
       0
       0
       3
       1
       1
       1
       1
       2
       0
       0
       1
       1
       0
       1
       0
       0
       0
       1
       3
       1
       0
       0
       0
       0
       0
       0
       0
       1
       3
       0
       0
       0
       1
       0
       1
       0
       0
       0
       0
       0
       0
       0
       0
       0
       0
       0
       2
       2
       0
       1
       1
       1
       0
       1
       0
       0
       0
       0
       0
       1
       1
       0
       0
       0
       0
       0
       1
       0
       2
       1
       0
       1
       0
       1
       0
       2
       1
       0
       1
       0
       0
       1
       0
       0
       1
       1
       0
       0
       0
       2
       1
       0
       0
       1
       0
       1
       2
       0
       0
       0
       0
       0
       1
       2
       0
       0
       1
       1
       4
       2
       0
       1
       1
       1
       1
       0
       0
       0
       0
       2
       0
       0
       0
       0
       0
       0
       0
       3
       3
       0
       0
       0
       0
       2
       2
       0
       0
       0
       1
       1
       8
      23
      41
      30
       7
       3
       0
       1
       0
       0
       0
       0
       0
       0
       1
       0
       0
       1
       0
       0
       0
       1
       0
       0
       0
       0
       0
       0
       0
       0
       0
       0
       1
       2
       0
       1
       0
       0
       0
       1
       0
       1
       0
       0
       0
       0
       0
       0
       0
       0
       0
       0
       0
       0
       0
       1
       0
       0
       0
       0
       0
       0
       1
       1
       0
       0
       0
       2
       0
       0
       0
       0
       0
       0
       0
       0
       0
       0
       1
       0
       0
       0
       0
       0
       1
       0
       0
       0
       0
       1
       0
       0
       0
       0
       1
       0
       1
       0
       0
       1
       0
       0
       2
       0
       1
       1
       0
       0
       0
       0
       0
       0
       1
       0
       0
       0
       0
       0
       0
       1
       0
       2
       0
       2
       0
       0
       0
       0
       0
       0
       0
       0
       1
       0
       0
       0
       1
       0
       0
       0
       0
       0
       0
       0
       0
       1
       0
       0
       1
       0
       0
       0
       0
       0
       0
       1
       0
       1
       0
       0
       0
       0
       0
       0
       1
       0
       0
       0
       0
       1
       0
       0
       0
       0
       0
       0
       0
       1
       0
       1
       0
       0
       0
       0
       1
       0
       0
       0
       0
       0
       1
       0
       1
       2
       0
       0
       0
       0
       0
       0
       1
       2
       0
       0
       0
       1
       0
       0
       1
       0
       0
       0
       0
       2
       3
       1
       0
       0
       0
       1
       1
       0
       0
       0
       1
       0
       1
       0
       1
       0
       1
       0
       0
       0
       1
       1
       0
       0
       0
       0
       0
       0
       0
       0
       0
       0
       2
       0
       0
       1
       0
       0
       0
       0
       0
       0
       0
       0
       0
       0
       0
       0
       0
       0
       1
       0
       0
       0
       0
       0
       0
       1
       4
       6
       3
       2
       1
       1
       0
       0
       0
       0
       0
       0
       1
       0
       0
       1
       0
       0
       0
       0
       0
       0
       0
       0
       0
       1
       0
       0
       1
       0
       0
       0
       0
       0
       0
       0
       0
       0
       0
       0
       0
       0
       0
       0
       0
       0
       1
       0
       0
       0
       0
       0
       0
       0
       0
       0
       0
       0
       0
       0
       0
       0
       0
       0
       0
       0
       1
       0
       0
       0
       0
       0
       0
       0
       0
       1
       0
       0
       0
       0
       1
       0
       0
       0
       0
       0
       0
       1
       0
       1
       0
       0
       0
       0
       0
       0
       0
       2
       0
       0
       1
       0
       0
       0
       0
       0
       0
       1
       0
       1
       0
       0
       0
       0
       0
       0
       0
       0
       0
       0
       0
       0
       0
       0
       0
       0
       0
       0
       0
       0
       0
       0
       0
       0
       0
       0
       0
       0
       0
       0
       0
       0
$ROI:
0
$PRESETS:
None
0
0
$ENER_FIT:
-10.025118 0.801508
$MCA_CAL:
3
-1.002512E+001 8.015075E-001 0.000000E+000 keV
$SHAPE_CAL:
3
0.000000E+000 0.000000E+000 0.000000E+000
