$SPEC_ID:
No sample description was entered.
$SPEC_REM:
DET# 2
DETDESC# ALPHA COUNTER
AP# Maestro Version 7.01
$DATE_MEA:
04/05/2018 21:03:04
$MEAS_TIM:
300 300
$DATA:
0 2047
       0
       0
       0
       0
       0
       0
       0
       0
       0
       0
       0
       0
       0
       0
       0
       0
       0
       0
       0
       0
       0
       0
       0
       3
      16
      22
      15
      19
      18
      14
      20
      12
       9
      12
      17
      16
      15
      16
      11
      10
      18
       9
      18
      19
      15
      14
      13
      17
      13
      17
      22
      12
      16
      13
      11
      14
      12
      12
      11
      10
      12
      10
      14
      13
       7
      13
      11
      14
      19
      14
      14
      11
      12
      14
      14
      16
      13
      15
       8
      11
      16
      13
      10
      12
       9
      12
      17
       8
      20
      14
      16
      21
      23
      17
      38
      18
      15
      16
      15
      10
      13
      12
       9
      12
       7
      12
      19
      27
      12
      15
      25
      13
      21
      12
      12
      10
       8
      13
      12
       5
       9
      12
       8
      12
       9
      11
      10
      11
      15
      17
       9
      14
      21
      11
      16
      17
       8
      11
      11
       9
      10
      11
      10
      11
      15
       6
      10
      11
       7
       6
      11
      13
      11
      11
      11
      13
       6
      10
      15
      15
      10
      13
       6
       8
      15
      15
      12
       9
      12
      17
      21
       7
       9
      12
      29
      20
      16
      11
      15
       6
      11
      22
      14
      18
      17
      20
      26
      26
      21
      20
      17
      23
      26
      19
      23
      20
      17
      11
      15
      13
      13
      19
      11
      13
      10
      21
      18
      13
      11
      12
      15
      15
      17
      18
      24
      12
      18
      22
      16
      11
      20
      13
      15
      18
      16
      13
      13
      20
      19
      12
      17
      28
      20
      14
      20
      22
      14
      12
      12
      13
      17
      14
      16
       7
       6
       9
       6
       8
      12
      10
      13
       6
      12
       7
       8
      12
      12
      10
      12
      10
       4
      13
       4
       8
       4
       8
      12
       9
       7
       5
      12
       8
       7
       7
       8
       8
      11
       5
       5
      11
       8
       7
       8
      11
       6
       9
       3
      10
       5
       8
       9
       9
       3
       6
       5
       5
       2
      11
       4
      10
       4
      19
       9
       5
       8
       8
       7
       4
       6
       7
       3
       9
       7
       4
       8
       5
       7
       5
       6
       9
       4
       5
       4
       4
       7
       5
       2
       3
       7
       5
       4
       7
       5
       2
       6
       7
       3
       4
       4
       5
       3
       3
       7
       6
       3
       3
       7
       3
       4
       4
       4
       6
       7
       4
       2
       1
       6
       8
       7
       4
       4
       8
       5
       2
       8
       5
       8
       2
       3
      10
       4
       3
       3
       3
       3
       5
       1
       7
       3
       4
       4
       5
       2
       2
       3
       5
       3
       0
       6
       6
       4
       7
       0
       5
       7
       4
       7
       3
       4
       4
       2
       3
       3
       4
       7
       2
       3
       4
       6
       4
       6
       4
       4
       7
       6
       3
       5
       6
       5
       5
       8
       9
       5
      16
     270
     475
      77
       2
       2
       2
       4
       0
       1
       2
       2
       1
       3
       2
       1
       3
       2
       2
       1
       4
       3
       1
       3
       0
       1
       4
       2
       2
       3
       1
       2
       0
       1
       3
       1
       0
       3
       2
       2
       4
       2
       4
       3
       0
       1
       4
       2
       2
       4
       1
       3
       2
       5
       5
       3
       3
       0
       3
       2
       2
       2
       0
       3
       2
       2
       3
       1
       2
       4
       3
      20
      35
      13
       4
       3
       1
       4
       0
       1
       1
       0
       1
       3
       4
       5
       0
       2
       3
       1
       1
       1
       1
       3
       3
       2
       1
       1
       1
       0
       6
       2
       2
      34
      58
      13
       1
       5
       4
       2
       1
       1
       0
       0
       2
       0
       0
       1
       1
       0
       1
       1
       1
       4
       2
       2
       5
       0
       1
       2
       0
       2
       0
       1
       3
       1
       0
       3
       0
       4
       3
       1
       3
       2
       0
       2
       1
       0
       0
       0
       4
       2
       2
       3
       0
       2
       0
       3
       0
       2
       0
       2
       4
       0
       3
       2
       0
       1
       1
       1
       0
       2
       2
       1
       1
       0
       1
       1
       0
       1
       1
       3
       0
       1
       2
       3
       3
       1
       0
       1
       3
       2
       0
       1
       0
       1
       1
       1
       0
       1
       2
       0
       3
       0
       4
       1
       1
       2
       3
       0
       0
       2
       0
       5
       1
       1
       3
       0
       1
       3
       1
       2
       4
       1
       2
       0
       2
       1
       2
       3
       1
       0
       0
       0
       3
       1
       0
       1
       3
       0
       0
       0
       4
       3
       3
       1
       1
       2
       1
       2
       1
       3
       3
       0
       3
       1
       1
       2
       0
       0
       1
       2
       0
       1
       1
       1
       0
       4
       0
       4
       2
       1
       2
       3
       0
       3
       1
       0
       0
       0
       2
       2
       0
       1
       1
       3
       1
       0
       1
       0
       1
       3
       0
       2
       3
       1
       3
       2
       1
       0
       2
       2
       2
       1
       0
       2
       3
       1
       2
       1
       0
       1
       2
       3
       3
       2
       0
       3
       4
       2
       0
       2
       1
       0
       0
       1
       4
       1
       4
       1
       0
       1
       1
       0
       0
       0
       2
       3
       1
       4
       2
       1
       3
       3
       0
       3
       3
       1
       1
       2
       0
       1
       0
       1
       2
       0
       0
       3
       2
       1
       0
       3
       1
       2
       0
       2
       1
       0
       1
       1
       0
       0
       0
       2
       0
       4
       1
       1
       6
       0
       5
       0
       3
       2
       1
       0
       2
       0
       3
       0
       0
       1
       1
       1
       1
       2
       3
       0
       1
       0
       0
       2
       2
       1
       1
       0
       1
       0
       2
       0
       1
       2
       0
       4
       2
       3
       2
       1
       1
       1
       1
       1
       1
       1
       0
       1
       0
       1
       3
       1
       2
       2
       2
       1
       2
       3
       0
       1
       3
       0
       0
       0
       0
       0
       0
       2
       1
       2
       2
       1
       0
       0
       0
       0
       3
       2
       2
       0
       0
       1
       1
       1
       0
       1
       1
       1
       1
       1
       3
       0
       1
       1
       1
       2
       1
       0
       0
       0
       1
       0
       2
       2
       1
       1
       2
       0
       2
       0
       1
       0
       1
       1
       0
       0
       3
       0
       0
       3
       1
       0
       2
       0
       1
       0
       1
       1
       1
       1
       2
       0
       2
       1
       2
       2
       1
       0
       0
       0
       1
       1
       0
       1
       3
       1
       1
       0
       1
       2
       3
       0
       0
       0
       1
       1
       1
       1
       1
       4
       2
       0
       1
       3
       1
       2
       0
       0
       0
       3
       1
       0
       0
       1
       0
       2
       1
       0
       1
       1
       1
       1
       0
       1
       1
       1
       2
       1
       0
       1
       0
       1
       0
       0
       0
       1
       1
       2
       0
       2
       1
       1
       1
       0
       1
       4
       3
       2
       3
       1
       0
       1
       0
       0
       0
       0
       1
       3
       2
       0
       1
       1
       2
       1
       1
       1
       2
       0
       1
       1
       1
       2
       2
       7
      10
       9
       1
       2
       0
       1
       0
       1
       0
       2
       1
       3
       4
       1
       1
       1
       0
       2
       3
       1
       0
       3
       0
       1
       2
       0
       2
       1
       2
       0
       1
       1
       1
       1
       1
       1
       4
       3
       2
       0
       0
       3
       3
       1
       2
       0
       2
       1
       1
       1
       1
       3
       1
       1
       2
       2
       2
       3
       2
       1
       1
       0
       4
       0
       2
       5
       2
       2
       0
       2
       0
       1
       1
       1
       4
       1
       0
       4
       3
       2
       2
       3
       1
       1
       3
       0
       0
       1
       1
       2
       1
       1
       0
       1
       1
       1
       0
       0
       1
       2
       0
       0
       1
       3
       1
       1
       1
       1
       1
       0
       1
       2
       1
       3
       1
       2
       1
       2
       3
       0
       0
       2
       0
       1
       2
       1
       1
       0
       1
       1
       3
       1
       0
       1
       3
       1
       0
       1
       1
       0
       0
       0
       1
       4
       0
       1
       1
       0
       1
       4
       2
       0
       1
       2
       1
       1
       5
       1
       2
       0
       0
       1
       0
       0
       0
       1
       0
       6
       1
       0
       0
       1
       0
       0
       1
       1
       1
       1
       0
       0
       0
       2
       2
       0
       2
       0
       0
       2
       0
       3
       0
       0
       1
       2
       0
       4
       2
       0
       0
       0
       0
       1
       0
       0
       2
       1
       1
       0
       1
       0
       0
       1
       0
       1
       0
       1
       0
       1
       0
       0
       2
       4
       0
       2
       0
       2
       4
       0
       1
       0
       2
       1
       2
       1
       3
       3
       2
       2
       1
       0
       0
       0
       1
       0
       1
       1
       2
       0
       0
       0
       2
       0
       1
       1
       1
       0
       4
       1
       1
       0
       0
       1
       2
       0
       2
       2
       0
       4
       0
       0
       1
       0
       1
       2
       0
       1
       1
       2
       1
       2
       1
       1
       2
       1
       2
       1
       0
       2
       1
       3
       1
       1
       2
       0
       2
       0
       2
       1
       2
       1
       3
       1
       0
       1
       0
       0
       0
       3
       3
       0
       3
       2
       3
       2
       2
       0
       1
       3
       1
       1
       4
       1
       1
       1
       3
       3
       2
       1
       1
       0
       0
       1
       1
       0
       0
       1
       1
       1
       1
       0
       1
       1
       2
       1
       1
       1
       0
       1
       0
       1
       4
       7
      23
      22
      14
       6
       0
       0
       2
       1
       2
       3
       1
       0
       0
       1
       1
       1
       1
       0
       2
       1
       0
       0
       0
       0
       2
       0
       0
       2
       1
       0
       1
       1
       0
       0
       0
       1
       0
       0
       0
       0
       0
       2
       0
       1
       0
       2
       1
       1
       1
       0
       2
       0
       1
       0
       0
       2
       0
       0
       0
       1
       0
       1
       1
       1
       0
       1
       0
       2
       0
       1
       2
       0
       1
       0
       0
       0
       1
       3
       1
       0
       0
       0
       0
       1
       0
       0
       1
       3
       0
       1
       0
       0
       2
       0
       1
       1
       1
       1
       1
       0
       0
       1
       1
       1
       0
       0
       0
       0
       1
       1
       1
       0
       0
       1
       0
       1
       1
       0
       1
       1
       0
       0
       0
       1
       0
       2
       2
       0
       0
       0
       1
       0
       0
       0
       0
       0
       0
       0
       0
       1
       0
       0
       1
       1
       0
       2
       0
       1
       0
       0
       1
       0
       1
       1
       1
       0
       1
       0
       0
       1
       0
       0
       1
       0
       0
       0
       2
       0
       0
       0
       1
       0
       0
       0
       2
       0
       1
       0
       4
       1
       0
       1
       1
       0
       0
       0
       0
       1
       0
       1
       0
       0
       1
       1
       1
       1
       1
       0
       0
       1
       0
       1
       0
       1
       1
       0
       2
       2
       1
       0
       0
       0
       0
       1
       0
       1
       0
       0
       0
       1
       0
       0
       0
       0
       0
       0
       1
       1
       0
       1
       1
       0
       1
       1
       0
       2
       0
       2
       0
       1
       0
       2
       1
       2
       0
       1
       3
       9
      15
      30
      19
       5
       0
       0
       0
       0
       1
       0
       1
       0
       0
       0
       0
       0
       0
       0
       0
       0
       1
       0
       1
       0
       0
       0
       1
       0
       0
       1
       0
       1
       1
       0
       0
       0
       0
       0
       0
       0
       0
       1
       0
       1
       0
       0
       0
       0
       0
       0
       0
       1
       0
       1
       0
       0
       0
       0
       0
       0
       0
       0
       0
       1
       0
       0
       0
       0
       0
       1
       0
       0
       0
       0
       0
       0
       0
       0
       0
       0
       1
       1
       0
       1
       0
       0
       0
       0
       0
       0
       0
       0
       1
       0
       0
       0
       0
       0
       1
       1
       0
       0
       0
       0
       0
       0
       0
       0
       0
       0
       1
       0
       0
       1
       0
       0
       0
       0
       0
       0
       0
       1
       0
       0
       1
       0
       0
       0
       0
       0
       0
       0
       0
       0
       0
       0
       0
       0
       1
       0
       0
       0
       0
       1
       0
       0
       0
       0
       0
       0
       0
       2
       0
       0
       0
       0
       0
       0
       0
       0
       0
       0
       0
       0
       0
       0
       0
       0
       0
       0
       0
       0
       1
       0
       0
       0
       0
       0
       0
       0
       0
       0
       1
       0
       1
       1
       0
       0
       0
       0
       0
       0
       0
       0
       0
       0
       1
       0
       0
       1
       0
       0
       0
       0
       0
       1
       0
       0
       0
       0
       0
       1
       2
       2
       0
       0
       0
       1
       0
       0
       0
       0
       0
       0
       1
       0
       0
       0
       0
       0
       0
       0
       0
       0
       0
       0
       0
       0
       0
       0
       0
       0
       0
       0
       0
       0
       0
       0
       0
       0
       0
       0
       0
       0
       1
       0
       0
       1
       0
       0
       0
       0
       0
       0
       0
       0
       0
       0
       0
       0
       2
       5
       4
       1
       3
       1
       1
       0
       0
       0
       0
       0
       1
       0
       0
       0
       0
       0
       0
       0
       0
       0
       0
       0
       0
       0
       1
       0
       0
       0
       0
       0
       0
       0
       0
       0
       0
       0
       1
       1
       0
       0
       0
       0
       0
       1
       0
       0
       0
       0
       0
       0
       0
       0
       0
       0
       0
       0
       0
       0
       0
       0
       0
       0
       0
       0
       0
       0
       0
       0
       1
       1
       0
       0
       0
       0
       0
       0
       0
       0
       0
       0
       0
       0
       0
       0
       0
       1
       0
       0
       0
       0
       0
       0
       0
       0
       2
       0
       0
       0
       0
       0
       0
       0
       0
       0
       1
       0
       0
       0
       0
       0
       0
       0
       0
       0
       0
       0
       0
       0
       0
       0
       0
       0
       0
       0
       0
       0
       0
       0
       0
       0
       0
       0
       0
       0
       0
       0
       0
       0
       0
       0
       0
$ROI:
0
$PRESETS:
None
0
0
$ENER_FIT:
-10.025118 0.801508
$MCA_CAL:
3
-1.002512E+001 8.015075E-001 0.000000E+000 keV
$SHAPE_CAL:
3
0.000000E+000 0.000000E+000 0.000000E+000
