$SPEC_ID:
No sample description was entered.
$SPEC_REM:
DET# 2
DETDESC# ALPHA COUNTER
AP# Maestro Version 7.01
$DATE_MEA:
04/05/2018 20:29:51
$MEAS_TIM:
300 300
$DATA:
0 2047
       0
       0
       0
       0
       0
       0
       0
       0
       0
       0
       0
       0
       0
       0
       0
       0
       0
       0
       0
       0
       0
       0
       0
       1
      34
      28
      40
      38
      26
      28
      24
      31
      36
      32
      19
      34
      23
      30
      24
      29
      32
      28
      17
      37
      29
      25
      32
      29
      26
      32
      32
      25
      28
      17
      19
      18
      31
      19
      23
      36
      23
      29
      23
      26
      24
      25
      21
      23
      26
      32
      20
      19
      28
      27
      20
      17
      23
      23
      25
      20
      25
      30
      22
      24
      28
      20
      21
      28
      22
      26
      33
      51
      28
      34
      71
      32
      32
      27
      27
      21
      14
      18
      23
      20
      21
      21
      48
      23
      19
      28
      27
      25
      21
      19
      23
      19
      22
      26
      23
      18
      29
      27
      27
      20
      20
      15
      24
      17
      25
      16
      18
      22
      22
      18
      18
      19
      16
      27
      26
      28
      25
      31
      26
      24
      29
      14
      19
      26
      19
      16
      30
      23
      20
      29
      24
      16
      19
      21
      15
      18
      17
      21
      23
      24
      18
      22
      21
      19
      27
      21
      30
      26
      19
      27
     118
      50
      30
      15
      31
      28
      13
      27
      22
      24
      23
      35
      18
      27
      35
      34
      41
      29
      37
      34
      32
      30
      24
      29
      34
      20
      22
      37
      38
      36
      33
      34
      30
      33
      30
      25
      34
      23
      32
      27
      34
      25
      33
      20
      18
      22
      29
      21
      20
      27
      24
      24
      32
      27
      24
      28
      25
      22
      28
      25
      33
      30
      24
      24
      28
      30
      19
      23
      31
      26
      15
      13
      22
      22
      18
       8
      20
      19
      22
      15
      24
      12
      19
      12
      21
      13
      11
      15
      13
      18
      15
      18
      18
      20
      12
      15
      19
      17
      17
      15
      28
      24
       9
      18
      22
      15
      17
      22
      12
      26
      12
      11
      16
      12
      15
      11
      19
      15
      12
      12
      12
      12
      17
      16
      22
      13
      14
      16
      13
      10
      13
      12
      18
      12
      15
       8
      11
      13
      18
      11
      11
      10
      16
      10
      13
       7
      15
      12
      15
      18
      13
       7
      16
      13
      16
       8
      11
      16
       7
      11
      13
       9
      11
       6
       6
       6
      14
       4
      11
       9
       8
       5
      11
       8
       7
       4
      16
       6
      14
      10
       8
      11
       8
      12
       7
      14
       6
       4
      10
       9
      12
       5
       6
       9
       3
      15
      13
      10
       6
       6
       4
       8
       7
      10
       8
       7
      10
       7
      13
      10
       9
       6
       5
       5
       5
       4
       9
      10
       9
      10
       9
       9
      11
       5
       4
       9
       6
       5
       8
      10
       9
       5
       9
       7
       9
      13
       7
       8
      11
       7
       4
       9
       8
      11
       8
      16
      12
      12
      15
      49
     454
     914
     162
       8
       4
       3
       3
       4
       8
      10
       5
       2
       2
       3
       2
       5
       3
       2
       3
       5
       6
       2
       5
       2
       3
       5
       9
       8
       4
       2
       4
       5
       4
       5
       1
       5
       8
       3
       3
       5
       3
       3
       5
       1
       4
       5
       4
       3
       3
       2
       1
       5
       6
       7
       2
       4
       6
       6
       3
       1
       0
       5
       3
       5
       3
       3
       2
       2
       3
       4
      26
      61
      29
       2
       1
       3
       9
       3
       7
       3
       3
       5
       4
       7
       6
       3
       5
       1
       1
       4
       6
       2
       3
       3
       3
       3
       3
       2
       1
       6
       9
       5
      55
     147
      30
       1
       0
       3
       1
       2
       2
       2
       2
       1
       0
       3
       0
       3
       6
       3
       3
       3
       4
       5
       2
       4
       3
       2
       5
       2
       2
       2
       2
       1
       2
       4
       2
       2
       2
       2
       4
       2
       1
       2
       3
       5
       3
       2
       4
       2
       3
       3
       4
       3
       1
       1
       2
       0
       1
       3
       1
       3
       6
       3
       1
       1
       5
       5
       2
       1
       0
       5
       1
       5
       0
       3
       4
       5
       4
       2
       2
       3
       1
       2
       4
       1
       2
       4
       4
       4
       5
       5
       0
       2
       8
       1
       3
       0
       1
       3
       4
       5
       2
       1
       2
       2
       6
       4
       1
       1
       3
       1
       4
       3
       3
       5
       0
       6
       7
       2
       2
       9
       4
       2
       3
       2
       0
       0
       6
       0
       2
       4
       3
       3
       2
       6
       1
       0
       2
       4
       3
       2
       2
       1
       1
       3
       4
       4
       7
       2
       5
       2
       0
       3
       1
       0
       1
       1
       1
       1
       3
       1
       1
       2
       1
       4
       7
       3
       2
       2
       1
       2
       4
       4
       3
       3
       2
       1
       6
       4
       5
       4
       5
       2
       1
       3
       3
       5
       2
       3
       3
       4
       1
       1
       3
       2
       6
       0
       4
       5
       2
       2
       1
       4
       3
       5
       4
       3
       0
       0
       3
       0
       6
       5
       1
       2
       2
       4
       1
       2
       3
       8
       4
       1
       2
       5
       3
       1
       0
       2
       2
       2
       2
       5
       2
       1
       3
       4
       6
       2
       3
       2
       4
       4
       6
       1
       6
       2
       3
       2
       4
       1
       6
       5
       2
       2
       3
       0
       3
       5
       3
       2
       2
       3
       3
       1
       1
       3
       3
       2
       2
       1
       3
       4
       0
       4
       3
       4
       2
       3
       1
       3
       2
       4
       2
       1
       0
       1
       3
       0
       3
       3
       3
       3
       2
       6
       0
       1
       2
       4
       3
       7
       4
       3
       0
       4
       1
       2
       3
       3
       2
       4
       3
       1
       1
       5
       3
       5
       4
       6
       0
       1
       1
       2
       5
       2
       1
       4
       3
       1
       2
       1
       0
       4
       3
       1
       0
       2
       4
       1
       3
       1
       1
       5
       3
       2
       5
       2
       3
       2
       4
       1
       2
       2
       1
       2
       4
       3
       2
       1
       2
       2
       1
       0
       2
       2
       2
       1
       3
       2
       2
       1
       2
       2
       2
       4
       4
       4
       1
       0
       2
       2
       4
       2
       4
       3
       1
       3
       5
       4
       2
       1
       2
       3
       0
       3
       5
       2
       5
       1
       1
       4
       0
       2
       2
       4
       5
       4
       0
       4
       2
       1
       2
       2
       5
       2
       3
       1
       4
       4
       4
       4
       1
       2
       1
       5
       1
       2
       4
       2
       6
       2
       1
       1
       4
       1
       3
       2
       3
       1
       2
       1
       2
       3
       5
       2
       4
       1
       5
       1
       4
       6
       2
       5
       3
       5
       2
       2
       1
       1
       3
       1
       3
       2
       5
       8
       3
       3
       4
       5
       4
       3
       6
       1
       4
       2
       1
       1
       5
       3
       3
       2
       0
       5
       4
       3
       5
       4
       1
       3
       3
       2
       4
       5
       2
       3
       4
       4
       2
       6
       4
       5
       2
       2
       4
       2
       4
       3
       4
       2
       9
      32
      16
      10
       4
       2
       4
       6
       2
       3
       2
       4
       2
       4
       3
       1
       5
       3
       7
       6
       2
       4
       1
       4
       2
       3
       4
       2
       2
       7
       3
       4
       5
       5
       4
       6
       4
       2
       7
       6
       2
       2
       1
       5
       4
       3
       6
       3
       2
       3
       3
       0
       3
       3
       2
       5
       4
       5
       3
       1
       1
       2
       5
       1
       2
       2
       6
       4
       2
       3
       1
       3
       4
       3
       7
       5
       5
       4
       3
       4
       4
       3
       4
       6
       0
       3
       1
       8
       3
       5
       4
       4
       3
       2
       4
       4
       2
       1
       2
       4
       2
       6
       2
       0
       4
       2
       2
       6
       1
       0
       2
       6
       2
       1
       3
       1
       5
       5
       1
       1
       4
       1
       2
       1
       2
       0
       2
       3
       2
       2
       5
       0
       0
       3
       2
       3
       2
       2
       3
       5
       5
       0
       3
       5
       6
       3
       6
       2
       2
       1
       4
       1
       4
       3
       2
       4
       2
       2
       7
       1
       3
       3
       2
       1
       0
       3
       1
       4
       7
       1
       2
       2
       0
       2
       4
       4
       0
       1
       2
       2
       2
       0
       1
       2
       5
       3
       4
       2
       0
       0
       1
       1
       4
       1
       1
       8
       2
       1
       3
       3
       4
       2
       2
       2
       3
       1
       0
       2
       3
       2
       3
       2
       0
       2
       3
       4
       3
       0
       6
       5
       1
       0
       1
       2
       1
       0
       3
       1
       2
       2
       2
       1
       0
       5
       3
       5
       0
       5
       8
       2
       6
       3
       4
       1
       2
       3
       4
       1
       4
       4
       2
       3
       0
       3
       2
       1
       1
       4
       1
       5
       3
       5
       2
       4
       0
       2
       2
       1
       1
       1
       5
       3
       3
       1
       5
       3
       4
       4
       3
       2
       4
       0
       0
       4
       1
       2
       5
       3
       2
       1
       2
       4
       2
       3
       3
       5
       4
       6
       5
       1
       4
       4
       6
       1
       2
       5
       2
       1
       7
       2
       2
       4
       4
       3
       2
       4
       2
       2
       2
       4
       2
       6
       2
       4
       2
       5
       2
       5
       1
       3
       4
       1
       1
       2
       1
       1
       2
       0
       2
       1
       3
       3
       2
       0
       1
       2
       2
       3
       1
       5
       2
       8
      16
      35
      56
      33
       7
       2
       0
       5
       1
       3
       1
       2
       0
       1
       0
       2
       2
       1
       0
       2
       0
       1
       2
       2
       0
       0
       3
       1
       1
       1
       0
       0
       2
       1
       0
       2
       1
       2
       1
       2
       3
       0
       2
       1
       1
       1
       0
       1
       0
       1
       4
       1
       2
       1
       2
       0
       2
       1
       4
       2
       1
       3
       1
       1
       0
       1
       2
       1
       0
       1
       1
       0
       1
       2
       2
       0
       1
       0
       4
       0
       0
       2
       2
       2
       0
       0
       1
       0
       0
       2
       2
       0
       0
       1
       0
       2
       0
       2
       1
       3
       0
       1
       2
       1
       1
       1
       0
       1
       1
       0
       1
       2
       1
       1
       0
       1
       1
       0
       1
       3
       1
       1
       0
       0
       1
       0
       0
       1
       1
       1
       1
       2
       1
       0
       0
       1
       2
       3
       2
       0
       0
       1
       1
       0
       0
       3
       2
       1
       1
       2
       0
       0
       0
       2
       0
       0
       0
       0
       0
       2
       0
       0
       1
       0
       2
       1
       0
       1
       1
       1
       1
       1
       0
       0
       0
       1
       0
       2
       1
       0
       2
       1
       1
       1
       0
       1
       0
       1
       0
       0
       1
       2
       3
       0
       0
       1
       1
       0
       1
       1
       1
       0
       1
       1
       0
       1
       0
       1
       1
       0
       0
       0
       0
       2
       1
       1
       0
       1
       0
       1
       1
       0
       0
       0
       0
       2
       1
       0
       0
       1
       1
       0
       0
       0
       0
       0
       2
       2
       1
       0
       1
       0
       0
       0
       0
       2
       0
      11
      11
      43
      47
      57
      22
       3
       0
       0
       1
       1
       0
       1
       0
       0
       1
       1
       0
       1
       0
       0
       1
       0
       0
       0
       0
       0
       0
       0
       0
       0
       0
       0
       0
       0
       0
       1
       2
       0
       0
       1
       0
       1
       0
       0
       0
       0
       0
       0
       0
       0
       0
       0
       1
       0
       1
       1
       0
       0
       1
       0
       1
       0
       0
       0
       0
       0
       1
       1
       1
       3
       0
       0
       1
       0
       2
       0
       0
       0
       0
       2
       1
       1
       1
       0
       0
       0
       0
       0
       1
       1
       1
       0
       0
       0
       0
       0
       1
       0
       2
       0
       0
       0
       0
       1
       0
       0
       0
       0
       0
       0
       2
       0
       0
       1
       0
       0
       0
       0
       1
       1
       0
       1
       0
       0
       0
       0
       0
       1
       1
       0
       0
       0
       1
       1
       0
       0
       0
       0
       0
       0
       0
       1
       0
       0
       0
       0
       0
       0
       1
       1
       0
       1
       0
       0
       0
       1
       1
       1
       0
       1
       0
       1
       1
       1
       0
       0
       0
       0
       0
       0
       0
       0
       0
       0
       0
       0
       0
       0
       0
       1
       1
       0
       0
       0
       1
       0
       0
       2
       1
       0
       0
       1
       1
       0
       1
       0
       2
       0
       0
       0
       1
       1
       0
       1
       0
       0
       0
       0
       1
       0
       0
       2
       0
       2
       1
       2
       1
       1
       0
       1
       0
       0
       0
       0
       0
       0
       0
       1
       0
       1
       2
       0
       1
       0
       1
       0
       0
       0
       0
       0
       0
       0
       0
       0
       0
       1
       0
       0
       0
       0
       0
       0
       0
       0
       0
       1
       0
       0
       1
       0
       0
       0
       1
       1
       0
       0
       0
       0
       0
       2
       0
       3
       7
       3
       3
       1
       0
       0
       0
       0
       0
       0
       0
       0
       0
       0
       0
       0
       0
       1
       1
       0
       0
       1
       0
       0
       1
       1
       0
       0
       1
       0
       0
       0
       0
       1
       1
       0
       1
       0
       0
       0
       0
       0
       0
       1
       0
       2
       0
       2
       0
       0
       0
       0
       0
       1
       0
       1
       0
       0
       0
       0
       0
       0
       0
       0
       0
       0
       0
       0
       0
       1
       0
       1
       0
       0
       0
       0
       0
       0
       0
       0
       1
       0
       0
       0
       0
       0
       0
       0
       0
       0
       0
       0
       0
       0
       0
       0
       1
       2
       0
       0
       0
       0
       0
       0
       0
       1
       0
       0
       0
       0
       0
       0
       0
       0
       0
       0
       0
       0
       0
       0
       0
       0
       0
       0
       0
       0
       0
       0
       0
       0
       0
       0
       0
       0
       0
       0
       0
       0
       0
       0
       0
       0
$ROI:
0
$PRESETS:
None
0
0
$ENER_FIT:
-10.025118 0.801508
$MCA_CAL:
3
-1.002512E+001 8.015075E-001 0.000000E+000 keV
$SHAPE_CAL:
3
0.000000E+000 0.000000E+000 0.000000E+000
