$SPEC_ID:
No sample description was entered.
$SPEC_REM:
DET# 2
DETDESC# ALPHA COUNTER
AP# Maestro Version 7.01
$DATE_MEA:
04/05/2018 20:54:58
$MEAS_TIM:
300 300
$DATA:
0 2047
       0
       0
       0
       0
       0
       0
       0
       0
       0
       0
       0
       0
       0
       0
       0
       0
       0
       0
       0
       0
       0
       0
       0
       0
      36
      32
      29
      38
      26
      37
      34
      26
      19
      25
      22
      21
      19
      21
      17
      19
      21
      22
      27
      15
      23
      26
      21
      23
      23
      13
      19
      23
      17
      30
      23
      14
      18
      28
      25
      22
      31
      18
      25
      15
      15
      27
      19
      25
      13
      11
      19
      27
      19
      25
      22
      20
      20
      18
      21
      21
      26
      23
      20
      22
      26
      18
      29
      20
      23
      23
      24
      37
      24
      30
      69
      19
      15
      20
      16
      15
      22
      19
      22
      21
      19
      19
      47
      26
      13
      25
      28
      21
      22
      23
      16
      29
      22
      17
      18
      17
      19
      19
      19
      24
      23
      16
      24
      21
      18
      12
      14
      20
      20
      19
      22
      20
      18
      19
      19
      23
      24
      19
      20
      18
      21
      21
      22
      23
      23
      30
      22
      24
      16
      22
      23
      21
      19
      26
      17
      20
      15
      16
      22
      17
      21
      26
      21
      26
      22
      24
      25
      13
      29
      26
      80
      37
      21
      20
      31
      25
      20
      19
      22
      18
      31
      32
      33
      27
      23
      35
      32
      31
      29
      31
      44
      26
      29
      28
      24
      26
      21
      31
      30
      22
      25
      24
      29
      20
      18
      35
      31
      23
      29
      24
      23
      20
      16
      27
      20
      25
      21
      19
      21
      15
      35
      23
      21
      31
      30
      18
      28
      22
      14
      25
      21
      22
      20
      22
      21
      17
      21
      23
      16
      16
      26
      22
      17
      15
      17
      15
      14
      23
      16
      13
      15
      14
      12
      17
      17
      18
      21
      10
      15
      14
       6
      12
      14
      19
      17
      11
      10
      13
      15
      10
      13
      17
      10
      16
      18
      22
      13
      11
      14
      12
      16
      16
      13
      11
      13
       9
      14
      13
      11
       9
      11
      17
       7
      16
      11
      13
      16
      13
      15
      16
      11
      10
      11
       7
      11
      17
       9
       4
      20
      14
      15
       7
      10
      10
      13
      19
      13
      10
       5
      15
      13
      14
      16
       5
      11
       6
      10
      10
       9
       5
       9
      10
      11
      11
       9
       3
      11
       6
       7
      17
      13
       8
       5
       7
      11
       8
      10
      12
       9
       6
       7
       8
       7
      10
       7
      10
       7
       3
       8
      12
      12
       9
       7
       8
       9
       3
       7
       8
      11
       7
       6
       3
       4
      10
       8
       6
       4
       9
       8
       6
       9
       7
       3
       7
       4
      11
       2
       3
       9
       2
       6
      10
      10
       8
       4
       4
       4
      11
       2
       7
       8
      10
       6
       4
       3
       5
       7
      13
       6
       8
       7
       9
       7
       4
       7
       4
       6
       5
      12
      53
     470
     843
     142
       6
       4
       0
       6
       3
       4
       4
       5
       1
       1
       5
       2
       1
       4
       4
       3
       1
       1
       5
       7
       2
       6
       9
       8
       7
       4
       5
       1
       3
       2
       6
       1
       5
       5
       2
       3
       3
       3
       4
       1
       1
       2
       2
       4
       3
       6
       4
       4
       1
       3
       2
       6
       4
       3
       3
       5
       1
       1
       5
       7
       2
       2
       1
       3
       3
       2
       9
      16
      46
      13
       1
       3
       3
       4
       3
       1
       6
       2
       4
       3
       1
       3
       3
       1
       4
       3
       1
       3
       4
       1
       3
       4
       4
       3
       2
       2
       3
       3
       6
      64
     114
      31
       4
       1
       3
       3
       4
       2
       1
       2
       1
       6
       4
       5
       3
       4
       2
       1
       9
       5
       2
       3
       4
       1
       4
       4
       6
       0
       1
       2
       4
       1
       3
       1
       1
       3
       3
       0
       2
       2
       1
       2
       4
       1
       0
       3
       7
       3
       0
       5
       3
       4
       5
       4
       3
       3
       1
       1
       5
       7
       5
       3
       3
       1
       3
       4
       1
       1
       2
       2
       3
       2
       1
       1
       1
       2
       5
       1
       5
       1
       2
       2
       3
       2
       5
       2
       1
       3
       3
       1
       3
       2
       4
       3
       2
       2
       1
       5
       1
       3
       0
       7
       1
       3
       5
       2
       5
       5
       3
       1
       7
       3
       1
       1
       2
       3
       1
       1
       4
       4
       5
       0
       1
       1
       2
       4
       1
       3
       5
       4
       2
       3
       6
       1
       1
       2
       1
       2
       3
       4
       2
       3
       2
       2
       2
       0
       1
       2
       5
       0
       0
       2
       1
       0
       3
       0
       4
       2
       7
       1
       1
       7
       2
       4
       4
       3
       1
       1
       3
       1
       0
       2
       5
       0
       3
       2
       3
       1
       3
       2
       3
       1
       0
       5
       3
       3
       4
       2
       3
       3
       4
       2
       4
       3
       4
       5
       2
       2
       3
       4
       3
       2
       1
       1
       4
       2
       2
       0
       1
       3
       4
       4
       4
       3
       2
       3
       2
       3
       0
       5
       1
       0
       3
       1
       1
       3
       2
       1
       1
       2
       6
       2
       8
       0
       3
       1
       4
       1
       3
       1
       0
       2
       1
       3
       2
       0
       2
       2
       1
       0
       2
       3
       3
       3
       2
       2
       4
       1
       4
       2
       2
       1
       5
       1
       3
       3
       1
       4
       1
       1
       1
       3
       3
       3
       0
       5
       6
       2
       4
       1
       1
       0
       1
       5
       2
       1
       3
       2
       2
       4
       0
       1
       4
       2
       1
       0
       3
       2
       0
       3
       2
       0
       1
       3
       3
       3
       1
       6
       4
       4
       2
       1
       1
       6
       2
       1
       2
       2
       1
       1
       3
       0
       0
       3
       5
       3
       4
       4
       1
       5
       1
       1
       2
       6
       1
       3
       2
       1
       6
       4
       3
       3
       2
       3
       2
       2
       2
       1
       3
       1
       2
       0
       6
       1
       2
       2
       4
       1
       3
       3
       1
       4
       2
       0
       4
       1
       1
       0
       4
       4
       0
       3
       2
       1
       3
       3
       6
       3
       2
       1
       0
       2
       2
       1
       1
       0
       3
       2
       1
       1
       2
       0
       3
       1
       2
       0
       2
       3
       2
       2
       4
       5
       0
       2
       1
       3
       4
       0
       5
       1
       3
       3
       2
       0
       1
       3
       1
       1
       0
       4
       0
       2
       1
       0
       0
       1
       2
       3
       3
       0
       2
       2
       1
       0
       5
       2
       2
       5
       4
       5
       3
       4
       4
       1
       4
       2
       1
       3
       0
       0
       2
       2
       3
       2
       4
       2
       2
       0
       3
       3
       4
       3
       1
       2
       1
       4
       0
       2
       2
       1
       5
       2
       4
       6
       5
       1
       4
       4
       3
       2
       0
       5
       2
       3
       2
       1
       1
       0
       0
       4
       3
       2
       3
       3
       4
       8
       1
       3
       3
       4
       2
       2
       1
       3
       2
       4
       3
      11
      13
      10
       1
       4
       2
       2
       1
       3
       5
       3
       1
       3
       2
       2
       0
       0
       1
       2
       3
       1
       1
       2
       2
       3
       4
       3
       5
       4
       4
       3
       2
       2
       3
       1
       4
       7
       5
       1
       4
       2
       4
       4
       5
       2
       3
       1
       2
       5
       2
       3
       0
       3
       4
       0
       2
       0
       4
       3
       3
       0
       1
       2
       3
       2
       5
       2
       3
       3
       4
       1
       3
       4
       1
       3
       1
       3
       1
       3
       6
       1
       2
       6
       4
       4
       5
       3
       3
       1
       3
       0
       4
       3
       4
       0
       1
       4
       2
       4
       3
       2
       4
       1
       1
       1
       2
       4
       0
       1
       5
       3
       1
       3
       4
       5
       0
       0
       0
       2
       2
       5
       1
       2
       2
       0
       2
       4
       0
       2
       3
       0
       1
       2
       1
       2
       3
       1
       2
       4
       0
       4
       1
       0
       3
       1
       2
       2
       2
       0
       3
       2
       0
       2
       3
       3
       2
       4
       3
       2
       4
       3
       2
       3
       3
       5
       3
       0
       0
       0
       0
       3
       1
       1
       1
       2
       2
       0
       1
       4
       0
       6
       2
       3
       4
       4
       2
       3
       2
       0
       0
       1
       1
       3
       2
       2
       3
       1
       2
       1
       1
       5
       3
       0
       5
       2
       1
       1
       2
       1
       0
       2
       3
       2
       2
       1
       2
       3
       0
       3
       2
       0
       2
       2
       2
       0
       3
       5
       3
       4
       1
       2
       4
       5
       3
       2
       1
       0
       0
       0
       2
       2
       2
       2
       3
       3
       2
       2
       2
       3
       2
       1
       0
       1
       3
       4
       4
       2
       1
       4
       0
       2
       0
       2
       1
       1
       1
       5
       2
       1
       2
       2
       2
       0
       3
       3
       1
       1
       4
       3
       4
       2
       1
       1
       1
       3
       2
       0
       2
       2
       4
       0
       0
       3
       3
       2
       2
       8
       0
       2
       1
       1
       1
       1
       1
       1
       3
       4
       7
       2
       1
       4
       0
       2
       1
       5
       0
       2
       0
       2
       1
       0
       3
       0
       0
       1
       0
       2
       0
       0
       3
       0
       1
       3
       0
       3
       6
       1
       2
       2
       2
       2
       3
       1
       0
       2
       6
       0
       1
       3
       2
       8
       9
      12
      28
      53
      29
       5
       0
       0
       2
       1
       1
       1
       0
       3
       1
       2
       1
       0
       0
       1
       1
       3
       0
       2
       1
       2
       1
       3
       2
       0
       1
       0
       1
       0
       6
       2
       1
       0
       1
       0
       3
       0
       1
       0
       0
       1
       2
       0
       2
       1
       0
       0
       1
       1
       2
       0
       0
       0
       1
       3
       0
       3
       1
       1
       0
       2
       0
       0
       1
       0
       1
       1
       1
       1
       1
       0
       0
       2
       0
       1
       1
       2
       0
       0
       0
       1
       0
       0
       2
       0
       0
       0
       0
       0
       0
       0
       1
       0
       2
       2
       0
       2
       2
       0
       1
       0
       0
       0
       0
       1
       2
       2
       0
       1
       1
       1
       1
       1
       0
       0
       2
       1
       2
       0
       0
       3
       0
       2
       0
       1
       0
       0
       0
       0
       0
       0
       0
       1
       0
       1
       2
       1
       1
       2
       1
       1
       0
       0
       1
       0
       0
       1
       0
       1
       0
       0
       2
       0
       1
       0
       0
       2
       1
       0
       0
       1
       2
       0
       2
       0
       0
       1
       1
       1
       0
       0
       1
       1
       2
       0
       1
       1
       0
       1
       0
       0
       3
       1
       0
       1
       0
       2
       2
       0
       2
       1
       1
       0
       0
       0
       0
       0
       2
       0
       1
       1
       0
       0
       0
       0
       0
       0
       1
       1
       0
       0
       1
       1
       0
       0
       0
       1
       1
       0
       0
       0
       2
       1
       0
       0
       1
       1
       2
       0
       1
       0
       2
       1
       1
       1
       0
       0
       0
       1
       0
       2
       2
       2
       6
      21
      40
      36
      43
      12
       2
       0
       0
       0
       0
       0
       1
       0
       0
       0
       1
       0
       0
       0
       0
       0
       1
       1
       0
       0
       0
       0
       0
       0
       0
       0
       1
       2
       0
       0
       0
       0
       0
       1
       1
       0
       0
       0
       0
       0
       0
       0
       0
       0
       1
       0
       1
       0
       0
       1
       0
       0
       0
       0
       1
       2
       1
       0
       0
       1
       0
       0
       1
       0
       0
       1
       0
       0
       0
       1
       0
       0
       0
       0
       0
       0
       1
       0
       0
       0
       0
       0
       0
       0
       1
       0
       0
       0
       0
       1
       0
       1
       0
       0
       0
       1
       0
       0
       0
       0
       0
       0
       0
       0
       0
       1
       1
       0
       0
       0
       0
       0
       1
       0
       0
       1
       0
       0
       0
       0
       0
       0
       1
       0
       1
       0
       0
       1
       0
       0
       0
       0
       0
       1
       0
       0
       1
       0
       0
       0
       1
       1
       0
       0
       0
       0
       0
       0
       0
       1
       0
       0
       1
       0
       0
       1
       0
       1
       0
       0
       1
       0
       0
       0
       0
       0
       0
       0
       0
       0
       0
       2
       1
       0
       0
       0
       1
       0
       1
       0
       0
       3
       0
       1
       0
       1
       0
       0
       0
       0
       0
       0
       0
       0
       0
       0
       0
       0
       0
       0
       1
       2
       0
       1
       0
       1
       0
       1
       1
       0
       0
       1
       1
       0
       0
       0
       0
       2
       0
       0
       0
       0
       0
       1
       0
       0
       0
       0
       0
       0
       0
       0
       1
       0
       0
       0
       0
       0
       0
       0
       0
       2
       0
       1
       0
       0
       0
       1
       0
       0
       0
       1
       1
       0
       0
       0
       0
       1
       2
       2
       0
       1
       0
       0
       0
       1
       2
       3
       5
       0
       2
       0
       0
       0
       0
       1
       1
       0
       0
       0
       0
       0
       0
       0
       0
       0
       0
       0
       0
       1
       0
       0
       0
       1
       0
       0
       0
       0
       0
       1
       1
       0
       0
       0
       0
       0
       0
       0
       0
       0
       1
       0
       0
       0
       0
       0
       0
       1
       2
       0
       0
       0
       0
       0
       0
       0
       0
       0
       1
       0
       0
       0
       0
       0
       0
       0
       1
       0
       0
       0
       1
       0
       0
       0
       2
       0
       0
       0
       0
       1
       0
       0
       0
       0
       0
       0
       0
       0
       0
       0
       0
       1
       0
       0
       0
       1
       0
       1
       1
       1
       0
       0
       1
       0
       0
       0
       0
       0
       0
       0
       0
       0
       0
       0
       0
       0
       0
       0
       0
       0
       0
       0
       0
       0
       0
       0
       0
       0
       0
       0
       0
       0
       0
       0
       0
       0
       0
       0
       0
$ROI:
0
$PRESETS:
None
0
0
$ENER_FIT:
-10.025118 0.801508
$MCA_CAL:
3
-1.002512E+001 8.015075E-001 0.000000E+000 keV
$SHAPE_CAL:
3
0.000000E+000 0.000000E+000 0.000000E+000
