$SPEC_ID:
No sample description was entered.
$SPEC_REM:
DET# 2
DETDESC# ALPHA COUNTER
AP# Maestro Version 7.01
$DATE_MEA:
04/05/2018 15:29:57
$MEAS_TIM:
600 601
$DATA:
0 2047
       0
       0
       0
       0
       0
       0
       0
       0
       0
       0
       0
       0
       0
       0
       0
       0
       0
       0
       0
       0
       0
       0
       0
       1
      42
      45
      52
      41
      45
      46
      48
      46
      31
      44
      41
      51
      36
      39
      44
      50
      40
      42
      48
      42
      46
      41
      37
      43
      33
      47
      42
      39
      52
      39
      38
      36
      24
      36
      34
      38
      30
      21
      34
      30
      39
      40
      23
      29
      42
      28
      37
      37
      32
      24
      41
      37
      43
      40
      35
      30
      26
      36
      37
      45
      39
      29
      44
      26
      44
      42
      37
      55
      45
      50
     113
      49
      38
      44
      34
      42
      36
      35
      37
      40
      32
      34
      60
      59
      38
      30
      39
      39
      28
      26
      31
      25
      46
      44
      32
      29
      31
      40
      27
      34
      26
      34
      25
      21
      44
      49
      24
      32
      46
      27
      32
      18
      35
      44
      34
      35
      31
      33
      34
      28
      25
      26
      30
      33
      40
      31
      36
      46
      46
      22
      33
      27
      31
      31
      32
      29
      33
      24
      28
      29
      33
      46
      32
      32
      31
      31
      31
      20
      34
      51
     169
     100
      27
      37
      39
      31
      26
      40
      27
      39
      45
      45
      34
      54
      52
      40
      37
      35
      40
      38
      40
      45
      51
      39
      39
      37
      31
      33
      43
      47
      42
      49
      53
      32
      36
      37
      38
      33
      30
      36
      40
      38
      31
      31
      46
      39
      36
      40
      40
      33
      41
      37
      33
      45
      35
      29
      29
      33
      27
      37
      43
      37
      29
      36
      41
      32
      36
      29
      28
      30
      32
      22
      28
      31
      27
      36
      18
      32
      25
      25
      30
      21
      26
      14
      22
      22
      31
      19
      17
      27
      28
      33
      32
      28
      37
      29
      38
      23
      24
      26
      35
      33
      24
      32
      18
      22
      26
      19
      26
      29
      33
      24
      35
      20
      25
      16
      22
      16
      17
      25
      22
      29
      23
      17
      31
      21
      26
      27
      32
      17
      24
      21
      23
      26
      19
      21
      19
      22
      25
      19
      22
      27
      23
      30
      18
      16
      19
      19
      23
      10
      18
      20
      19
      19
      13
      16
      29
      18
      17
      14
      15
      12
      21
      19
      17
      12
      15
      16
      19
      22
      18
      20
      17
      15
      19
      20
      13
      20
      20
      21
      10
      12
      17
      17
      15
      18
      13
      15
      19
      17
      21
      15
      16
      10
      11
      14
       7
       8
      18
      10
      17
       9
      11
      13
      10
      14
       7
       9
      10
      15
      16
      11
       9
      10
       6
       8
      12
      10
      11
      15
      18
      12
       8
      16
       6
      11
       9
       8
       3
      17
       9
      10
      10
      26
      13
      13
      11
      16
       8
      11
      11
      22
       8
      11
      21
      11
      13
      16
      12
      31
     462
     930
     188
       9
      10
      12
      12
      10
       7
       8
      12
       6
      12
      10
       7
       5
       9
       4
       9
       7
      13
      10
      11
       3
      11
      22
       8
       8
      11
      12
       7
       7
       7
       8
       9
       7
       7
       5
       3
      12
       3
       6
       8
       9
       9
       3
       3
       7
       5
       5
      10
      11
       7
       8
       8
       7
       5
       4
       4
       8
       5
       4
       6
      11
       4
       9
       7
       5
      11
       3
      28
      64
      21
       9
       7
      14
      12
       8
       6
       5
       4
       7
       4
      14
       6
      10
       8
       7
      10
       4
       9
       9
       8
      12
       3
       6
       5
      11
       3
       5
      10
      18
     153
     284
      76
       8
       5
       8
       3
       7
      10
       5
       3
       8
       6
       4
      11
       4
       9
       7
       9
       4
       7
       5
       4
       3
       5
       4
       2
       6
       8
       4
       8
       7
       6
       4
       6
       6
       5
       5
       7
       6
       3
       9
       6
       3
       7
      10
       7
       5
       1
       8
       6
       5
       8
       8
       7
      10
       7
      10
       8
       6
      11
       4
       3
       6
       4
       6
       4
       4
       8
       8
       5
       6
       4
      10
       7
       5
       7
       7
       5
       2
       7
       5
      13
       4
       3
       6
       5
       5
       8
      11
       6
       4
       9
       2
       6
       3
      10
       6
       6
       4
       7
       8
       5
       1
       5
       3
      10
       9
       3
       8
      10
       7
       5
       6
       8
       6
       6
      10
       4
      13
      11
       8
      14
       7
       6
       2
       8
       6
       4
       8
       5
       7
       7
       6
       5
       4
       5
       9
       6
      10
       5
       5
       5
       6
       1
       4
       4
       5
       6
       4
       8
      10
       6
       3
       5
       6
       6
       6
       7
       3
       7
       8
       4
       5
       6
       7
       8
       3
       2
       4
       8
       8
       6
      11
       8
       2
       5
       4
       9
       3
       3
       5
       6
       3
       8
      13
       5
       8
       3
       8
      11
       5
       8
       4
      12
       6
       8
       5
       8
       3
       9
       4
       5
      10
      11
       6
       3
       7
       5
       9
       4
       5
       7
       2
      10
       5
       6
       8
       9
       8
       9
       7
       5
       5
       5
      10
       7
       6
       4
      10
       9
       8
      13
       7
       7
       6
       9
       8
       7
       4
       9
       7
       5
       8
       7
       9
       4
       6
       5
       4
       7
       6
       4
       6
       8
       3
      10
       8
       7
      10
       7
       3
       5
      10
       4
       6
       9
       6
       7
       8
       1
       5
       8
       2
       6
       3
       7
       9
      10
       9
       3
       1
       6
      10
       3
       6
       5
       6
       3
       7
       4
       4
       7
       6
       9
       4
       3
      10
       6
       2
       7
       6
       3
       3
       7
       3
       8
       6
       6
       7
       7
       5
       6
       4
       8
       6
       3
       4
       5
       4
       6
       4
       1
       7
       6
       7
       5
       3
       8
       4
       8
       2
       9
       5
       4
       5
       7
       9
       2
       6
       5
       5
      10
       2
       8
       7
       5
       8
       5
       5
      10
       6
       4
       6
       4
      10
       9
       3
       5
       6
      11
       8
       5
       6
       8
       8
       3
       7
       8
       2
       2
       8
       2
       3
       3
       3
       5
       6
       6
       6
       4
       4
       3
       6
       3
       3
       6
       7
       7
       6
       8
       3
       7
       9
       6
       3
       3
       8
       6
       5
       4
       5
       4
       9
       3
      10
       7
       4
       9
       7
       3
       4
       6
       8
       8
       8
       3
       6
       6
       5
       6
       2
       5
       0
       4
       5
       7
       3
       6
       2
       4
       7
       8
       3
       2
       7
       6
      10
       4
       7
       6
       7
       5
       3
       8
       5
       6
       6
       8
       9
       6
       5
       5
       8
       7
       4
       5
       5
       5
       6
       5
       7
       3
       4
       9
       2
      12
       8
       7
       5
      10
       2
       7
       7
       6
       5
       2
       6
       5
       6
       3
       7
       4
       6
       4
       8
       9
       4
       5
       6
      10
       6
       5
       8
       6
       6
       5
       8
       7
       8
       4
       5
       2
       5
       4
      10
       9
      10
      24
      46
      37
       8
       6
       7
       8
       2
       6
       9
       8
      11
       6
       6
       9
       5
       4
       7
       7
       5
       6
       5
      10
       3
       5
      13
       9
      10
       1
      10
      15
       4
       8
       3
      14
       5
       3
       5
      10
      10
       5
       7
       3
       3
       9
       3
       6
       7
       6
       4
      13
       9
       7
       9
       5
      10
       4
       7
      10
       6
       5
       7
       5
      12
       8
       3
       7
       6
      10
       6
      10
       3
      11
       6
       3
       5
       9
       5
       7
       5
      14
       3
      10
      10
       4
       3
       7
       9
       9
       7
       9
      12
       7
       7
       5
       3
       7
      10
       5
       4
       8
       9
       4
       5
       2
       4
       4
       3
       4
       5
       1
       8
       3
       7
      11
       8
       7
      12
       4
       7
       4
       2
       6
       8
       2
       9
       3
       3
       6
       5
       7
       5
       7
       8
       6
       5
       6
       4
       3
       4
       6
       6
       5
       4
       5
       1
       7
       3
       5
       9
       3
       8
       2
       3
       5
       5
       3
       4
       2
       6
       5
      10
       7
       3
       3
       5
      11
       7
       6
       2
       7
       5
       7
      12
       8
       6
       8
       7
       4
       0
       4
       2
       2
       6
       8
       8
       8
       4
       8
       6
       5
       1
       1
       6
       7
       7
       5
       5
       6
       2
       8
       3
       5
       6
       2
       4
       3
       5
       1
       3
       3
       8
       7
       7
       5
       7
       3
       5
       5
       3
       3
       4
       5
       6
       7
       5
       2
       5
       4
       5
       6
       4
       8
       5
       3
       5
       4
       6
       9
       0
       0
       5
       9
       3
       2
       4
       9
       2
       6
       8
       5
       6
       8
       3
       7
       5
       5
       7
       6
       3
       8
       3
       6
       7
       4
       6
       2
       2
       4
       8
       5
       5
       8
       4
       3
       8
       7
       3
      10
      10
       5
       3
       6
       7
       3
       7
       9
       6
       5
       4
      11
       6
       5
       6
       5
      10
       6
       3
       5
      10
       6
       6
       5
       7
       8
       8
       7
       8
       3
       7
       9
       2
       3
       8
      10
       8
       7
       7
       7
       4
       5
      11
       8
       3
       9
       4
       7
      11
       7
      10
       8
       6
       6
       5
       2
       4
       5
       7
       4
       2
       2
       1
       0
       6
       4
       4
       6
       4
       4
       7
      11
      10
      48
     103
     145
      93
      30
       4
       4
       4
       5
       3
       2
       3
       2
       3
       0
       4
       5
       7
       4
       1
       5
       3
       4
       1
       7
       2
       2
       1
       1
       5
       7
       4
       7
       4
       4
       3
       2
       3
       1
       3
       2
       4
       3
       4
       0
       0
       1
       5
       4
       3
       1
       2
       2
       1
       2
       2
       1
       1
       4
       1
       4
       3
       2
       3
       2
       1
       5
       2
       1
       2
       3
       3
       1
       2
       2
       3
       1
       6
       3
       2
       4
       2
       0
       3
       2
       1
       1
       3
       4
       2
       1
       2
       2
       0
       1
       1
       2
       2
       1
       2
       0
       2
       0
       0
       0
       2
       3
       1
       1
       4
       4
       2
       2
       0
       4
       1
       3
       3
       2
       1
       1
       5
       2
       1
       2
       0
       2
       0
       3
       1
       4
       1
       0
       4
       0
       2
       2
       0
       1
       3
       0
       3
       0
       3
       1
       1
       1
       0
       1
       5
       3
       2
       1
       3
       1
       0
       2
       2
       3
       3
       3
       0
       0
       1
       0
       3
       2
       1
       3
       3
       0
       0
       0
       5
       1
       2
       2
       2
       1
       3
       1
       2
       1
       0
       1
       3
       0
       4
       2
       1
       1
       1
       2
       2
       1
       1
       3
       1
       0
       2
       1
       1
       1
       2
       3
       0
       0
       2
       2
       2
       2
       1
       6
       2
       0
       1
       1
       2
       2
       1
       1
       1
       1
       2
       1
       3
       1
       1
       1
       0
       1
       1
       2
       1
       2
       1
       1
       1
       3
       2
       2
       2
       1
       1
       2
       4
       8
      17
      43
      85
     144
     120
      47
       8
       0
       1
       2
       0
       2
       0
       0
       0
       1
       1
       1
       1
       1
       0
       1
       0
       1
       0
       1
       0
       0
       0
       0
       0
       1
       1
       2
       1
       1
       4
       3
       0
       0
       0
       0
       2
       0
       1
       1
       2
       1
       0
       1
       0
       0
       3
       0
       0
       2
       0
       0
       0
       0
       1
       0
       1
       0
       2
       1
       1
       0
       0
       1
       1
       0
       0
       1
       0
       2
       1
       0
       1
       1
       2
       3
       1
       0
       2
       1
       0
       0
       0
       1
       0
       0
       0
       0
       0
       1
       0
       0
       0
       0
       0
       0
       1
       1
       0
       1
       2
       1
       0
       0
       0
       2
       0
       1
       0
       0
       1
       2
       0
       1
       0
       0
       1
       0
       0
       0
       0
       0
       0
       1
       1
       1
       2
       0
       0
       0
       0
       1
       3
       0
       1
       0
       1
       0
       2
       1
       1
       0
       2
       0
       2
       1
       1
       1
       0
       0
       1
       1
       0
       1
       1
       0
       2
       0
       1
       0
       2
       0
       1
       0
       0
       0
       1
       1
       0
       1
       1
       1
       0
       1
       1
       0
       0
       3
       1
       1
       1
       1
       1
       0
       0
       1
       0
       1
       0
       1
       1
       1
       0
       0
       0
       0
       0
       1
       0
       0
       2
       0
       2
       0
       0
       0
       3
       0
       4
       2
       5
       1
       0
       0
       0
       1
       0
       0
       1
       1
       1
       0
       0
       0
       0
       0
       3
       0
       1
       0
       1
       0
       0
       1
       0
       0
       0
       2
       0
       0
       0
       0
       1
       1
       2
       1
       1
       2
       1
       0
       0
       0
       0
       0
       3
       1
       0
       0
       0
       0
       1
       1
       0
       0
       2
       0
       7
      14
      11
      13
       8
       2
       0
       0
       0
       2
       0
       0
       0
       1
       1
       1
       0
       0
       1
       1
       0
       0
       0
       1
       1
       0
       0
       0
       0
       0
       3
       0
       1
       1
       1
       1
       1
       0
       1
       0
       1
       1
       0
       0
       0
       0
       0
       0
       1
       0
       0
       1
       0
       0
       0
       0
       2
       0
       0
       1
       0
       2
       0
       2
       0
       1
       1
       1
       0
       1
       2
       1
       1
       0
       0
       2
       0
       3
       0
       1
       0
       1
       2
       0
       0
       0
       0
       1
       0
       1
       0
       1
       1
       0
       1
       0
       0
       1
       1
       2
       1
       1
       1
       0
       0
       2
       0
       0
       0
       0
       0
       0
       0
       0
       0
       0
       0
       0
       0
       0
       0
       0
       0
       0
       0
       0
       0
       0
       0
       0
       0
       0
       0
       0
       0
       0
       0
       0
       0
       0
       0
       0
       0
$ROI:
0
$PRESETS:
None
0
0
$ENER_FIT:
-10.025118 0.801508
$MCA_CAL:
3
-1.002512E+001 8.015075E-001 0.000000E+000 keV
$SHAPE_CAL:
3
0.000000E+000 0.000000E+000 0.000000E+000
