$SPEC_ID:
No sample description was entered.
$SPEC_REM:
DET# 2
DETDESC# ALPHA COUNTER
AP# Maestro Version 7.01
$DATE_MEA:
04/05/2018 15:24:16
$MEAS_TIM:
300 300
$DATA:
0 2047
       0
       0
       0
       0
       0
       0
       0
       0
       0
       0
       0
       0
       0
       0
       0
       0
       0
       0
       0
       0
       0
       0
       0
       0
      16
      27
      21
      21
      27
      24
      24
      24
      17
      17
      18
      24
      20
      25
      23
      28
      19
      22
      25
      23
      21
      19
      23
      21
      19
      23
      25
      21
      26
      25
      24
      16
      11
      22
      16
      23
      16
       9
      17
      16
      16
      19
      12
      15
      16
      12
      21
      23
      17
      13
      24
      15
      20
      26
      17
      13
      16
      18
      24
      26
      28
      20
      23
      15
      19
      20
      14
      31
      26
      21
      59
      28
      22
      22
      20
      16
      11
      18
      18
      21
      19
      20
      28
      25
      16
      15
      16
      19
      16
      12
      16
      14
      21
      25
      17
      11
      18
      16
      15
      13
      19
      19
      12
       9
      24
      25
      10
      15
      19
      16
      18
      12
      16
      18
      16
      23
      18
      17
      24
      17
      12
      16
      15
      11
      18
      13
      22
      24
      25
       9
      19
      19
      18
      19
      18
      17
      20
      13
      12
      13
      18
      19
      16
      17
      15
      16
      16
       8
      17
      25
      89
      42
      19
      19
      20
      14
      14
      23
      12
      22
      22
      24
      21
      24
      24
      20
      18
      17
      17
      20
      21
      29
      32
      22
      20
      19
      20
      15
      20
      20
      21
      23
      29
      13
      20
      17
      17
      16
      18
      13
      18
      21
      20
      19
      21
      19
      20
      22
      27
      21
      20
      15
      23
      27
      16
      14
      15
      12
      10
      22
      19
      20
      12
      17
      18
      12
      15
      13
      12
      14
      17
      13
      13
      17
      13
      21
       9
      16
      12
      11
      16
      14
      14
       8
      11
       9
      19
       8
      11
      10
      17
      19
      18
      12
      15
      20
      17
      14
      11
      14
      19
      16
      15
      19
      13
       5
      13
       8
       9
      13
      16
      13
      13
      14
      14
       5
      10
      10
       6
      16
       8
      15
       9
      12
      16
      13
      13
      13
      15
       8
      16
      14
      10
      17
      12
      11
      11
      10
      13
      10
      12
      16
      17
      16
      12
      10
       8
      13
      10
       8
      10
       9
      14
      10
      10
       9
      11
      12
       8
      10
      10
      10
      11
       9
      10
       9
       8
       8
      13
      13
       6
      13
      13
       8
      12
      11
       5
      11
       8
      14
       3
       7
       8
       6
      12
       8
       6
      11
      13
       9
       9
       9
       8
       6
       4
       5
       6
       4
      11
       4
       9
       2
       3
       9
       8
       6
       3
       4
       4
       7
       9
       3
       6
       1
       3
       5
       5
       6
       5
       9
      11
       7
       5
       9
       2
       3
       6
       4
       3
       8
       1
       5
       4
      16
       9
       7
       9
      11
       5
       4
       6
      13
       2
       7
      12
       4
       6
       9
       3
      13
     214
     445
      86
       4
       5
       8
       6
       4
       3
       5
       7
       1
       5
       4
       4
       0
       7
       3
       3
       2
       7
       6
       6
       0
       9
      13
       5
       4
       5
       5
       2
       6
       4
       4
       5
       3
       4
       3
       0
       4
       2
       3
       2
       6
       3
       1
       3
       2
       3
       1
       5
       5
       5
       3
       6
       4
       2
       1
       2
       3
       1
       2
       2
       6
       3
       5
       5
       3
       5
       1
      16
      32
      10
       4
       3
       8
       6
       3
       3
       2
       1
       7
       1
       6
       2
       3
       4
       4
       2
       3
       5
       3
       5
       6
       1
       3
       2
       4
       2
       2
       7
      12
      75
     148
      43
       3
       2
       6
       2
       3
       6
       3
       2
       5
       2
       2
       4
       1
       5
       5
       5
       2
       4
       3
       4
       2
       3
       2
       1
       5
       3
       1
       5
       4
       5
       2
       3
       4
       1
       1
       5
       3
       0
       6
       3
       0
       5
       8
       0
       2
       1
       6
       6
       3
       7
       3
       4
       4
       6
       6
       4
       6
       5
       2
       2
       4
       4
       3
       0
       1
       1
       6
       4
       3
       1
       5
       4
       0
       3
       5
       2
       2
       2
       4
       5
       3
       1
       6
       3
       3
       3
       3
       4
       2
       6
       0
       5
       2
       6
       4
       3
       2
       3
       5
       2
       1
       4
       0
       4
       2
       1
       4
       5
       5
       4
       1
       5
       3
       4
       7
       1
       9
       4
       3
       6
       5
       5
       2
       7
       3
       2
       7
       0
       4
       2
       3
       5
       4
       1
       4
       4
       5
       2
       3
       3
       2
       0
       2
       2
       3
       4
       1
       4
       9
       2
       0
       3
       3
       4
       3
       5
       3
       4
       3
       3
       4
       1
       5
       4
       2
       2
       2
       3
       5
       5
       4
       5
       2
       2
       3
       4
       1
       1
       4
       4
       3
       3
       7
       3
       5
       2
       4
       6
       1
       6
       3
       5
       2
       6
       3
       5
       1
       5
       3
       3
       5
       5
       4
       1
       4
       2
       5
       3
       1
       3
       0
       7
       4
       6
       3
       5
       4
       6
       3
       3
       5
       1
       6
       1
       4
       0
       5
       6
       6
       7
       2
       6
       0
       2
       3
       4
       2
       3
       3
       2
       3
       4
       4
       2
       3
       2
       3
       5
       3
       0
       3
       4
       1
       4
       6
       5
       7
       3
       0
       2
       1
       3
       2
       7
       3
       5
       7
       1
       3
       2
       1
       5
       1
       4
       7
       5
       5
       2
       0
       3
       6
       2
       2
       3
       4
       1
       3
       2
       1
       3
       3
       1
       0
       1
       5
       3
       1
       5
       4
       3
       1
       5
       2
       3
       4
       3
       3
       5
       0
       5
       2
       4
       3
       2
       2
       3
       3
       1
       2
       0
       3
       2
       3
       1
       2
       4
       2
       3
       2
       3
       1
       4
       5
       4
       5
       0
       3
       3
       1
       6
       2
       3
       4
       2
       3
       3
       2
       5
       3
       1
       5
       2
       5
       4
       1
       2
       4
       5
       6
       2
       3
       5
       5
       3
       4
       2
       1
       2
       3
       1
       1
       2
       2
       3
       4
       4
       2
       2
       2
       0
       5
       1
       2
       4
       4
       3
       5
       5
       2
       5
       3
       3
       1
       1
       3
       3
       1
       1
       3
       3
       4
       1
       4
       4
       3
       5
       3
       2
       1
       4
       4
       4
       3
       1
       1
       1
       4
       2
       2
       2
       0
       4
       1
       6
       0
       4
       1
       2
       6
       5
       1
       2
       4
       2
       6
       0
       5
       1
       3
       2
       2
       4
       2
       0
       3
       4
       5
       1
       3
       2
       3
       5
       0
       2
       2
       1
       5
       2
       5
       1
       3
       5
       2
       6
       4
       4
       3
       6
       1
       2
       2
       4
       1
       0
       6
       0
       3
       1
       5
       3
       4
       3
       5
       4
       2
       3
       3
       5
       3
       1
       4
       4
       1
       4
       5
       4
       3
       2
       0
       2
       3
       1
       5
       7
       5
      13
      24
      15
       4
       2
       5
       4
       1
       6
       4
       5
       7
       4
       3
       3
       2
       3
       4
       5
       2
       4
       4
       7
       2
       1
       5
       7
       4
       1
       6
       9
       1
       4
       1
       4
       4
       1
       4
       5
       4
       3
       3
       2
       0
       3
       0
       2
       6
       1
       2
       7
       4
       5
       3
       3
       5
       2
       3
       4
       3
       3
       1
       3
       6
       5
       2
       5
       3
       6
       3
       5
       2
       6
       1
       2
       4
       4
       3
       5
       3
       6
       3
       6
       2
       2
       2
       2
       2
       6
       4
       3
       7
       2
       4
       3
       0
       3
       5
       3
       1
       5
       1
       2
       1
       1
       3
       3
       0
       2
       1
       0
       4
       2
       3
       4
       3
       4
       6
       2
       4
       1
       1
       4
       6
       0
       5
       2
       0
       5
       3
       3
       1
       4
       6
       5
       5
       3
       2
       0
       2
       4
       3
       4
       2
       2
       1
       3
       2
       3
       4
       3
       6
       2
       1
       4
       3
       3
       2
       2
       4
       3
       5
       3
       2
       2
       3
       3
       4
       4
       1
       3
       3
       6
       7
       5
       4
       5
       4
       3
       0
       3
       0
       0
       4
       3
       5
       4
       3
       5
       4
       3
       0
       0
       3
       4
       4
       2
       2
       4
       1
       2
       1
       2
       4
       0
       2
       2
       3
       1
       1
       2
       3
       3
       4
       1
       2
       1
       2
       3
       0
       1
       2
       3
       3
       0
       2
       2
       4
       1
       2
       1
       2
       4
       2
       0
       5
       1
       3
       4
       0
       0
       3
       5
       3
       2
       2
       3
       1
       5
       4
       1
       1
       3
       1
       5
       2
       2
       5
       6
       2
       5
       2
       3
       5
       1
       3
       2
       2
       1
       6
       1
       2
       5
       3
       2
       3
       5
       1
       5
       7
       2
       0
       3
       4
       0
       3
       5
       3
       3
       2
       5
       4
       3
       3
       3
       6
       4
       1
       2
       6
       2
       3
       2
       0
       5
       5
       2
       2
       1
       4
       6
       0
       1
       4
       6
       0
       4
       3
       6
       3
       3
       7
       3
       3
       6
       3
       4
       3
       4
       5
       4
       4
       4
       1
       1
       3
       4
       4
       3
       2
       1
       1
       0
       5
       3
       2
       4
       2
       2
       3
       5
       6
      22
      41
      74
      49
      15
       2
       2
       2
       2
       1
       1
       1
       1
       2
       0
       0
       3
       2
       2
       0
       2
       1
       2
       1
       1
       1
       0
       0
       1
       2
       3
       2
       4
       4
       3
       3
       0
       2
       1
       1
       1
       2
       1
       0
       0
       0
       0
       1
       3
       1
       0
       1
       2
       1
       1
       1
       0
       0
       3
       1
       3
       1
       0
       0
       2
       0
       3
       1
       0
       0
       2
       3
       1
       2
       0
       2
       1
       2
       2
       2
       2
       2
       0
       1
       1
       0
       1
       1
       3
       0
       1
       0
       1
       0
       1
       0
       1
       2
       1
       1
       0
       0
       0
       0
       0
       1
       0
       0
       0
       2
       2
       1
       1
       0
       2
       0
       3
       3
       1
       0
       1
       1
       2
       0
       2
       0
       2
       0
       2
       0
       2
       0
       0
       3
       0
       1
       2
       0
       1
       2
       0
       2
       0
       2
       0
       0
       1
       0
       0
       1
       2
       1
       0
       0
       1
       0
       2
       2
       1
       1
       0
       0
       0
       1
       0
       1
       0
       0
       2
       2
       0
       0
       0
       4
       1
       2
       1
       1
       1
       2
       1
       2
       1
       0
       1
       1
       0
       1
       1
       1
       1
       0
       0
       0
       0
       0
       0
       0
       0
       1
       1
       0
       1
       1
       0
       0
       0
       1
       1
       0
       2
       0
       3
       0
       0
       0
       0
       1
       2
       0
       0
       0
       1
       2
       1
       1
       0
       1
       1
       0
       1
       1
       1
       0
       1
       0
       0
       1
       2
       1
       1
       1
       0
       0
       1
       3
       6
       8
      21
      38
      75
      52
      31
       2
       0
       0
       0
       0
       1
       0
       0
       0
       0
       0
       1
       1
       0
       0
       1
       0
       0
       0
       0
       0
       0
       0
       0
       0
       0
       1
       1
       1
       1
       1
       3
       0
       0
       0
       0
       0
       0
       0
       1
       1
       1
       0
       1
       0
       0
       1
       0
       0
       1
       0
       0
       0
       0
       1
       0
       0
       0
       1
       1
       1
       0
       0
       1
       1
       0
       0
       0
       0
       1
       0
       0
       0
       1
       0
       1
       0
       0
       1
       0
       0
       0
       0
       1
       0
       0
       0
       0
       0
       1
       0
       0
       0
       0
       0
       0
       0
       0
       0
       0
       1
       0
       0
       0
       0
       2
       0
       1
       0
       0
       1
       0
       0
       1
       0
       0
       0
       0
       0
       0
       0
       0
       0
       0
       1
       0
       0
       0
       0
       0
       0
       1
       1
       0
       0
       0
       0
       0
       1
       1
       0
       0
       0
       0
       0
       1
       0
       0
       0
       0
       1
       1
       0
       1
       0
       0
       2
       0
       0
       0
       2
       0
       0
       0
       0
       0
       1
       0
       0
       1
       0
       0
       0
       1
       1
       0
       0
       3
       1
       1
       1
       1
       0
       0
       0
       1
       0
       1
       0
       0
       1
       0
       0
       0
       0
       0
       0
       0
       0
       0
       2
       0
       1
       0
       0
       0
       0
       0
       1
       2
       4
       0
       0
       0
       0
       1
       0
       0
       0
       0
       1
       0
       0
       0
       0
       0
       1
       0
       1
       0
       1
       0
       0
       0
       0
       0
       0
       1
       0
       0
       0
       0
       1
       0
       0
       1
       1
       1
       1
       0
       0
       0
       0
       0
       0
       1
       0
       0
       0
       0
       1
       1
       0
       0
       1
       0
       2
       8
       5
       7
       3
       1
       0
       0
       0
       0
       0
       0
       0
       1
       0
       1
       0
       0
       1
       1
       0
       0
       0
       1
       0
       0
       0
       0
       0
       0
       1
       0
       1
       1
       1
       1
       0
       0
       0
       0
       1
       1
       0
       0
       0
       0
       0
       0
       0
       0
       0
       1
       0
       0
       0
       0
       1
       0
       0
       0
       0
       2
       0
       1
       0
       1
       1
       1
       0
       1
       1
       1
       0
       0
       0
       1
       0
       3
       0
       1
       0
       0
       1
       0
       0
       0
       0
       0
       0
       0
       0
       0
       1
       0
       1
       0
       0
       1
       1
       0
       1
       0
       1
       0
       0
       0
       0
       0
       0
       0
       0
       0
       0
       0
       0
       0
       0
       0
       0
       0
       0
       0
       0
       0
       0
       0
       0
       0
       0
       0
       0
       0
       0
       0
       0
       0
       0
       0
       0
       0
       0
       0
       0
$ROI:
0
$PRESETS:
None
0
0
$ENER_FIT:
-10.025118 0.801508
$MCA_CAL:
3
-1.002512E+001 8.015075E-001 0.000000E+000 keV
$SHAPE_CAL:
3
0.000000E+000 0.000000E+000 0.000000E+000
