$SPEC_ID:
No sample description was entered.
$SPEC_REM:
DET# 2
DETDESC# ALPHA COUNTER
AP# Maestro Version 7.01
$DATE_MEA:
03/13/2018 10:20:58
$MEAS_TIM:
436 446
$DATA:
0 2047
       0
       0
       0
       0
       0
       0
       0
       0
       0
       0
       0
       0
       0
       0
       0
       0
       0
       0
       0
       0
       0
       0
       0
      44
     416
     380
     362
     383
     389
     344
     381
     361
     369
     332
     334
     357
     381
     307
     325
     331
     314
     334
     309
     330
     312
     301
     305
     293
     298
     312
     293
     286
     326
     299
     304
     303
     309
     311
     283
     288
     273
     280
     298
     264
     269
     270
     305
     267
     288
     279
     265
     294
     262
     252
     244
     268
     251
     259
     263
     281
     296
     244
     264
     270
     251
     272
     280
     288
     287
     303
     404
     388
     306
     527
     385
     264
     248
     240
     244
     264
     225
     247
     276
     261
     286
     389
     394
     261
     282
     300
     246
     261
     253
     246
     258
     228
     238
     251
     259
     236
     260
     246
     221
     250
     253
     250
     243
     236
     235
     245
     244
     230
     240
     222
     252
     227
     251
     238
     230
     264
     244
     238
     250
     242
     241
     227
     260
     213
     246
     220
     272
     252
     241
     244
     234
     232
     259
     247
     258
     220
     235
     252
     238
     258
     218
     215
     222
     229
     225
     241
     230
     249
     226
     271
     236
     244
     257
     234
     230
     231
     258
     267
     246
     230
     210
     218
     230
     243
     258
     260
     281
     236
     286
     226
     246
     233
     243
     242
     229
     218
     251
     228
     257
     229
     235
     232
     216
     230
     248
     214
     221
     222
     221
     254
     220
     245
     234
     254
     221
     215
     242
     203
     235
     217
     229
     210
     249
     243
     225
     229
     223
     237
     222
     218
     218
     220
     218
     228
     253
     231
     210
     229
     228
     245
     235
     223
     203
     254
     205
     210
     231
     248
     204
     222
     215
     232
     211
     245
     243
     251
     238
     248
     281
     268
     288
     288
     331
     292
     346
     351
     301
     333
     293
     304
     307
     306
     331
     313
     328
     328
     296
     301
     293
     325
     299
     287
     290
     280
     286
     305
     283
     298
     274
     281
     296
     282
     249
     259
     303
     276
     263
     260
     268
     267
     269
     277
     238
     237
     259
     246
     216
     237
     219
     232
     210
     248
     248
     245
     241
     244
     242
     235
     220
     222
     206
     229
     194
     213
     226
     202
     188
     221
     210
     213
     197
     200
     195
     206
     215
     206
     190
     208
     191
     176
     180
     207
     192
     203
     183
     174
     164
     180
     186
     215
     191
     173
     164
     166
     182
     199
     193
     192
     164
     179
     198
     166
     194
     180
     173
     162
     166
     216
     168
     154
     163
     166
     163
     175
     168
     167
     168
     162
     157
     170
     155
     160
     196
     163
     184
     203
     219
     166
     168
     159
     174
     131
     169
     156
     155
     169
     166
     148
     170
     166
     149
     168
     167
     176
     167
     145
     166
     143
     150
     176
     129
     153
     158
     152
     144
     149
     139
     156
     156
     152
     159
     167
     131
     147
     164
     165
     155
     137
     146
     156
     137
     167
     162
     141
     157
     137
     163
     146
     144
     132
     142
     134
     146
     145
     116
     135
     172
     145
     135
     144
     145
     134
     133
     166
     129
     150
     138
     150
     142
     165
     155
     140
     119
     124
     138
     139
     135
     147
     163
     139
     129
     139
     137
     140
     127
     142
     137
     128
     131
     139
     138
     124
     137
     152
     148
     153
     132
     129
     159
     166
     143
     156
     123
     150
     141
     134
     147
     114
     128
     130
     139
     132
     124
     128
     115
     149
     132
     135
     122
     131
     124
     142
     130
     114
     125
     145
     123
     156
     136
     141
     114
     139
     129
     122
     135
     123
     131
     152
     134
     126
     141
     126
     127
     123
     140
     135
     139
     140
     130
     129
     109
     134
     136
     128
     127
     118
     137
     120
     120
     107
     126
     127
     134
     126
     136
     127
     120
     132
     122
     147
     113
     126
     135
     131
     139
     139
     121
     115
     130
     119
     116
     114
     138
     123
     125
     130
     136
     116
     101
     124
     142
     126
     126
     119
     117
     130
     132
     103
     140
     130
     133
     116
     129
     121
     138
     116
     138
     136
     148
     139
     130
     138
     117
     143
     149
     139
     139
     119
     101
     128
     110
     122
     128
     118
     129
     126
     131
     104
     122
     131
     124
     138
     116
     124
     129
     125
     106
     137
     140
     113
     147
     128
     127
     128
     136
     133
     127
     164
     136
     135
     142
     141
     130
     120
     119
     119
     108
     147
     128
     120
     121
     131
     123
     125
     125
     134
     125
     126
     136
     140
      98
     148
     114
     109
     122
     122
     124
     132
     117
     131
     135
     123
     105
     125
     134
     125
     117
     104
     124
     147
     144
     121
     106
     131
     103
     121
     129
     117
     124
     135
     124
     107
     126
     131
     120
     111
     115
     106
     132
     129
     124
     115
     119
     112
     103
     126
     107
     117
     125
     112
     136
     103
     109
      98
     117
     112
     132
      96
     113
     123
     110
     119
     129
     122
     121
     117
     120
     138
     117
     114
     120
     118
     112
     119
     134
     134
     128
     120
     139
     118
     108
     107
     121
     117
     123
     119
     104
     103
     121
     123
     113
     109
     124
     120
     118
     121
     130
     123
     131
     109
     115
     121
     104
     121
     108
     113
     124
     131
     109
     100
     129
     121
      89
     139
      89
     122
     126
     128
     111
     128
     124
     139
     125
     113
     138
     122
     120
      99
     134
     112
     115
     105
     112
     126
     133
     107
     123
     137
     105
     123
     103
     121
     109
     108
     109
     105
     116
     132
     141
     111
     118
     144
     127
     116
     129
     117
     101
     118
     123
     123
     150
     146
     123
     111
     122
     114
     117
     146
     110
     102
     134
     111
     119
     128
     120
     104
     125
     124
     117
     103
     112
     107
     133
     152
     104
     109
     129
     132
     121
     134
     125
     127
     127
     148
     107
     128
      89
     113
     122
     111
     147
     127
     122
     144
     144
     130
     123
     131
     112
     121
     106
     129
     111
     116
     131
     129
     134
     122
     111
     102
     114
     111
     112
     127
     117
     128
     140
     145
     106
     126
     112
     127
     118
     143
     153
     127
     145
     137
     119
     132
     125
     129
     115
     134
     122
     117
     127
     131
     122
     138
     122
     143
     110
     132
     123
     148
     122
     121
     141
     134
     125
     139
     139
     120
     111
     104
     127
     136
     135
     128
     117
     117
     121
     149
     122
     136
     141
     132
     135
     118
     129
     131
     138
     127
     145
     115
     136
     141
     127
     124
     139
     137
     134
     130
     124
     130
     140
     152
     131
     129
     151
     153
     122
     130
     134
     133
     137
     161
     134
     146
     136
     129
     128
     109
     134
     134
     116
     137
     145
     119
     129
     120
     137
     142
     143
     133
     155
     125
     134
     103
     127
     141
     132
     130
     147
     135
     122
     113
     132
     125
     134
     154
     125
     146
     126
     133
     141
     148
     116
     124
     152
     134
     136
     137
     117
     150
     133
     143
     145
     149
     142
     120
     140
     155
     116
     133
     130
     148
     154
     160
     138
     134
     166
     147
     146
     152
     144
     144
     140
     123
     164
     143
     142
     157
     126
     158
     134
     175
     140
     122
     162
     137
     149
     144
     151
     158
     137
     158
     142
     140
     127
     139
     148
     152
     159
     154
     131
     136
     140
     160
     152
     139
     155
     138
     127
     165
     151
     142
     141
     177
     151
     157
     145
     137
     137
     162
     136
     156
     163
     155
     163
     144
     162
     159
     163
     125
     154
     169
     142
     170
     154
     158
     171
     174
     146
     164
     140
     134
     162
     146
     178
     174
     171
     173
     156
     171
     176
     193
     167
     165
     169
     172
     162
     182
     207
     153
     168
     189
     169
     192
     188
     173
     159
     181
     179
     184
     175
     165
     185
     184
     198
     164
     156
     188
     197
     199
     190
     167
     171
     195
     194
     186
     194
     196
     205
     193
     184
     188
     205
     177
     207
     180
     208
     164
     216
     175
     197
     214
     216
     179
     168
     202
     204
     178
     189
     193
     177
     198
     206
     215
     204
     220
     247
     203
     180
     204
     212
     204
     216
     217
     204
     225
     209
     207
     227
     205
     207
     227
     205
     202
     208
     195
     191
     204
     194
     207
     177
     161
     174
     182
     155
     156
     160
     151
     165
     149
     152
     141
     163
     150
     153
     152
     146
     146
     128
     152
     143
     155
     169
     150
     149
     146
     139
     153
     128
     149
     134
     130
     129
     136
     130
     131
     141
     145
     118
     130
     150
     153
     121
     136
     122
     151
     130
     144
     145
     141
     126
     127
     137
     132
     159
     150
     134
     139
     126
     134
     129
     157
     111
     133
     149
     150
     111
     120
     140
     129
     150
     129
     119
     121
     131
     146
     143
     112
     147
     141
     131
     120
     130
     108
     142
     140
     138
     105
     132
     113
     130
     132
     129
     133
     140
     120
     121
     142
     126
     131
     137
     136
     122
     136
     118
     140
     119
     140
     122
     105
     124
     134
     125
     149
     122
     133
     146
     115
     129
     123
     140
     147
     118
     121
     132
     144
     123
     142
     128
     131
     125
     116
     138
     104
     138
     127
     120
     127
     143
     141
     126
     126
     112
     115
     139
     139
     134
     126
     151
     118
     157
     137
     128
     146
     158
     133
     123
     128
     142
     126
     134
     144
     138
     136
     145
     149
     131
     125
     143
     139
     130
     113
     141
     136
     161
     174
     151
     132
     144
     135
     155
     146
     148
     167
     166
     162
     150
     129
     156
     137
     116
     151
     111
     113
     127
     114
     101
      96
     106
      77
      98
      95
      86
      88
     101
      86
      83
      93
      86
      86
      80
      87
      85
      77
      92
      79
      84
      69
      85
      69
      91
      83
      71
      66
      76
      75
      66
      88
      79
      81
      80
      67
      78
      69
      83
      58
      87
      74
      85
      70
      84
      60
      70
      70
      79
      77
      82
      78
      67
      76
      83
      85
      98
     116
     114
     115
     172
     223
     311
     717
    1868
    3631
    3906
    1871
     419
      69
      48
      37
      50
      46
      50
      44
      53
      49
      47
      58
      35
      49
      49
      37
      37
      37
      42
      36
      28
      50
      42
      48
      37
      39
      41
      36
      41
      41
      31
      30
      32
      45
      26
      39
      38
      31
      29
      29
      38
      30
      37
      37
      29
      27
      31
      36
      31
      23
      28
      20
      27
      30
      31
      33
      27
      30
      21
      19
      26
      17
      22
      25
      32
      23
      27
      21
      21
      24
      19
      19
      24
      21
      25
      18
      14
      27
      32
      17
      18
      11
      19
      21
      17
      25
      16
      17
      17
      20
      21
      15
      26
      13
      18
      21
      18
      16
      20
      17
      25
      19
      26
      17
      19
      16
      17
      21
      13
      18
      16
      16
      21
      22
      12
      16
      24
      22
      19
      12
      19
      19
      14
      12
      15
      20
      16
      18
      16
      12
      21
      23
      13
      16
      14
      14
      18
      23
      18
      16
      11
      19
      15
      11
      26
      15
      19
      11
      11
      17
      10
      29
      14
      14
      21
      17
      12
      13
      20
      18
      16
      24
      21
      16
      14
      27
      13
      13
      14
      24
      17
      24
      20
      18
      18
      20
      22
      22
      20
      18
      17
      21
      12
      24
      27
      21
      35
      31
      51
      53
      67
      85
     112
     176
     363
     868
    2027
    3151
    2768
    1252
     222
      31
       5
       5
       7
       7
       8
       9
       5
       3
       6
       5
       5
       4
       4
       3
       7
       5
       4
       6
       4
       5
       1
       6
       7
       8
       4
       4
       6
       4
       6
       3
       4
       4
       4
       3
       3
       4
       3
       3
       4
       3
       5
       7
       5
       2
       5
       1
       4
       4
       2
       5
       3
       3
       3
       3
       3
       2
       1
       5
       2
       4
       3
       2
       2
       9
       7
       4
       4
       3
       1
       2
       6
       3
       3
       8
       2
       2
       7
       3
       0
       0
       4
       5
       2
       6
       7
       4
       3
       3
       1
       2
       1
       3
       5
       1
       4
       3
       2
       1
       8
       4
       2
       5
       4
       6
       2
       4
       4
       4
       2
       2
       1
       6
       4
       6
       4
       3
       3
       4
       4
       4
       7
       4
       5
       3
       2
       4
       3
       2
       3
       4
       4
       2
       5
       5
       5
       0
       4
       5
       3
       3
       2
       2
       3
       5
       5
       3
       4
       5
       4
       1
       2
       2
       3
       6
       4
       5
       3
       3
       3
       3
       2
       4
       3
       2
       4
       3
       2
       2
       1
       0
       3
       4
       4
       2
       6
       4
       4
       3
       2
       3
       1
       3
       3
       5
       1
       2
       5
       1
       2
       0
       3
       1
       7
       6
       4
       1
       3
       2
       2
       7
       5
       3
       4
       3
       3
       5
       4
       2
       3
       3
       4
       4
       1
       3
       4
       5
       3
       5
       2
       3
       5
       2
       0
       1
       1
       2
       6
       2
       5
       1
       3
       3
       4
       3
       5
       2
       1
       3
       1
       3
       1
       3
       2
       3
       2
       1
       6
       4
       1
       0
       4
       5
       1
       4
       6
       2
       0
       7
       1
       3
       6
       5
       3
       1
       8
       5
       3
       4
       1
       2
       3
       2
       2
       3
       3
       3
       1
       1
       3
       4
       4
       6
       4
       4
       3
       1
       0
       2
       2
       2
       1
       6
       0
       2
       4
       3
       2
       4
       2
       3
       5
       0
       2
       3
       0
       2
       5
       2
       1
       3
       1
       0
       3
       2
       2
       3
       1
       2
       3
       0
       1
       2
       0
       3
       3
       6
       3
       2
       1
       4
       3
       4
       4
       1
       3
       1
       3
       1
       3
       2
       0
       0
       0
       0
       0
       0
       0
       0
       0
       0
       0
       0
       0
       0
       0
       0
       0
       0
       0
       0
       0
       0
       0
       0
       0
       0
       0
       0
       0
       0
       0
       0
$ROI:
1
517 523
$PRESETS:
None
0
0
$ENER_FIT:
-10.025118 0.801508
$MCA_CAL:
3
3.002512E-001 7.965075E-001 0.000000E+000 keV
$SHAPE_CAL:
3
0.000000E+000 0.000000E+000 0.000000E+000
