$SPEC_ID:
No sample description was entered.
$SPEC_REM:
DET# 2
DETDESC# ALPHA COUNTER
AP# Maestro Version 7.01
$DATE_MEA:
11/16/2017 16:54:22
$MEAS_TIM:
167 168
$DATA:
0 2047
       0
       0
       0
       0
       0
       0
       0
       0
       0
       0
       0
       0
       0
       0
       0
       0
       0
       0
       0
       0
       0
       0
       0
       3
      61
      69
      69
      61
      68
      67
      54
      55
      74
      60
      65
      57
      53
      56
      72
      60
      52
      56
      61
      70
      57
      81
      55
      69
      62
      52
      50
      50
      69
      55
      62
      56
      59
      58
      52
      66
      64
      61
      43
      56
      52
      49
      57
      52
      60
      42
      51
      48
      57
      60
      60
      57
      34
      52
      51
      46
      61
      61
      47
      63
      54
      47
      64
     176
      60
      58
      64
      68
      87
      80
      76
      82
      74
      70
      74
      86
      65
      78
      68
      77
      73
      63
      76
      73
      54
      73
      49
      57
      73
      78
      65
      71
      67
      73
      53
      52
      57
      54
      44
      53
      50
      48
      49
      45
      43
      42
      39
      57
      44
      43
      40
      47
      41
      43
      53
      36
      41
      36
      34
      33
      38
      36
      32
      31
      33
      40
      40
      23
      28
      35
      27
      35
      44
      34
      41
      22
      20
      25
      33
      21
      24
      25
      28
      26
      25
      32
      26
      22
      29
      27
      27
      15
      28
      23
      30
      16
      21
      30
      26
      26
      27
      24
      23
      17
      26
      21
      20
      24
      35
      25
      19
      27
      18
      17
      26
      20
      22
      24
      17
      28
      18
      21
      24
      25
      27
      24
      26
      36
     551
    1694
      59
      11
      12
      13
       5
      11
      12
      10
       6
      13
      17
      17
       9
      12
       5
      14
      13
      11
      14
      13
      13
      14
      14
      12
       9
      13
      11
      13
      17
      13
      10
      14
       9
      24
     109
      19
       5
       7
       8
      12
      10
      15
       9
      12
      17
      11
      15
      11
      11
      54
     312
      47
      14
       9
      11
      13
      13
       9
       9
       9
       7
      11
       7
       8
       7
       4
      11
       7
       7
      14
       7
      12
      11
      10
      10
       8
      14
      11
       7
      11
      12
       6
      13
       1
      10
      12
       6
      16
      13
       7
       9
       7
       9
      11
      11
       8
       7
      11
      10
       5
      10
      10
      10
       5
       7
       7
       9
      11
       7
       6
      10
      13
      11
      12
       6
       8
       6
       9
      12
       8
       9
      10
      10
      10
       7
       4
       9
       4
      11
      11
      13
       6
      10
      10
       9
      10
      10
       7
       9
       7
       6
       9
       5
       9
       6
       7
      14
       6
      14
      11
      11
       8
      14
       5
       9
      12
       9
      14
      10
       5
      10
       8
      15
      11
       8
       6
       7
       8
      13
       8
       9
       9
       8
      10
       5
       9
       7
       9
       8
       6
      10
       9
      10
       9
       4
       4
       9
      10
       9
       6
       7
      10
      13
      13
      11
      15
      10
       8
      14
      12
       6
      10
      11
       5
      12
      13
      10
       7
      10
       6
       8
       7
      11
       9
       2
       3
       9
      11
       8
       7
      10
       4
       9
       4
      12
      11
       9
       9
      11
      10
       6
       3
      10
       4
      15
       4
      12
       6
      10
       6
       6
       5
       8
       9
       9
      12
      12
       6
       8
       7
       9
      11
       6
       8
      13
       9
       9
       7
       6
      10
      10
       9
       9
       7
       7
       8
      10
      10
       8
       9
       5
       8
       8
      10
       1
       4
      12
       9
       4
      11
      10
      14
      11
       8
       7
       9
       9
       7
      11
       9
      12
       9
       6
       8
       9
       8
      11
      13
      13
      11
      10
       3
       4
       8
      16
      39
      42
      11
      11
      10
       9
      10
       8
       7
       5
      12
      11
       7
      18
       5
      12
      10
      10
      11
       9
       8
       9
       7
      16
       4
      13
      10
      11
      12
       8
       9
      12
       6
       8
      11
       8
      13
      10
       8
      14
      13
      10
      14
      12
       8
       8
       5
       6
       8
       9
      15
       8
       8
      10
       5
       8
       8
      14
       9
      12
       5
       8
       7
      10
       7
      10
      10
      13
       7
      10
       3
       2
      12
       6
       6
       7
       5
       9
       5
       7
       5
      11
       7
       7
      11
       8
       8
       8
       8
      10
       7
      12
      10
       6
       7
       8
       8
       3
       8
       6
       7
       4
       7
       6
       7
       6
      10
       7
       6
       7
       5
      10
       4
       4
       6
       6
      12
       6
       5
       6
       5
      11
      11
       5
       2
       7
       9
       8
      13
      10
       7
       7
       8
      10
       5
      14
       9
       7
      11
       3
       6
       6
       4
       8
       9
      12
      12
      12
      11
       9
      13
       7
       6
      14
      11
       7
       8
      12
      11
      10
      10
       6
      13
      11
      17
       9
       8
       8
       6
       6
       8
       5
       5
      13
       7
       9
      25
     138
     103
      12
       5
       1
       8
       5
       3
       4
       4
       3
       5
       8
       7
       2
       3
       4
       3
       6
       8
       5
       2
       9
       5
       6
       6
       8
       5
       4
       1
       4
       4
       3
       4
       3
       3
       3
       7
       2
       1
       6
       3
       5
       3
       5
       5
       6
       5
       2
       1
       3
       4
       6
       4
       3
       1
       5
       3
       1
       5
       2
       3
       2
       3
       3
       2
       3
       5
       1
       3
       0
       0
       5
       2
       1
       3
       6
       2
       3
       1
       3
       1
       1
       5
       3
       2
       1
       5
       5
       5
       3
       2
       0
       2
       5
       6
       0
       9
       2
       1
       2
       1
       3
       2
       2
       3
       6
       0
       1
       2
       3
       1
       0
       3
       2
       2
       1
       4
       4
       3
       3
       5
       1
      16
      55
     171
      64
       4
       4
       0
       1
       5
       2
       1
       3
       0
       2
       0
       1
       1
       6
       3
       0
       0
       3
       1
       4
       2
       1
       2
       1
       2
       1
       4
       4
       0
       0
       3
       1
       2
       0
       1
       0
       0
       2
       1
       1
       3
       0
       1
       3
       2
       1
       0
       1
       2
       1
       2
       3
       1
       2
       2
       1
       3
       3
       3
       2
       0
       0
       0
       2
       1
       4
       0
       2
       2
       0
       1
       4
       0
       2
       4
       2
       2
       2
       2
       2
       2
       4
       1
       1
       1
       0
       3
       0
       2
       1
       4
       1
       1
       0
       1
       2
       0
       1
       1
       1
       1
       2
       1
       0
       3
       0
       1
       3
       1
       0
       2
       1
       0
       1
       2
       1
       0
       0
       1
       3
       3
       0
       0
       3
       1
       1
       2
       2
       0
       1
       2
       1
       2
      13
      11
      10
       0
       1
       1
       2
       2
       0
       3
       0
       1
       1
       0
       1
       3
       1
       2
       1
       1
       0
       1
       2
       1
       1
       1
       0
       0
       1
       2
       1
       0
       0
       0
       0
       0
       3
       1
       1
       2
       1
       3
       3
       2
       1
       4
       1
       0
       0
       1
       2
       2
       3
       0
       0
       0
       1
       2
       2
       3
       3
       2
       0
       0
       0
       0
       1
       0
       2
       0
       0
       0
       0
       0
       0
       1
       2
       1
       1
       1
       0
       1
       0
       1
       0
       1
       1
       0
       1
       0
       2
       2
       2
       0
       0
       1
       0
       0
       3
       2
       2
       0
       0
       2
       0
       0
       1
       1
       2
       2
       3
       1
       0
       1
       2
       0
       1
       1
       1
       1
       1
       0
       0
       0
       1
       1
       0
       0
       0
       3
       1
       2
       2
       1
       0
       1
       0
       0
       0
       0
       2
       0
       1
       1
       1
       0
       1
       0
       2
       0
       3
       2
       1
       0
       0
       6
       3
       5
       3
       1
       0
       1
       0
       2
       2
       0
       0
       1
       1
       1
       0
       4
       0
       0
       3
       2
       3
       2
       0
       1
       0
       2
       1
       0
       3
       0
       0
       0
       1
       0
       1
       1
       1
       0
       2
       0
       0
       0
       1
       1
       1
       1
       1
       1
       0
       1
       0
       1
       1
       0
       0
       0
       0
       1
       0
       1
       1
       0
       0
       1
       3
       1
       0
       0
       2
       1
       0
       0
       1
       1
       1
       1
       2
       0
       2
       1
       0
       1
       1
       1
       2
       2
       2
       0
       1
       1
       3
       2
       0
       0
       2
       0
       1
       0
       1
       0
       0
       0
       1
       1
       1
       1
       1
       1
       2
       0
       1
       2
       0
       1
       0
       1
       0
       0
       0
       0
       1
       0
       1
       1
       1
       0
       0
       1
       0
       1
       1
       0
       1
       1
       0
       1
       0
       0
       1
       2
       1
       0
       1
       0
       1
       0
       0
       0
       1
       0
       1
       1
       2
       0
       0
       1
       0
       1
       0
       0
       0
       1
       0
       1
       4
       0
       1
       0
       1
       0
       1
       0
       0
       0
       1
       0
       0
       1
       1
       1
       0
       2
       1
       1
       1
       0
       1
       2
       1
       0
       0
       0
       0
       0
       1
       0
       1
       0
       0
       1
       0
       0
       1
       1
       1
       0
       0
       1
       0
       0
       0
       0
       0
       0
       0
       0
       1
       0
       0
       1
       1
       1
       0
       0
       1
       0
       1
       3
       9
      15
      12
       2
       0
       1
       0
       0
       0
       1
       0
       0
       1
       1
       0
       0
       0
       2
       0
       0
       0
       0
       1
       0
       1
       0
       1
       0
       1
       0
       1
       1
       0
       0
       0
       1
       0
       0
       0
       1
       1
       0
       0
       1
       0
       0
       1
       0
       1
       1
       0
       0
       0
       1
       0
       1
       0
       0
       0
       0
       1
       0
       0
       0
       0
       1
       0
       0
       0
       0
       1
       1
       0
       1
       0
       0
       0
       0
       0
       0
       0
       0
       0
       0
       0
       0
       0
       0
       0
       0
       1
       0
       0
       0
       0
       0
       0
       0
       0
       1
       0
       0
       0
       0
       0
       0
       0
       0
       0
       1
       0
       0
       0
       0
       1
       0
       0
       0
       0
       0
       0
       0
       0
       0
       0
       0
       0
       1
       0
       0
       0
       0
       0
       0
       0
       1
       0
       0
       0
       0
       0
       0
       0
       0
       0
       0
       0
       0
       0
       0
       0
       0
       0
       0
       1
       0
       0
       0
       0
       1
       0
       0
       1
       1
       0
       0
       0
       0
       0
       0
       0
       0
       0
       0
       0
       0
       0
       1
       0
       1
       0
       0
       0
       0
       0
       1
       0
       0
       1
       0
       0
       0
       0
       0
       0
       1
       0
       0
       0
       0
       0
       0
       0
       0
       0
       0
       0
       0
       0
       0
       0
       0
       0
       0
       0
       0
       0
       0
       0
       0
       0
       0
       0
       0
       0
       0
       0
       0
       0
       0
       0
       0
       0
       0
       0
       0
       0
       0
       0
       0
       0
       0
       0
       0
       0
       0
       0
       0
       0
       0
       0
       0
       0
       0
       0
       0
       0
       0
       0
       0
       0
       0
       1
       1
       1
       1
       1
       0
       0
       0
       0
       0
       0
       0
       0
       0
       0
       0
       0
       0
       0
       0
       0
       0
       0
       0
       0
       0
       0
       0
       0
       0
       0
       0
       0
       0
       0
       0
       0
       0
       0
       0
       0
       0
       0
       0
       0
       0
       0
       0
       0
       0
       0
       0
       0
       0
       0
       0
       0
       0
       0
       0
       0
       0
       0
       0
       0
       0
       0
       0
       0
       0
       0
       0
       0
       0
       0
       0
       0
       0
       0
       0
       0
       0
       0
       0
       0
       0
       0
       0
       0
       0
       0
       0
       0
       0
       0
       0
       0
       0
       0
       0
       0
       0
       0
       0
       0
       0
       0
       0
       0
       0
       1
       0
       0
       0
       0
       0
       0
       0
       0
       0
       0
       0
       0
       0
       0
       0
       0
       0
       0
       0
       0
       0
       0
       0
       0
       0
       0
       0
       0
       0
       0
       0
       0
       0
       0
       0
       0
       0
       0
       0
       0
       0
       0
       0
       0
       0
       0
       0
       0
       0
       0
       0
       0
       0
       0
       0
       0
       0
       0
       0
       0
       0
       0
       0
       0
       1
       0
       0
       0
       0
       0
       0
       0
       0
       0
       0
       0
       0
       0
       0
       0
       0
       0
       0
       0
       0
       0
       0
       0
       0
       0
       0
       0
       0
       1
       0
       0
       0
       0
       0
       0
       0
       0
       0
       0
       0
       0
       0
       0
       0
       0
       0
       0
       0
       0
       0
       0
       0
       0
       0
       0
       0
       0
       0
       0
       0
       0
       1
       0
       0
       0
       0
       0
       0
       0
       0
       0
       0
       0
       0
       0
       0
       0
       0
       0
       0
       0
       0
       0
       0
       0
       0
       0
       0
       0
       0
       0
       0
       0
       0
       0
       0
       0
       0
       0
       0
       0
       0
       0
       0
       0
       0
       0
       0
       0
       0
       0
       0
       0
       0
       0
       0
       0
       0
       0
       0
       0
       0
       0
       0
       0
       0
       0
       0
       0
       0
       0
       0
       0
       0
       0
       0
       0
       0
       0
       0
       0
       0
       0
       0
       0
       0
       0
       0
       0
       0
       0
       0
       0
       0
       0
       0
       0
       0
       0
       0
       0
       0
       0
       0
       0
       0
       0
       0
       0
       0
       0
       0
       0
       0
       0
       0
       0
       0
       0
       0
       0
       0
       0
       0
       0
       0
       0
       0
       0
       0
       0
       0
       0
       0
       0
       0
       0
       0
       0
       0
       0
       0
       0
       0
       0
       0
       0
       0
       0
       0
       0
       0
       0
       0
       0
       0
       0
       0
       0
       0
       0
       0
       0
       0
       0
       0
       0
       0
       0
       0
       0
       0
       0
       0
       0
       0
       0
       0
       0
       0
       0
       0
       0
       0
       0
       0
       0
       0
       0
       0
       0
       0
       0
       0
       0
       0
       0
       0
       0
       0
       0
       0
       0
       0
       0
       0
       0
       0
       0
       0
$ROI:
2
83 93
458 472
$PRESETS:
None
0
0
$ENER_FIT:
1.350994 1.567553
$MCA_CAL:
3
1.350994E+000 1.567553E+000 -3.276420E-006 keV
$SHAPE_CAL:
3
7.934601E-001 -6.232490E-005 1.014241E-007
