$SPEC_ID:
No sample description was entered.
$SPEC_REM:
DET# 2
DETDESC# ALPHA COUNTER
AP# Maestro Version 7.01
$DATE_MEA:
11/16/2017 16:59:47
$MEAS_TIM:
187 188
$DATA:
0 2047
       0
       0
       0
       0
       0
       0
       0
       0
       0
       0
       0
       0
       0
       0
       0
       0
       0
       0
       0
       0
       0
       0
       0
       2
      70
      68
      68
      69
      67
      77
      48
      62
      61
      72
      58
      62
      61
      59
      52
      66
      65
      62
      50
      57
      57
      68
      65
      54
      58
      60
      66
      65
      74
      64
      75
      69
      63
      62
      53
      67
      46
      43
      64
      53
      49
      45
      65
      57
      46
      50
      63
      39
      65
      58
      50
      49
      64
      50
      51
      52
      58
      54
      61
      70
      55
      74
      66
     170
      66
      57
      78
      68
      71
     103
      85
      90
      80
      72
      90
      77
      74
      88
      72
      65
      63
      80
      68
      74
      59
      64
      71
      64
      72
      68
      73
      64
      63
      57
      82
      50
      67
      45
      52
      53
      44
      50
      48
      36
      41
      57
      42
      31
      29
      30
      40
      50
      43
      44
      39
      43
      46
      30
      37
      36
      27
      30
      46
      41
      39
      31
      28
      33
      37
      32
      37
      35
      25
      29
      19
      28
      25
      36
      34
      35
      32
      24
      34
      31
      25
      18
      27
      19
      25
      23
      37
      26
      25
      27
      26
      27
      26
      22
      35
      22
      25
      27
      25
      15
      19
      16
      22
      17
      25
      20
      25
      24
      27
      14
      18
      18
      17
      19
      15
      22
      22
      22
      27
      19
      24
      24
      31
      34
     636
    1721
      62
       9
      10
      14
      11
      10
      11
       7
      14
       8
       8
      10
      18
       9
       9
       7
      11
       8
       9
      11
       8
       9
      10
      11
       9
      13
       4
      10
      16
      10
      14
       6
       9
      19
     107
      21
      12
      11
      12
      13
      10
      11
      11
       7
      11
       5
      13
       6
       7
      42
     226
      40
      11
       8
      10
       5
      11
       9
       8
       6
       7
      15
      11
       8
       8
       5
      12
      11
      10
      12
       9
       8
       8
      14
       9
      14
       6
       8
       7
      13
      10
       5
       6
       9
      13
       6
      11
       5
       4
       7
       9
       9
      12
       4
      11
       7
       7
       7
       3
      11
       4
       3
       7
       9
       8
      11
       6
      11
       9
       3
       8
      17
       6
       7
      11
      10
       4
       9
       5
      12
       7
      13
       6
       7
      11
       5
       6
       7
      12
       8
       7
       7
      14
       6
       7
       5
       7
       3
       7
       6
       6
       5
       4
       6
      10
       7
      10
       7
       6
       6
       9
       8
       8
      12
       7
      11
       9
       8
       7
       8
       8
      12
      11
       5
       9
       8
      10
       9
       4
       7
       8
       4
       6
       6
       8
       8
       7
      12
       7
       6
       5
       6
       9
       9
      11
       8
      11
       7
       8
       7
       7
       4
      10
       7
       8
       7
       5
       7
       7
       8
       9
       5
       8
       7
       3
      10
       2
       7
       8
       9
       8
       8
      10
       6
       6
      10
       6
       4
       7
       9
       6
       6
      13
      13
      10
       3
      11
      12
       7
       8
      14
      10
       7
       4
       7
       3
       9
       8
      10
       7
       8
      12
       9
       5
      11
       6
       8
       4
       9
       7
       8
       4
      15
      10
       6
       7
      11
       7
       5
       9
       5
       9
      11
       5
       5
       8
       9
       6
      10
       3
      10
       6
       7
       9
      12
       9
      10
       6
       8
       9
       5
       8
      10
       8
       6
       4
       7
       6
      12
       9
       8
       9
       7
       7
      16
       6
       7
      14
      11
      10
       9
       9
       8
      13
      14
      40
      33
      10
       7
      13
      13
      10
       5
       6
       7
       9
      10
      15
      11
       6
      13
      11
      12
      12
       6
       5
       5
       9
       7
       8
      14
       7
       5
      12
      11
      10
      11
       4
       8
       6
       7
       8
      11
      12
       9
       9
       6
      10
      16
      10
       5
      10
       7
      12
      12
       3
       6
       9
      13
      15
       7
       2
       9
      13
      17
       6
      10
       2
      13
       5
       4
       3
       9
       4
       9
       7
       3
       9
       7
       9
       7
       7
      11
      13
       5
       8
       1
       2
       4
       4
       7
      10
       7
       8
       8
      11
      11
       9
      11
       5
       4
      12
      10
      13
       6
       7
       6
       9
       6
       7
       7
       5
       5
       8
       8
       4
       2
       4
       3
      10
       3
       7
       5
      13
       7
       6
      14
      11
       7
       7
       6
       6
       7
       8
      10
       3
       2
      10
       7
      10
      11
       7
       6
      11
       4
       7
       9
      14
       3
      11
       7
       8
       6
       9
       7
       8
      11
       5
       7
       5
       5
      12
       6
      10
      12
       3
      12
       8
       4
       6
      13
       9
       5
      10
       5
       4
      11
       4
      10
       5
       8
      34
     114
      82
       5
       5
       9
       3
       1
       4
       7
       5
       5
       2
       5
       5
       3
       2
       3
       3
       2
       2
       4
       4
       4
       3
       4
       4
       6
       3
       3
       3
       4
       4
       2
       3
       4
       4
       0
       1
       3
       3
       1
       2
       3
       4
       3
       6
       5
       2
       1
       2
       3
       6
       3
       2
       4
       1
       2
       4
       5
       3
       2
       4
       3
       3
       1
       3
       5
       2
       4
       2
       4
       3
       3
       2
       1
       1
       2
       5
       4
       1
       2
       1
       1
       4
       2
       2
       4
       0
       5
       5
       3
       1
       1
       2
       3
       2
       3
       6
       0
       2
       5
       2
       1
       2
       1
       1
       2
       2
       1
       4
       5
       4
       4
       2
       2
       1
       5
       4
       3
       4
       3
       2
       3
      16
      63
     145
      67
       3
       2
       1
       4
       2
       4
       1
       2
       1
       0
       2
       0
       0
       1
       1
       0
       2
       1
       3
       2
       3
       1
       1
       0
       2
       1
       1
       2
       2
       3
       2
       0
       0
       2
       1
       1
       2
       2
       0
       0
       0
       3
       0
       0
       1
       0
       0
       1
       1
       0
       1
       1
       0
       0
       1
       0
       2
       2
       1
       1
       0
       1
       2
       1
       1
       1
       1
       0
       3
       2
       2
       3
       1
       1
       1
       0
       1
       2
       0
       2
       2
       2
       2
       0
       0
       2
       1
       3
       0
       2
       0
       1
       1
       0
       3
       0
       3
       0
       1
       0
       0
       1
       0
       1
       1
       2
       0
       0
       1
       0
       1
       0
       0
       1
       1
       1
       0
       0
       2
       1
       0
       2
       1
       0
       3
       0
       0
       2
       1
       1
       2
       2
       3
      10
      11
      11
       0
       1
       0
       0
       0
       0
       1
       1
       1
       3
       0
       0
       1
       3
       0
       3
       0
       0
       0
       1
       0
       0
       2
       0
       0
       0
       2
       2
       0
       0
       0
       1
       1
       0
       0
       0
       0
       0
       0
       2
       0
       1
       1
       1
       0
       1
       1
       1
       0
       0
       0
       3
       0
       0
       2
       1
       1
       3
       2
       0
       0
       2
       0
       0
       0
       2
       1
       1
       0
       0
       1
       2
       1
       0
       1
       1
       1
       0
       0
       1
       2
       2
       0
       1
       1
       0
       1
       0
       1
       0
       1
       0
       1
       0
       0
       0
       1
       3
       0
       2
       2
       2
       2
       1
       0
       0
       1
       0
       0
       0
       0
       0
       0
       1
       1
       1
       1
       0
       1
       1
       0
       1
       0
       1
       2
       0
       1
       3
       0
       0
       0
       1
       0
       0
       1
       0
       0
       0
       0
       1
       0
       0
       0
       0
       1
       1
       0
       2
       0
       0
       2
       0
       4
       5
       8
       2
       0
       0
       0
       2
       0
       0
       0
       3
       0
       0
       0
       1
       3
       1
       0
       1
       0
       1
       1
       1
       0
       1
       0
       2
       0
       0
       1
       0
       1
       1
       1
       1
       0
       1
       0
       0
       0
       0
       3
       2
       0
       0
       1
       0
       0
       1
       0
       0
       0
       2
       0
       3
       1
       0
       0
       3
       0
       1
       2
       0
       1
       0
       0
       1
       1
       2
       0
       1
       1
       0
       1
       1
       0
       1
       3
       1
       0
       1
       1
       1
       0
       0
       1
       1
       0
       0
       1
       0
       0
       0
       1
       0
       2
       0
       1
       0
       1
       1
       0
       1
       0
       1
       2
       2
       0
       1
       0
       2
       0
       1
       1
       0
       0
       0
       1
       2
       0
       0
       0
       1
       0
       0
       1
       1
       0
       0
       0
       0
       1
       1
       1
       0
       0
       3
       0
       0
       2
       1
       0
       0
       0
       1
       0
       2
       0
       0
       0
       0
       0
       0
       0
       1
       0
       0
       1
       1
       0
       1
       0
       0
       0
       0
       0
       0
       0
       1
       0
       0
       0
       0
       0
       0
       0
       0
       0
       1
       0
       0
       0
       0
       0
       0
       0
       0
       0
       1
       0
       1
       0
       0
       0
       0
       0
       1
       0
       0
       0
       0
       0
       0
       0
       0
       0
       0
       0
       0
       0
       1
       0
       0
       1
       1
       1
       0
       1
       0
       0
       1
       0
       1
       0
       0
       1
       1
       7
      12
      10
       4
       1
       0
       1
       0
       0
       0
       0
       1
       0
       0
       0
       0
       0
       0
       0
       0
       0
       0
       1
       0
       0
       0
       1
       1
       0
       2
       0
       0
       1
       0
       0
       1
       1
       0
       0
       0
       0
       0
       0
       0
       0
       0
       0
       0
       0
       0
       0
       0
       0
       0
       1
       0
       0
       0
       0
       1
       0
       0
       0
       0
       1
       0
       0
       0
       0
       0
       0
       0
       0
       0
       0
       0
       1
       0
       0
       0
       0
       0
       0
       0
       1
       0
       1
       1
       0
       0
       0
       1
       0
       0
       0
       0
       0
       0
       1
       1
       0
       0
       0
       0
       0
       0
       1
       1
       1
       0
       0
       2
       0
       0
       0
       0
       0
       2
       2
       0
       0
       0
       0
       0
       0
       1
       0
       0
       0
       0
       0
       0
       0
       0
       0
       0
       0
       0
       0
       0
       0
       1
       0
       0
       0
       0
       0
       1
       0
       0
       0
       0
       1
       0
       0
       0
       0
       0
       0
       0
       0
       0
       0
       0
       0
       0
       0
       0
       0
       0
       0
       1
       0
       0
       0
       0
       0
       0
       2
       0
       0
       1
       0
       0
       0
       0
       1
       1
       0
       0
       0
       0
       0
       0
       0
       0
       0
       0
       0
       1
       0
       1
       0
       0
       0
       0
       0
       0
       0
       0
       0
       0
       0
       0
       0
       0
       0
       0
       0
       0
       0
       0
       0
       0
       0
       0
       0
       0
       0
       0
       0
       0
       0
       0
       0
       0
       0
       0
       0
       0
       0
       0
       1
       0
       0
       0
       0
       0
       0
       0
       0
       0
       0
       0
       0
       0
       0
       0
       0
       0
       0
       0
       0
       0
       0
       0
       0
       0
       0
       0
       0
       0
       0
       0
       0
       0
       0
       1
       0
       0
       0
       0
       0
       0
       0
       0
       0
       0
       0
       0
       0
       0
       0
       0
       0
       0
       0
       0
       0
       0
       0
       0
       0
       0
       0
       0
       0
       0
       0
       0
       0
       0
       0
       0
       0
       0
       0
       0
       0
       0
       0
       0
       0
       0
       0
       0
       0
       0
       0
       0
       0
       0
       0
       0
       0
       0
       0
       0
       0
       0
       0
       0
       0
       0
       0
       0
       0
       0
       0
       0
       0
       0
       0
       0
       0
       1
       0
       0
       0
       0
       0
       0
       0
       0
       0
       0
       0
       0
       0
       0
       0
       0
       0
       0
       0
       0
       0
       0
       0
       0
       0
       0
       0
       0
       0
       0
       0
       0
       0
       0
       0
       1
       0
       0
       0
       0
       0
       0
       0
       0
       0
       0
       0
       0
       0
       0
       0
       0
       0
       0
       0
       0
       0
       0
       0
       1
       0
       0
       0
       0
       0
       0
       0
       0
       0
       0
       0
       0
       0
       0
       0
       0
       0
       0
       0
       0
       0
       0
       0
       0
       0
       0
       0
       0
       0
       0
       0
       0
       0
       0
       0
       0
       0
       0
       0
       0
       0
       0
       0
       0
       0
       0
       0
       0
       0
       0
       0
       0
       0
       0
       0
       0
       0
       0
       0
       0
       0
       0
       0
       0
       0
       0
       0
       0
       0
       0
       0
       0
       0
       0
       0
       0
       0
       0
       0
       0
       0
       0
       0
       0
       0
       0
       0
       0
       0
       0
       0
       0
       0
       0
       0
       0
       0
       0
       0
       0
       0
       0
       0
       0
       0
       0
       0
       0
       0
       0
       0
       0
       0
       0
       0
       0
       0
       0
       0
       0
       0
       0
       0
       0
       0
       0
       0
       0
       0
       0
       0
       0
       0
       0
       0
       0
       0
       0
       0
       0
       0
       0
       0
       0
       0
       0
       0
       0
       0
       0
       0
       0
       0
       0
       0
       0
       0
       0
       0
       0
       0
       0
       0
       0
       0
       0
       0
       0
       0
       0
       0
       0
       0
       0
       0
       0
       0
       0
       0
       0
       0
       0
       0
       0
       0
       0
       0
       0
       0
       0
       0
       0
       0
       0
       0
       0
       0
       0
       0
       0
       0
       0
       0
       0
       0
       0
       0
       0
       0
       0
       0
       0
       0
       0
       0
       0
       0
       0
       0
       0
       0
       0
       0
       0
       0
       0
       0
       0
       0
       0
       0
       0
       0
       0
       0
       0
       0
       0
       0
       0
       0
       0
       0
       0
       0
       0
       0
       0
       0
       0
       0
       0
       0
       0
       0
       0
       0
       0
       0
       0
       0
       0
       0
       0
       0
       0
       0
       0
       0
       0
       0
       0
       0
       0
       0
       0
       0
       0
       0
       0
       0
       0
       0
       0
       0
       0
       0
       0
       0
       0
       0
       0
       0
$ROI:
2
83 93
458 472
$PRESETS:
None
0
0
$ENER_FIT:
1.350994 1.567553
$MCA_CAL:
3
1.350994E+000 1.567553E+000 -3.276420E-006 keV
$SHAPE_CAL:
3
7.934601E-001 -6.232490E-005 1.014241E-007
