$SPEC_ID:
No sample description was entered.
$SPEC_REM:
DET# 2
DETDESC# ALPHA COUNTER
AP# Maestro Version 7.01
$DATE_MEA:
11/17/2017 11:34:36
$MEAS_TIM:
350 406
$DATA:
0 2047
       0
       0
       0
       0
       0
       0
       0
       0
       0
       0
       0
       0
       0
       0
       0
       0
       0
       0
       0
       0
       0
       0
       0
     359
   10264
    9224
    6170
    6815
    9934
    6261
    4929
    4750
    4628
    4546
    4515
    4404
    4526
    4391
    4374
    4441
    4374
    4572
    4508
    4719
    4933
    5800
    6110
    6505
    4974
    5196
    5621
    6677
    8121
    8849
    7562
    6953
    6291
    6049
    5751
    5561
    5552
    5463
    5454
    5347
    5527
    5582
    5514
    5627
    5666
    5839
    6355
    7099
    8711
   11394
   16257
   27230
  111486
  124313
    8604
    5484
    4696
    4525
    4439
    4243
    4164
    4097
    3923
    4086
    3809
    4055
    4101
    4046
    4544
    4910
    4649
    4656
    4527
    4536
    4356
    4354
    4334
    4322
    4499
    4207
    4153
    4201
    4140
    3974
    3949
    4019
    3913
    3740
    3818
    3855
    3739
    3795
    3849
    3819
    3925
    3911
    3891
    3918
    4030
    3937
    3751
    3710
    3451
    3459
    3427
    3304
    3392
    3497
    3376
    3290
    3323
    3355
    3182
    3118
    3156
    3065
    2981
    3048
    2930
    2896
    2909
    2788
    2767
    2815
    2812
    2844
    2969
    3306
    3754
    5090
   13000
   21702
    3798
    2924
    2590
    2571
    2458
    2266
    2333
    2192
    2290
    2207
    2175
    2159
    2143
    2115
    2158
    2292
    2290
    2195
    2164
    2054
    2036
    1983
    2018
    2005
    2055
    1981
    2033
    1888
    2081
    1950
    2088
    2658
    2270
    1938
    1819
    1844
    1859
    1835
    1833
    1760
    1745
    1795
    1844
    1897
    1828
    1822
    1794
    1759
    1772
    1857
    1855
    1800
    2017
    2012
    1848
    1883
    1976
    2300
    3015
    4264
    6883
   18581
   57868
   11412
    1970
    1793
    1723
    1615
    1678
    1604
    1535
    1597
    1516
    1616
    1726
    1958
    3435
    3190
    1674
    1469
    1468
    1459
    1417
    1402
    1353
    1357
    1373
    1364
    1393
    1448
    1431
    1328
    1318
    1355
    1319
    1268
    1339
    1371
    1267
    1302
    1288
    1419
    1504
    1734
    3613
    3408
    1408
    1458
    1451
    1367
    1259
    1247
    1314
    1258
    1285
    1250
    1255
    1228
    1238
    1239
    1307
    1394
    1434
    1547
    1980
    4630
    3595
    1372
    1266
    1248
    1300
    1218
    1208
    1200
    1290
    1215
    1262
    1288
    1294
    1247
    1185
    1249
    1216
    1183
    1137
    1185
    1216
    1217
    1206
    1209
    1270
    1278
    1224
    1399
    1633
    1256
    1230
    1200
    1196
    1210
    1185
    1236
    1232
    1356
    1227
    1167
    1174
    1231
    1185
    1216
    1244
    1114
    1234
    1255
    1261
    1211
    1186
    1190
    1238
    1241
    1277
    1164
    1262
    1198
    1176
    1248
    1225
    1233
    1196
    1193
    1231
    1211
    1192
    1214
    1244
    1268
    1308
    1319
    1238
    1274
    1382
    1579
    1795
    1649
    1332
    1292
    1257
    1327
    1291
    1254
    1200
    1254
    1250
    1243
    1286
    1446
    1613
    1234
    1193
    1180
    1155
    1133
    1143
    1067
    1058
    1046
    1048
    1102
    1152
    1158
    1107
    1096
    1129
    1072
    1061
    1151
    1119
    1056
    1052
    1036
    1071
    1056
    1083
    1098
    1015
    1070
    1054
    1057
    1022
    1039
    1119
    1034
    1028
    1099
    1083
    1060
    1055
    1029
    1066
    1079
    1074
    1110
    1087
    1093
    1017
    1064
    1061
    1018
    1025
    1084
    1071
    1091
    1166
    1132
    1256
    1289
    1099
    1028
    1092
    1136
    1338
    1663
    1197
     954
    1031
    1025
     989
     989
    1009
     999
    1031
     991
    1035
    1036
    1041
    1050
    1154
    1036
    1033
    1125
    1223
    1171
    1075
    1188
     998
    1027
    1069
    1023
    1048
    1019
    1029
    1074
    1002
    1001
    1035
    1068
    1066
    1041
    1052
    1064
    1050
    1056
    1148
    1215
    1191
    1053
    1091
     982
    1066
    1053
    1059
    1023
    1053
     999
    1147
    1346
    1805
    3430
    8851
    5136
    1129
    1034
     972
     989
     955
     966
     893
     940
     922
     973
     934
     865
     887
     954
     971
     943
     965
     985
    1123
    1018
     889
     858
     933
     853
     879
     865
     874
     830
     855
     899
     911
     884
     829
     846
     883
     905
     925
     921
    1008
     947
     940
     901
     901
     884
     863
     904
     918
     884
     935
     929
     996
     973
    1060
    1361
    2556
    2368
    1138
    1004
    1024
    1007
     926
     967
     862
     851
     885
     870
     813
     828
     845
     904
     889
     890
     827
     885
     862
     894
     920
     776
     777
     781
     744
     761
     700
     719
     724
     738
     723
     852
     815
     717
     688
     717
     813
     713
     771
     664
     656
     638
     656
     601
     674
     624
     602
     623
     589
     595
     597
     643
     636
     611
     628
     692
     784
    1108
    1687
    4408
    7465
    2667
     808
     658
     666
     576
     585
     589
     577
     558
     525
     559
     540
     520
     507
     564
     695
     548
     531
     524
     527
     508
     497
     524
     552
     665
     818
     639
     508
     467
     450
     475
     451
     475
     445
     414
     497
     484
     471
     450
     427
     407
     441
     452
     409
     459
     433
     413
     469
     427
     440
     442
     418
     445
     439
     443
     425
     413
     416
     431
     392
     386
     438
     423
     430
     413
     395
     429
     447
     422
     429
     474
     499
     605
     737
    1133
    2289
    4998
    3751
    1164
    1066
     638
     467
     413
     424
     436
     439
     400
     461
     488
     622
     853
    1504
    3382
    5948
    2499
     603
     493
     489
     472
     643
     797
     533
     427
     434
     439
     439
     417
     375
     404
     391
     409
     412
     431
     435
     408
     435
     417
     429
     413
     398
     409
     406
     423
     411
     410
     430
     426
     434
     422
     436
     474
     478
     445
     455
     412
     425
     484
     434
     415
     473
     473
     444
     389
     433
     391
     341
     382
     343
     304
     322
     322
     332
     347
     312
     342
     393
     542
     707
     518
     306
     281
     254
     255
     288
     250
     272
     254
     313
     336
     402
     586
     447
     249
     227
     251
     226
     223
     246
     239
     239
     273
     288
     248
     208
     229
     208
     223
     220
     213
     220
     191
     214
     211
     217
     207
     232
     269
     230
     206
     197
     178
     191
     160
     165
     170
     160
     215
     206
     227
     221
     280
     502
     660
     322
     156
     155
     160
     138
     143
     130
     116
     132
     149
     131
     105
     129
     130
     106
      99
     109
      98
     112
      99
     118
     144
     126
      86
      95
     108
      81
     117
     104
      95
      98
      96
      87
      93
      98
      93
      97
      94
      92
      89
      94
     104
      87
      89
      81
      86
      85
      74
      98
      89
      80
      82
      86
      70
     102
      81
      86
      79
      84
      81
     111
      98
     133
     193
     343
     584
    1376
    3621
    5900
    2890
     368
     192
     133
     106
     105
     105
      79
      86
      81
      77
      70
      56
      88
      67
     112
     102
      67
      65
      72
      59
      59
      53
      62
      78
      65
      54
      56
      93
     119
     189
     182
      67
      49
      48
      41
      44
      26
      39
      43
      45
      33
      33
      37
      50
      33
      43
      42
      40
      37
      42
      50
      42
      57
      39
      53
      48
      37
      39
      51
      25
      31
      37
      33
      38
      46
      49
      35
      42
      36
      54
      66
      58
      83
     153
     324
     519
     356
      83
      36
      29
      21
      28
      36
      17
      17
      27
      36
      19
      22
      18
      26
      24
      20
      24
      23
      24
      21
      23
      24
      19
      14
      19
      21
      20
      26
      29
      27
      39
      18
      16
      19
      16
      24
      18
      16
      16
      17
      19
      16
      21
      17
      25
      14
      22
      19
      16
      17
      14
      16
      15
      18
      19
      17
      15
      19
      17
      13
      17
       9
       7
      17
      15
      13
      18
      20
      21
      34
      50
      43
      22
      15
      18
      23
      22
      17
      12
      14
       4
      17
       8
      11
      13
      14
      18
       9
      20
      12
      11
      17
      14
      14
      10
       5
      14
       3
       8
      10
      15
      14
       8
      13
      11
      13
      10
      10
      10
       8
      11
       8
      19
      10
      11
       8
       8
      19
       5
       7
      12
      12
       4
      15
      11
       7
      11
       8
       6
      16
      18
      13
      14
       8
      16
      15
      15
      10
      13
       7
      12
      11
       7
      12
       5
       7
       6
       7
       8
      12
      11
      11
       9
       1
      15
       7
       7
      14
       9
      11
       2
       9
       9
       6
       5
      11
      11
       8
       6
      11
       9
       4
       3
       8
       8
       4
       7
       7
       7
       6
       7
      11
       7
       8
       6
       8
       6
       8
       7
       9
       5
      11
       5
       7
      10
      11
       5
       3
       3
       9
       4
       5
       7
       3
       5
       4
       5
       9
       9
       5
       4
       4
       8
       9
       8
       8
       7
       3
       9
       9
       6
       9
       7
       5
       8
       6
       6
       6
       4
       9
       6
       5
       4
       8
       8
       7
       6
       2
       7
       7
       3
       4
       4
       6
       5
       1
      10
       4
       4
       4
       4
       2
       0
       6
       1
       6
       5
       5
       4
       6
       5
       7
       2
       4
       7
       4
       9
       8
       6
       3
       5
       7
       4
       2
       6
       7
       3
       6
       5
       4
       4
       7
       5
       4
       3
       8
       3
       2
       2
       4
       3
       5
       4
       2
       3
       3
       2
       4
       3
       6
       4
       7
       1
       5
       3
       5
       5
       3
       7
       2
       7
       4
       3
       1
       4
       1
       1
       3
       3
       5
       2
       7
       3
       3
       2
       4
       4
       2
       3
       4
       2
       6
       0
       2
       2
       6
       4
       3
       3
       2
       4
       5
       2
       4
       2
       4
       1
       4
       3
       4
       0
       1
       2
       2
       5
       1
       1
       4
       3
       3
       4
       3
       2
       2
       3
       3
       3
       3
       3
       2
       4
       1
       3
       3
       6
       2
       1
       1
       0
       5
       2
       2
       4
       0
       4
       2
       3
       0
       1
       2
       0
       1
       4
       1
       4
       4
       5
       3
       2
       2
       3
       1
       1
       1
       3
       4
       3
       0
       2
       1
       2
       1
       5
       1
       2
       5
       0
       3
       0
       2
       1
       0
       1
       2
       0
       1
       2
       1
       1
       1
       1
       2
       3
       3
       2
       3
       4
       1
       1
       0
       4
       0
       2
       2
       2
       4
       0
       3
       0
       1
       1
       0
       1
       1
       0
       1
       3
       0
       0
       2
       0
       2
       2
       3
       0
       0
       2
       0
       3
       0
       2
       2
       2
       1
       1
       0
       0
       0
       3
       2
       1
       1
       1
       0
       0
       0
       1
       0
       3
       1
       0
       0
       2
       1
       2
       1
       1
       0
       1
       0
       0
       0
       3
       1
       0
       2
       1
       0
       0
       1
       4
       1
       3
       0
       1
       0
       1
       2
       2
       0
       0
       1
       0
       0
       1
       1
       1
       0
       1
       0
       3
       0
       2
       0
       0
       0
       2
       0
       0
       0
       2
       1
       1
       1
       0
       1
       1
       0
       3
       1
       1
       0
       2
       0
       1
       1
       0
       1
       0
       0
       0
       0
       0
       2
       0
       0
       0
       0
       1
       2
       1
       0
       0
       0
       0
       1
       0
       0
       1
       0
       0
       1
       1
       1
       1
       2
       0
       1
       0
       1
       1
       0
       0
       0
       0
       0
       0
       1
       1
       0
       1
       0
       0
       0
       0
       1
       1
       0
       2
       0
       1
       1
       0
       0
       0
       0
       1
       0
       0
       0
       0
       0
       0
       1
       1
       0
       1
       0
       0
       0
       0
       1
       0
       0
       1
       0
       0
       0
       1
       0
       1
       0
       0
       1
       0
       1
       0
       0
       0
       0
       0
       0
       0
       0
       0
       0
       0
       2
       1
       0
       0
       0
       0
       1
       0
       0
       0
       0
       0
       2
       0
       0
       0
       0
       1
       0
       0
       1
       0
       1
       0
       0
       0
       0
       0
       1
       0
       0
       1
       1
       2
       0
       0
       0
       0
       0
       0
       0
       0
       0
       0
       0
       1
       0
       0
       0
       0
       0
       0
       0
       0
       0
       0
       0
       0
       0
       0
       0
       1
       0
       0
       0
       0
       1
       0
       0
       0
       0
       0
       0
       1
       0
       0
       0
       0
       1
       0
       0
       0
       0
       0
       0
       0
       0
       0
       0
       0
       0
       0
       0
       0
       1
       0
       0
       1
       0
       0
       0
       0
       0
       0
       0
       0
       0
       0
       0
       0
       0
       1
       0
       1
       0
       0
       0
       0
       0
       0
       0
       0
       1
       0
       0
       0
       0
       0
       0
       0
       0
       0
       0
       0
       1
       0
       0
       0
       0
       0
       0
       0
       0
       0
       1
       0
       0
       0
       0
       0
       0
       0
       0
       0
       0
       0
       0
       0
       0
       0
       0
       0
       0
       0
       0
       0
       0
       0
       0
       0
       0
       0
       0
       0
       0
       0
       0
       0
       0
       0
       0
       0
       1
       0
       0
       0
       0
       0
       0
       0
       0
       0
       0
       0
       0
       0
       0
       0
       0
       0
       0
       1
       0
       0
       1
       0
       0
       0
       0
       0
       1
       0
       0
       0
       0
       0
       0
       0
       0
       0
       0
       0
       0
       0
       0
       0
       0
       0
       0
       0
       0
       0
       0
       1
       0
       0
       0
       0
       0
       0
       0
       0
       0
       0
       0
       0
       0
       0
       0
       0
       0
       0
       0
       0
       0
       0
       0
       0
       0
       0
       0
       0
       0
       0
       0
       0
       0
       0
       0
       0
       0
       0
       0
       0
       0
       0
       0
       0
       0
       0
       0
       0
       0
       1
       0
       0
       0
       0
       0
       1
       0
       0
       0
       0
       0
       0
       0
       0
       0
       0
       0
       0
       0
       0
       0
       0
       0
       0
       0
       0
       0
       0
       0
       0
       0
       0
       0
       0
       0
       0
       1
       0
       0
       0
       0
       0
       0
       0
       0
       0
       0
       0
       0
       0
       0
       0
       0
       0
       0
       0
       0
       0
       0
       0
       0
       0
       0
       0
       0
       0
       0
       0
       0
       0
       0
       0
       0
       0
       0
       0
       0
       0
       0
       0
       0
       0
       0
       0
       0
       0
       0
       0
       0
       0
       0
       0
       0
       0
       0
       0
       0
       0
       0
       0
       1
       0
       0
       0
       0
       0
       0
       0
       0
       0
       0
       0
       0
       0
       0
       0
       0
       0
       0
       0
       0
       0
       0
       0
       0
       0
       0
       0
       0
       0
       0
       0
       0
       0
$ROI:
2
83 93
458 472
$PRESETS:
None
0
0
$ENER_FIT:
1.350994 1.567553
$MCA_CAL:
3
1.350994E+000 1.567553E+000 -3.276420E-006 keV
$SHAPE_CAL:
3
7.934601E-001 -6.232490E-005 1.014241E-007
