$SPEC_ID:
HFNG Beamline
$SPEC_REM:
DET# 2
DETDESC# EasyMCA
AP# Maestro Version 7.01
$DATE_MEA:
06/20/2018 18:10:27
$MEAS_TIM:
600 603
$DATA:
0 8191
       0
       0
       0
       0
       0
       0
       0
       0
       0
       0
       0
       0
       1
       1
       1
       1
       1
       0
       0
       0
       0
       1
       0
       0
       1
       0
       0
       0
       0
       0
       0
       0
       0
       0
       0
       0
       0
       0
       0
       0
       0
       0
       0
       0
       0
       0
       0
       1
      80
     159
     143
     125
     132
     149
     170
     178
     151
     160
     181
     171
     161
     158
     155
     114
     154
     155
     171
     160
     148
     163
     160
     136
     149
     148
     141
     153
     150
     147
     153
     147
     145
     138
     148
     150
     135
     139
     136
     135
     152
     140
     136
     122
     132
     139
     132
     160
     116
     112
     126
     150
     126
     124
     123
     126
     141
     123
     128
     120
     141
     130
     133
     142
     120
     118
     122
     119
     127
     120
     112
     127
     108
     124
     128
     111
     138
     115
      99
     119
     100
     126
     127
     115
      91
      99
     127
     121
     127
     109
     104
     122
      98
     109
     109
     122
     116
     126
     110
      95
     122
     105
     109
     114
     101
     112
     118
     131
     101
     111
     101
     110
     120
     109
      97
     109
      86
     117
     115
     114
     119
      96
     107
      95
     103
      99
      93
     104
     114
     100
      95
     102
      78
     104
      85
     101
     104
      84
     110
     100
     110
      98
     122
      99
     100
      91
      85
      81
     102
     114
     105
     108
     100
      86
      92
      93
      90
      92
      92
     102
      87
     102
      87
      99
      80
      95
      77
      97
      97
      83
      88
      88
     112
     100
      88
      83
      84
      87
     103
      91
      90
      83
     103
      83
      82
     104
      85
      93
      86
     104
     100
      92
      96
      90
      88
      82
      77
      82
      87
      88
      92
      82
      99
      87
      95
      76
      86
     101
     100
     103
      97
      82
      96
      82
      86
      89
      92
      89
      74
     101
      85
      87
      92
      77
     102
     118
      74
      72
      90
      89
      89
      73
      98
      88
     102
      84
      84
      76
      85
      64
      80
      94
     102
      69
      83
      78
      83
      84
      83
      83
     113
      88
      82
      88
      77
      95
      75
     106
     105
      80
      76
      83
      74
      94
      88
      85
      84
      87
      97
      73
      84
      87
      84
      94
     107
      77
      80
      85
      95
      70
      94
      71
      81
     106
      86
      91
      67
      76
      93
      78
     105
      81
      88
     113
      62
      98
      80
      82
      82
      78
      91
      86
     101
      84
      68
      95
      83
      83
      75
      81
      78
      80
      78
      62
      77
      73
      81
      92
     104
      89
      93
      94
     101
     121
     141
     175
     188
     179
     109
     116
      87
      83
      96
      88
     124
     174
     208
     241
     235
     173
     125
      95
      99
      98
      90
      57
     114
      73
      95
      81
      74
      83
      76
      97
      78
      72
      68
      79
      84
      94
      79
      76
      75
      93
      82
      86
      60
      90
      91
      69
      91
      85
      75
      81
      84
      77
      74
      88
      78
      81
      71
      98
     110
      94
     105
     133
     175
     176
     158
     159
     136
      86
     106
      85
      70
      90
      98
      93
     106
     101
     109
     102
      96
      89
      84
      83
      76
      82
      89
      84
      57
      87
      78
      62
      63
      76
      71
      88
      83
      70
      82
      90
      70
      89
      91
      88
      66
     103
      78
      95
      78
      80
      78
      74
      72
      66
      83
      89
      81
      74
      78
      79
      83
      64
      84
      85
      73
      77
      74
      79
      82
      79
      90
      73
      85
      61
      92
      70
      89
      79
      70
      89
      83
      80
      87
      64
      83
      69
      83
      85
      78
      78
      81
      72
      83
      71
      85
      81
      61
      64
      87
      84
      89
      77
      86
      71
      63
      83
      83
      70
      76
      77
      66
      79
      82
      77
      62
      78
      70
      80
      87
      93
      83
      70
      75
      80
      68
      79
      83
      86
      78
      77
      64
      76
      81
      85
      72
      73
      89
      83
      78
      77
      81
      68
      74
      84
      65
      70
      81
      70
      71
      69
      90
      92
      61
      89
      93
      85
      78
      80
      92
      85
      83
      74
      69
      70
      83
      78
      81
      66
      62
      88
      90
      75
      82
      93
      76
      79
      70
     101
      87
      76
      85
      96
      78
      72
      79
      71
      75
      78
      87
      68
      84
      84
      89
      74
      71
      72
      74
      82
      77
      61
      63
     101
      86
      88
      67
      71
     100
      86
      78
      76
      80
      83
      66
      88
      67
      85
      80
      73
      93
      86
      88
      78
      92
      74
      76
      93
      93
      80
      85
      80
      81
      80
      81
      76
      82
      67
      91
      86
      79
      87
      83
      85
      90
      87
      85
      75
      95
      98
      85
      77
      78
      81
      86
      84
      79
      81
      71
      91
      75
      86
      88
      76
      97
      84
      85
      71
      76
      70
      83
      83
      65
      89
      97
      70
      77
      82
     138
     189
     290
     433
     567
     518
     366
     238
     123
      85
      96
      90
      94
      79
      63
      79
      82
      71
      95
      96
      79
      63
     102
      94
     100
     100
      86
      82
      85
      80
      78
     100
      76
      80
      89
      93
      98
      84
      87
      85
      81
     105
     101
      84
      97
      86
      84
      96
      82
     107
      86
      68
      87
      93
      75
      82
      92
      87
      98
      85
      89
      82
      95
      71
      75
      82
      83
      88
      86
      81
      78
      87
      89
      79
      88
      97
      92
     100
      93
      81
      81
      83
      79
      85
      93
      88
      91
      87
     111
     105
      91
      87
      90
      91
     100
      86
      99
      93
      80
     101
      92
      92
     100
      83
      91
     106
      63
      94
      86
      78
      95
      86
     103
      97
      81
      96
      97
      92
     107
     100
      87
      89
      96
     101
     105
      94
      78
     109
      91
      90
      90
      91
      92
     111
     102
      97
      93
      82
      87
      85
      93
      86
      98
      95
     102
      91
      86
     102
     103
      96
      86
      86
      80
      96
     100
      84
      95
      85
     102
      90
      90
     101
      94
     101
     108
      82
      97
      73
      88
      98
      92
      87
      89
     102
      92
      90
      77
      71
      89
     117
      96
      96
      81
     118
      89
      82
      88
     110
      95
      81
      91
      95
     108
      83
      94
      85
      97
      84
     107
      86
      95
      82
      91
      91
      91
      87
      83
      93
      85
      88
     115
      88
      98
      85
      73
     102
     108
      96
     100
      79
      92
      88
      74
      81
      89
      97
      98
      93
     105
     103
      94
      95
      74
      78
     105
      87
      91
      98
      84
      88
     110
      89
      81
      90
      79
      90
      96
      99
      86
      98
     104
      89
     105
      88
      89
      90
      76
      92
      96
      99
     111
     111
      96
      94
      82
      91
      71
      82
      82
      81
     113
      98
      85
      74
      87
      94
      88
      99
      83
      84
      92
      86
      77
      82
      83
      61
      81
      70
      96
      86
      80
      94
      81
      86
      81
      86
      83
      80
      79
      82
      73
      73
      70
      89
      81
      79
      77
      73
     110
      84
      81
      89
      64
      74
      81
      73
      53
      83
      79
      94
      74
      76
      84
      59
      80
      85
      85
      77
      74
      84
      69
      75
      91
      76
      91
      81
      82
      85
      83
      84
      82
      75
      73
      95
      73
      73
      77
      70
      78
      89
      76
      64
      91
      92
      86
      78
      75
      88
      80
      91
      76
      84
      71
      86
      79
      76
      95
      98
      79
      77
      82
      87
      83
      82
      75
      85
      93
      84
      83
      89
      94
      71
      67
      84
      74
      93
      80
      75
      95
      88
      92
      97
      65
      85
      85
      88
      78
      69
      86
      85
      90
     102
      92
      84
      86
      90
      90
      83
      83
      89
      85
      80
      98
      76
      85
      92
      82
      93
      85
      89
      74
      96
     106
      95
      94
      72
      86
      87
      76
      63
      70
      84
      71
      90
      86
      96
      71
      92
      86
      83
      89
      79
      82
      71
      83
      78
      93
      71
     101
      73
      99
      83
      84
      82
      66
      87
      83
      76
      74
      93
      88
      93
      96
      80
      67
      81
     103
      95
      79
      82
      74
      63
      80
      87
      72
      75
      54
      72
      82
      83
      69
      76
      69
      89
      78
      81
      76
      73
      65
      78
      74
      74
      81
      72
      73
      79
      77
      72
      94
      88
      64
      70
      81
      80
      75
      71
      81
      81
      88
     109
      79
      80
     101
      70
      81
      78
      78
      67
      86
      76
      96
      67
      68
      84
      75
      78
      72
      67
      81
      63
      74
      68
      63
      68
      71
      77
      77
      79
      76
      76
      74
      65
      80
      76
      77
      79
      78
      74
      85
      74
      70
      72
      82
      78
      68
      83
      72
      72
      71
      77
      72
      69
      86
      85
      72
      80
      54
      72
      66
      65
      70
      71
      66
      63
      83
      74
      85
      82
      59
      83
      66
      76
      66
      87
      79
      75
      72
      76
      73
      69
      61
      64
      70
      72
      90
      63
      68
      70
      66
      82
      73
      80
      94
      63
      70
      61
      81
      67
      66
      81
      68
      76
      67
      69
      68
      77
      60
      62
      58
      78
      60
      55
      70
      48
      58
      61
      72
      46
      67
      66
      69
      60
      62
      58
      60
      48
      57
      73
      50
      77
      65
      59
      58
      77
      61
      69
      71
      58
      62
      67
      57
      57
      51
      63
      50
      67
      60
      44
      60
      50
      57
      54
      51
      62
      72
      51
      59
      64
      62
      65
      52
      52
      44
      67
      59
      64
      58
      61
      67
      49
      53
      57
      65
      58
      61
      61
      70
      63
      71
      67
      52
      59
      56
      69
      53
      74
      49
      55
      67
      54
      58
      61
      54
      67
      56
      35
      39
      64
      55
      57
      41
      50
      54
      47
      53
      49
      46
      50
      43
      56
      55
      51
      64
      59
      64
      54
      66
      55
      59
      51
      48
      57
      47
      51
      49
      46
      45
      40
      48
      71
      54
      58
      54
      61
      43
      62
      65
      60
      53
      52
      62
      45
      62
      49
      54
      44
      55
      50
      47
      58
      34
      48
      46
      51
      45
      55
      46
      54
      40
      45
      42
      49
      37
      65
      59
      46
      46
      65
      53
      49
      56
      47
      64
      48
      38
      57
      52
      52
      47
      45
      40
      52
      44
      33
      54
      65
      46
      53
      45
      50
      47
      46
      38
      50
      49
      48
      47
      50
      47
      36
      49
      44
      46
      40
      47
      53
      50
      58
      38
      44
      38
      38
      46
      43
      30
      35
      45
      52
      53
      48
      55
      48
      57
      44
      48
      54
      52
      52
      42
      44
      52
      65
      50
      45
      50
      48
      34
      54
      32
      39
      49
      55
      53
      60
      52
      53
      42
      36
      48
      53
      46
      54
      44
      45
      43
      55
      49
      53
      44
      41
      42
      39
      45
      48
      45
      48
      52
      46
      39
      49
      46
      49
      40
      47
      48
      36
      59
      31
      36
      40
      44
      44
      37
      49
      40
      46
      41
      44
      45
      61
      34
      44
      48
      42
      46
      49
      55
      41
      52
      40
      34
      41
      34
      48
      37
      46
      35
      50
      38
      39
      32
      32
      43
      40
      44
      42
      30
      44
      39
      43
      35
      36
      48
      54
      42
      34
      34
      36
      40
      45
      40
      33
      51
      33
      44
      40
      45
      48
      31
      45
      43
      43
      42
      37
      47
      43
      46
      47
      50
      45
      45
      34
      33
      51
      43
      42
      46
      44
      46
      41
      49
      47
      33
      40
      35
      46
      44
      32
      51
      50
      40
      41
      40
      48
      42
      49
      44
      38
      40
      43
      40
      41
      47
      51
      54
      42
      45
      42
      36
      39
      49
      52
      50
      41
      41
      53
      38
      57
      61
      55
      57
      87
     103
     162
     277
     413
     685
     982
    1225
    1311
    1303
    1089
     768
     534
     246
     135
      56
      40
      31
      43
      45
      31
      34
      24
      30
      37
      40
      28
      27
      35
      38
      45
      36
      44
      45
      35
      29
      41
      37
      33
      30
      39
      30
      32
      32
      38
      19
      25
      34
      36
      30
      34
      36
      39
      30
      41
      32
      29
      35
      34
      31
      39
      30
      28
      23
      29
      45
      36
      32
      41
      38
      36
      28
      33
      39
      33
      37
      37
      33
      41
      31
      30
      26
      28
      23
      33
      28
      22
      31
      35
      30
      42
      28
      25
      36
      28
      31
      28
      37
      29
      39
      25
      34
      38
      51
      60
      55
      60
      67
      82
      48
      46
      43
      63
      37
      29
      33
      33
      28
      35
      36
      34
      27
      35
      22
      32
      42
      31
      40
      32
      26
      34
      32
      29
      37
      35
      32
      33
      31
      33
      20
      30
      37
      34
      24
      42
      38
      41
      19
      42
      35
      35
      37
      22
      38
      25
      34
      39
      30
      23
      33
      35
      43
      35
      28
      30
      33
      34
      31
      34
      21
      32
      33
      33
      31
      27
      29
      28
      23
      29
      37
      35
      22
      34
      30
      33
      34
      34
      30
      32
      26
      34
      24
      33
      33
      31
      28
      31
      25
      45
      27
      27
      31
      31
      36
      39
      34
      29
      31
      41
      22
      38
      26
      22
      44
      24
      31
      39
      34
      30
      28
      26
      32
      22
      27
      32
      23
      43
      26
      31
      21
      21
      33
      22
      23
      24
      29
      34
      31
      33
      33
      33
      28
      30
      32
      41
      25
      24
      28
      28
      24
      27
      35
      28
      34
      24
      22
      26
      30
      27
      34
      34
      28
      28
      34
      34
      27
      29
      31
      34
      25
      27
      27
      29
      32
      45
      29
      38
      32
      51
      37
      33
      27
      35
      22
      37
      46
      43
      52
      71
      86
     108
     145
     142
     160
     121
     100
      63
      60
      39
      29
      37
      36
      31
      28
      27
      31
      38
      23
      27
      27
      29
      31
      29
      40
      28
      28
      26
      25
      33
      32
      22
      30
      24
      40
      27
      27
      32
      35
      28
      36
      31
      38
      25
      31
      43
      29
      30
      33
      35
      24
      22
      30
      29
      28
      27
      25
      30
      20
      20
      33
      24
      36
      28
      35
      27
      20
      27
      23
      34
      34
      25
      34
      26
      35
      27
      25
      22
      35
      24
      25
      31
      25
      31
      24
      32
      25
      29
      27
      32
      38
      25
      30
      29
      32
      17
      28
      33
      27
      28
      34
      38
      25
      32
      43
      30
      32
      38
      23
      29
      31
      40
      32
      21
      33
      37
      38
      37
      33
      42
      35
      35
      37
      46
      74
      89
     183
     240
     405
     563
     805
    1000
    1006
    1032
     920
     773
     498
     329
     170
      94
      52
      34
      33
      31
      24
      19
      25
      18
      26
      25
      25
      17
      25
      22
      25
      19
      29
      18
      22
      27
      19
      29
      31
      23
      19
      27
      22
      29
      26
      20
      29
      31
      24
      23
      28
      26
      22
      26
      19
      28
      22
      32
      25
      34
      15
      20
      23
      25
      16
      21
      14
      15
      23
      26
      18
      32
      24
      21
      23
      21
      20
      16
      23
      21
      14
      34
      25
      24
      18
      29
      23
      22
      21
      21
      18
      26
      27
      29
      15
      31
      17
      30
      19
      23
      23
      25
      28
      21
      22
      22
      29
      17
      21
      26
      18
      19
      24
      21
      23
      19
      29
      25
      20
      25
      27
      42
      23
      22
      29
      21
      19
      21
      31
      34
      26
      29
      21
      27
      25
      23
      23
      23
      30
      20
      30
      24
      17
      28
      20
      17
      23
      21
      24
      29
      26
      21
      30
      25
      29
      24
      22
      26
      24
      17
      29
      23
      29
      21
      24
      22
      16
      17
      14
      25
      20
      23
      24
      19
      23
      16
      21
      21
      14
      20
      27
      23
      23
      22
      21
      28
      28
      23
      17
      22
      33
      26
      31
      20
      27
      14
      25
      25
      30
      23
      26
      24
      27
      34
      21
      30
      26
      20
      23
      23
      26
      29
      22
      24
      22
      21
      30
      23
      23
      32
      23
      23
      24
      20
      28
      21
      20
      22
      18
      17
      27
      18
      17
      23
      26
      18
      28
      28
      20
      26
      34
      37
      32
      40
      42
      41
      48
      45
      44
      29
      40
      33
      29
      28
      29
      26
      16
      12
      15
      26
      24
      31
      18
      24
      25
      19
      21
      22
      15
      28
      25
      24
      25
      30
      24
      22
      23
      15
      30
      21
      22
      30
      25
      19
      19
      22
      20
      26
      23
      20
      17
      16
      21
      28
      28
      25
      21
      15
      15
      16
      24
      24
      20
      24
      19
      25
      18
      20
      14
      16
      25
      24
      27
      18
      19
      17
      21
      22
      16
      28
      23
      28
      23
      29
      29
      25
      19
      32
      21
      16
      27
      25
      21
      20
      31
      26
      23
      22
      27
      27
      21
      17
      25
      21
      18
      28
      19
      22
      16
      13
      24
      31
      22
      21
      21
      25
      32
      32
      23
      20
      16
      19
      19
      20
      19
      24
      27
      20
      17
      21
      25
      28
      26
      26
      16
      20
      29
      26
      23
      26
      19
      22
      16
      27
      19
      23
      40
      13
      26
      25
      19
      19
      17
      19
      18
      24
      16
      25
      18
      23
      13
      25
      24
      23
      26
      23
      23
      19
      28
      27
      13
      15
      25
      13
      16
      22
      27
      19
      22
      30
      22
      24
      31
      30
      26
      29
      33
      17
      30
      24
      22
      20
      22
      22
      18
      18
      24
      17
      27
      21
      13
      27
      20
      18
      22
      20
      26
      33
      21
      28
      20
      30
      26
      24
      27
      18
      26
      26
      31
      22
      25
      27
      35
      26
      27
      27
      17
      25
      26
      24
      25
      30
      27
      14
      28
      12
      28
      25
      35
      30
      30
      35
      34
      38
      33
      28
      42
      41
      32
      38
      33
      44
      40
      35
      33
      37
      28
      34
      25
      32
      29
      30
      25
      31
      20
      26
      20
      23
      26
      19
      10
      22
      21
      31
      10
      16
      35
      27
      16
      25
      31
      15
      28
      19
      21
      28
      30
      24
      18
      24
      27
      24
      22
      25
      20
      25
      22
      20
      33
      13
      24
      28
      26
      20
      17
      22
      28
      29
      25
      25
      23
      26
      21
      17
      15
      27
      18
      21
      26
      16
      23
      28
      28
      24
      24
      27
      27
      16
      19
      28
      29
      30
      19
      18
      18
      21
      26
      24
      25
      29
      19
      19
      19
      11
      22
      18
      28
      20
      17
      25
      24
      23
      16
      26
      20
      19
      35
      31
      24
      22
      25
      20
      29
      15
      23
      20
      25
      19
      19
      25
      20
      23
      27
      27
      22
      24
      23
      18
      17
      17
      14
      34
      21
      20
      31
      21
      22
      19
      18
      11
      17
      18
      15
      20
      30
      29
      24
      21
      25
      15
      18
      22
      25
      26
      19
      22
      20
      24
      19
      36
      19
      28
      19
      26
      18
      25
      23
      16
      14
      23
      18
      12
      24
      23
      23
      25
      22
      26
      21
      22
      26
      29
      22
      15
      22
      25
      16
      21
      29
      29
      32
      30
      11
      21
      16
      24
      12
      23
      23
      28
      24
      28
      16
      21
      30
      23
      21
      20
      19
      19
      18
      16
      26
      20
      17
      15
      17
      26
      16
      19
      27
      34
      21
      26
      16
      28
      22
      18
      26
      24
      20
      18
      22
      25
      23
      21
      26
      19
      25
      25
      19
      22
      14
      34
      28
      23
      28
      19
      18
      25
      20
      14
      20
      21
      21
      22
      17
      23
      29
      11
      21
      17
      26
      21
      29
      21
      21
      25
      27
      19
      24
      26
      20
      18
      22
      17
      21
      16
      23
      22
      27
      22
      26
      23
      22
      18
      26
      25
      13
      26
      18
      23
      23
      26
      21
      22
      28
      26
      18
      21
      21
      13
      22
      27
      30
      25
      21
      23
      22
      21
      19
      21
      19
      21
      26
      29
      26
      24
      20
      21
      15
      17
      20
      22
      22
      18
      22
      18
      23
      21
      20
      16
      20
      25
      29
      26
      26
      20
      29
      25
      23
      20
      23
      24
      25
      21
      22
      15
      16
      27
      26
      21
      18
      18
      20
      22
      19
      14
      15
      13
      25
      19
      18
      18
      19
      22
      28
      24
      25
      17
      14
      16
      24
      30
      28
      33
      19
      23
      28
      25
      21
      23
      23
      18
      28
      21
      19
      31
      22
      19
      17
      20
      31
      25
      18
      24
      21
      18
      25
      22
      32
      20
      20
      21
      23
      31
      27
      25
      21
      19
      29
      23
      28
      33
      16
      23
      27
      29
      27
      27
      20
      22
      17
      18
      22
      25
      15
      31
      27
      24
      21
      19
      24
      30
      31
      23
      14
      18
      12
      23
      21
      22
      22
      20
      20
      20
      15
      21
      34
      17
      16
      18
      20
      18
      30
      18
      20
      18
      10
      25
      20
      19
      17
      21
      19
      23
      29
      23
      18
      35
      27
      18
      23
      31
      28
      30
      32
      27
      25
      28
      21
      22
      28
      23
      27
      27
      22
      21
      31
      28
      29
      28
      18
      24
      28
      16
      26
      24
      30
      35
      18
      19
      24
      24
      23
      19
      20
      23
      14
      32
      20
      21
      20
      18
      28
      26
      28
      21
      22
      21
      24
      28
      24
      28
      25
      24
      29
      32
      26
      21
      17
      26
      22
      32
      24
      25
      15
      26
      26
      19
      23
      22
      21
      20
      20
      32
      25
      29
      25
      21
      15
      18
      23
      32
      19
      28
      25
      26
      24
      26
      30
      22
      18
      24
      17
      25
      21
      23
      16
      26
      22
      30
      21
      26
      18
      19
      22
      14
      23
      29
      18
      24
      26
      15
      17
      20
      18
      26
      25
      15
      20
      17
      20
      24
      27
      23
      26
      26
      22
      18
      17
      22
      21
      20
      17
      26
      19
      18
      22
      25
      22
      20
      18
      17
      25
      15
      16
      25
      23
      21
      18
      10
      32
      15
      21
      25
      19
      18
      13
      16
      23
       7
      29
      19
      25
      20
      20
      21
      26
      20
      20
      16
      16
      18
      21
      19
      24
      25
      16
      23
      25
      15
      16
      22
      15
      23
      17
      26
      29
      16
      22
      19
      18
      21
      25
      19
      28
      21
      24
      19
      17
      27
      27
      15
      16
      18
       9
      22
      21
      21
      22
      12
      27
      25
      20
      22
      23
      21
      18
      14
      19
      19
      23
      31
      24
      28
      30
      13
      18
      21
      24
      25
      17
      25
      22
      23
      13
      23
      17
      27
      21
      24
      13
      24
      24
      28
      22
      19
      16
      19
      30
      17
      22
      19
      18
      11
      22
      26
      30
      24
      19
      29
      22
      20
      21
      23
      17
      22
      23
      17
      22
      22
      25
      32
      19
      30
      26
      25
      18
      26
      27
      23
      22
      23
      22
      17
      28
      21
      18
      17
      10
      19
      23
      26
      24
      24
      15
      15
      14
      23
      18
      30
      11
      25
      18
      18
      26
      24
      15
      20
      18
      25
      23
      21
      19
      28
      20
      14
      20
      21
      20
      21
      21
      17
      22
      11
      24
      15
      20
      22
      12
      19
      19
      25
      25
      22
      17
      18
      24
      26
      16
      27
      11
      28
      14
      24
      15
      12
      28
      21
      24
      35
      14
      15
      19
      22
      24
      15
      21
      13
      21
      22
      20
      20
      19
      23
      18
      21
      27
      17
      21
      21
      14
      22
      17
      25
      15
      17
      20
      17
      20
      21
      17
      20
      18
      16
      15
      19
      20
      18
      16
      24
      15
      16
      13
      10
      21
      19
      22
       9
      24
      25
      20
      30
      17
      23
      23
      20
      18
      19
      15
      23
      26
      19
      22
      23
      11
      20
      21
      31
      13
      16
      18
      15
      16
      24
      24
      16
      26
      19
      14
      20
      26
      21
      20
      19
      21
      16
      25
      22
      20
      26
      16
      20
      27
      26
      15
      27
      17
      13
      11
      21
      22
      25
      17
      20
      23
      27
      24
      19
      20
      21
      19
      17
      17
      21
      21
      17
      21
      18
      14
      20
      20
      22
      16
      21
      22
      20
      19
      12
      18
      21
      19
      21
      20
      27
      19
      20
      26
      21
      22
      18
      20
      18
      20
      20
      28
      18
      22
      28
      16
      17
      26
      21
      18
      14
      20
      22
      24
      16
      19
      15
      25
      26
      25
      18
      25
      19
      20
      13
      15
      14
      22
      19
      21
      26
      18
      21
      18
      29
      19
      22
      20
      20
      21
      21
      22
      20
      17
      20
      18
      23
      21
      14
      16
      19
      21
      20
      14
      29
      23
      22
      25
      25
      24
      23
      15
      12
      21
      24
      21
      17
      24
      24
      25
      24
      16
      20
      14
      17
      19
      19
      27
      18
      20
      22
      15
      25
      23
      19
      17
      19
      15
      25
      22
      25
      27
      19
      16
      20
      17
      14
      18
      20
      26
      14
      21
      19
      12
      16
      27
      21
      22
      22
      24
      17
      26
      15
      18
      21
      23
      15
      27
      14
      24
      28
      16
      17
      19
      22
      17
      22
      10
      16
      21
      15
      20
      17
      18
      15
      19
      16
      20
      18
      20
      19
      13
      18
      21
      21
      22
      22
      24
      22
      27
      22
      23
      23
      22
      17
      17
      17
      17
      17
      17
      23
      25
      13
      12
      21
      17
      19
      18
      19
      18
      20
      21
      21
      17
      11
      20
      19
      26
      20
      10
      18
      33
      21
      16
      24
      17
      18
      23
      19
      18
      21
      19
      19
      18
      16
      25
      16
      14
      12
      17
      17
      27
      16
      13
      21
      22
      16
      21
      21
      24
      15
      20
      21
      16
      18
      19
      24
      19
      19
      26
      19
      22
      20
      18
      29
      22
      25
      21
      23
      18
      19
      18
      19
      21
      17
      29
      19
      26
      18
      26
      19
      17
      16
      21
      19
      27
      14
      17
      20
      13
      17
      11
      26
      18
      26
      23
      16
      21
      25
      20
      18
      19
      22
      17
      18
      19
      21
      13
      24
      20
      26
      14
      19
      13
      19
      20
      23
      17
      20
      17
      26
      11
      22
      25
      14
      19
      23
      16
      29
      15
      18
      22
      24
      21
      24
      25
      18
      23
      17
      23
      13
      16
      22
      28
      20
      22
      31
      19
      26
      26
      18
      22
      18
      15
      13
      18
      18
      28
      16
      15
      17
      30
      18
      18
      17
      22
      23
      22
      16
      20
      21
      19
      21
      19
      14
      20
      27
      28
      22
      22
      22
      16
      24
      19
      18
      17
      20
      20
      30
      15
      14
      14
      16
      25
      22
      23
      22
      20
      23
      25
      19
      22
      34
      21
      12
      13
      24
      15
      15
      25
      19
      17
      21
      15
      29
      30
      26
      21
      18
      20
      19
      16
      15
      22
      19
      23
      23
      26
      23
      15
      14
       8
      29
      24
      19
      19
      11
      26
      28
      23
      20
      23
      21
      12
      27
      18
      10
      15
      29
      28
      19
      32
      24
      13
      27
      33
      19
      27
      18
      20
      21
      18
      16
      18
      20
      27
      19
      19
      26
      21
      29
      25
      26
      27
      20
      18
      16
      25
      19
      23
      22
      14
      19
      15
      31
      22
      17
      12
      29
      15
      21
      26
      21
      32
      27
      15
      25
      23
      20
      23
      23
      22
      27
      29
      22
      30
      30
      19
      21
      30
      32
      26
      31
      16
      16
      24
      19
      19
      27
      15
      27
      19
      22
      19
      27
      17
      31
      24
      16
      18
      24
      17
      23
      25
      22
      17
      18
      16
      21
      26
      28
      26
      26
      15
      22
      19
      18
      20
      21
      27
      22
      18
      25
      20
      17
      16
      23
      26
      29
      26
      30
      28
      16
      24
      28
      22
      23
      25
      19
      20
      13
      15
      24
      21
      25
      22
      27
      25
      18
      27
      22
      27
      27
      29
      21
      25
      18
      25
      28
      21
      19
      19
      24
      14
      25
      16
      21
      16
      16
      13
      28
      18
      24
      21
      25
      26
      21
      24
      25
      20
      22
      19
      15
      28
      29
      20
      22
      34
      20
      21
      29
      20
      22
      32
      19
      30
      24
      23
      16
      22
      19
      25
      15
      12
      21
      34
      23
      16
      35
      27
      24
      40
      35
      44
      47
      65
      61
      95
     115
     108
     145
     153
     167
     158
     148
     124
     139
      99
     106
      60
      56
      40
      39
      23
      28
      25
      17
      20
      28
      22
      23
      25
      25
      24
      17
      16
      24
      22
      21
      29
      19
      23
      25
      23
      20
      22
      26
      29
      29
      27
      21
      25
      20
      27
      27
      28
      20
      28
      25
      21
      23
      19
      25
      32
      27
      18
      28
      22
      35
      23
      21
      31
      16
      18
      15
      28
      16
      13
      22
      28
      30
      37
      29
      31
      18
      14
      28
      24
      37
      25
      22
      22
      28
      28
      24
      23
      23
      13
      17
      21
      25
      18
      24
      22
      19
      22
      18
      19
      24
      17
      28
      20
      28
      21
      19
      25
      37
      21
      24
      34
      21
      37
      28
      30
      24
      24
      17
      17
      20
      21
      30
      24
      24
      19
      29
      21
      17
      16
      21
      31
      15
      23
      21
      21
      29
      33
      20
      30
      20
      36
      21
      19
      31
      24
      26
      27
      20
      34
      35
      24
      29
      34
      31
      24
      28
      25
      30
      21
      28
      18
      20
      22
      38
      31
      28
      31
      30
      29
      26
      24
      21
      30
      22
      25
      18
      28
      26
      24
      29
      24
      19
      21
      20
      21
      20
      17
      11
      14
      25
      26
      35
      29
      30
      21
      26
      21
      34
      30
      26
      31
      19
      16
      28
      27
      27
      29
      26
      30
      29
      28
      26
      25
      26
      29
      23
      27
      26
      28
      27
      35
      20
      17
      23
      38
      26
      26
      21
      24
      28
      23
      16
      21
      30
      25
      19
      28
      24
      27
      33
      32
      31
      34
      32
      29
      28
      34
      21
      30
      24
      20
      25
      27
      16
      31
      21
      22
      26
      21
      33
      27
      23
      21
      39
      30
      23
      21
      34
      25
      38
      36
      30
      22
      21
      24
      23
      37
      26
      27
      22
      26
      30
      23
      26
      39
      34
      19
      33
      28
      31
      29
      33
      24
      27
      30
      28
      39
      29
      32
      27
      18
      27
      25
      24
      22
      34
      30
      17
      28
      31
      23
      27
      24
      27
      20
      24
      28
      27
      42
      24
      27
      29
      21
      26
      25
      22
      31
      24
      30
      30
      19
      23
      25
      27
      33
      24
      22
      30
      29
      22
      25
      29
      27
      25
      22
      28
      17
      24
      23
      34
      24
      26
      30
      35
      32
      25
      19
      23
      25
      32
      30
      24
      25
      24
      24
      28
      21
      31
      20
      32
      27
      24
      35
      22
      20
      27
      14
      22
      30
      16
      19
      31
      18
      25
      24
      18
      30
      28
      22
      27
      30
      22
      21
      22
      24
      26
      25
      23
      25
      23
      17
      19
      27
      25
      13
      30
      19
      21
      30
      24
      19
      14
      19
      22
      19
      36
      19
      23
      16
      22
      20
      26
      21
      16
      26
      19
      20
      19
      24
      23
      20
      22
      14
      16
      25
      21
      21
      19
      20
      18
      19
      24
      25
      15
      26
      21
      25
      17
      16
      28
      18
      27
      14
      26
      25
      23
      28
      24
      21
      21
      21
      23
      17
      26
      31
      19
      23
      21
      19
      21
      17
      26
      21
      21
      25
      11
      22
      14
      25
      17
      26
      14
      20
      17
      20
      23
      23
      14
      15
      10
      20
      24
      22
      18
      21
      15
      21
      14
      18
      22
      18
      19
      20
      18
      16
      16
      27
      15
      26
      14
      25
      24
      13
      28
      21
      28
      22
      22
      20
      19
      26
      15
      15
      19
      19
      27
      21
      21
      16
      16
      15
      17
      17
      25
      11
      31
      13
      16
      19
      19
      16
      13
      17
      29
      19
      15
      20
      11
      20
      18
      25
      17
      14
      14
      22
      19
      21
      20
      23
      17
      20
      13
      22
      17
      20
      23
      26
      19
      19
      19
      11
      19
      22
      21
      23
      18
      15
      21
      24
      18
      21
      16
      19
      17
      19
      26
      15
      21
      28
      16
      12
      12
      27
      22
      19
      24
      13
      24
      14
      13
      21
      17
      20
      20
      19
      24
      17
      21
      20
      14
      15
      16
      12
      25
      16
      25
      18
      22
      21
      12
      18
      16
      16
      21
      20
      12
      24
      15
      20
      24
      23
      14
      21
      24
      20
      23
      15
      22
      25
      19
      18
      14
      20
      20
      16
      20
      27
      22
      18
      19
      14
      25
      12
      21
      19
      19
      18
      16
      17
      18
      16
      17
      19
      24
      23
      16
      17
       9
      25
      13
      15
      16
      20
      24
      16
      14
      25
      14
      15
      17
      26
      18
      22
      27
      18
      21
      19
      26
      17
       7
      22
      21
      23
      22
      19
      17
      15
      23
      10
      12
      21
      18
      23
      14
      17
      16
      16
      21
      18
      15
      17
      11
      15
      19
       9
      18
      17
      15
      15
      23
      15
      28
      11
      17
      18
      16
      21
      23
      15
      20
      21
      16
      16
      12
      17
      15
      17
      11
      22
      27
      17
      23
      12
      20
      16
      14
      20
      15
      22
      17
      29
      20
      19
      22
      11
      18
      13
      15
      15
      24
      20
      28
      15
      17
      15
      17
      14
      14
      19
      27
      15
      17
      16
       9
      27
      20
      19
      18
      17
      22
      15
      14
      21
      19
      16
      24
      17
      19
      18
      26
      14
      20
      20
      25
      25
      21
      20
      22
      21
      24
      16
      20
      15
      16
      19
      22
      12
      21
      17
      16
      14
      22
      18
      11
      18
      19
      18
      13
      13
      21
      19
      17
      16
      16
      19
       8
      16
      14
      17
      20
      18
      15
      29
      23
      20
      17
      22
      17
      20
      20
      14
      16
      16
      22
      23
      17
      20
      20
      16
      12
      14
      18
      14
      22
      14
      23
      14
      14
      18
      15
      17
      16
      11
       8
      23
      19
      21
      12
      23
      22
      16
      15
      21
      22
      17
      28
      21
      10
      27
      14
      12
      18
      16
      21
      19
      19
      22
      31
      24
      20
      15
      19
      29
      17
      25
      17
      16
      26
      25
      15
      17
      15
       8
      21
      25
      14
      18
      14
      20
      19
      18
      19
      17
      16
      17
      19
      18
      16
      13
      17
      21
      20
      14
      22
      20
      12
      22
      17
      21
      21
      21
      16
      19
      13
      19
      24
      13
       9
      13
      17
      15
      27
      20
      19
      27
      23
      21
      15
      18
      20
      14
      24
      14
      19
      16
      17
      16
      18
      21
      21
      21
      22
      11
      25
      20
      18
      14
      16
      20
      24
      15
      21
      12
      22
      17
      19
      14
      17
      20
      11
      11
      22
      17
      26
      19
      16
      18
      24
      16
       9
      20
      13
      12
      22
      12
      20
      19
      22
      22
      24
      22
      17
      19
      13
      22
      17
      26
      14
      17
      25
      18
      27
      17
      11
      13
      25
      17
      18
      19
      20
      23
      22
      10
      19
      17
      12
      17
      17
      18
      18
      15
      16
      17
      18
      15
      18
      15
      21
      17
      20
      20
      21
      23
      20
      21
      25
      21
      24
      12
      21
      13
      20
      17
      24
      23
      28
      24
      19
      24
      25
      18
      23
      18
      16
      16
      20
      18
      17
      16
      13
      27
      20
      13
      19
      17
      22
      25
      24
      15
      21
      17
      19
      22
      15
      22
      18
      13
      16
      27
      26
      13
      19
      18
      27
      22
      24
      12
      20
      22
      19
      14
      25
      29
      20
      19
      20
      15
      22
      18
      27
      27
      23
      26
      31
      28
      13
      25
      22
      21
      26
      30
      23
      21
      24
      15
      22
      21
      22
      18
      31
      22
      22
      20
      24
      24
      22
      14
      28
      21
      32
      19
      22
      24
      27
      24
      18
      22
      27
      16
      21
      27
      28
      17
      22
       7
      28
      24
      19
      27
      29
      22
      25
      28
      26
      25
      15
      18
      22
      23
      14
      20
      30
      18
      22
      19
      22
      20
      18
      21
      26
      21
      21
      22
      19
      17
      34
      21
      21
      19
      16
      17
      13
      13
      24
      17
      21
      26
      18
      22
      16
      26
      26
      21
      20
      21
      15
      17
      21
      15
      19
      16
      24
      20
      28
      29
      21
      19
      18
      25
      32
      24
      31
      18
      23
      22
      26
      17
      23
      22
      15
      18
      29
      21
      18
      19
      22
      27
      14
      16
      22
      24
      26
      14
      20
      30
      24
      26
      22
      18
      21
      24
      19
      12
      23
      23
      25
      27
      22
      36
      27
      29
      31
      17
      26
      23
      23
      19
      28
      19
      26
      25
      24
      12
      15
      20
      23
      21
      32
      21
      24
      21
      20
      22
      23
      19
      24
      37
      19
      27
      17
      23
      19
      22
      20
      27
      14
      21
      27
      17
      28
      17
      13
      21
      25
      31
      22
      22
      19
      19
      26
      34
      34
      24
      21
      25
      26
      29
      18
      25
      24
      18
      28
      23
      18
      26
      19
      20
      14
      16
      15
      23
      31
      16
      19
      15
      18
      19
      17
      16
      24
      23
      22
      25
      17
      27
      18
      23
      20
      10
      21
      20
       9
      11
      15
      19
      21
      16
      17
      19
      20
      18
      15
      19
      21
      13
      16
      19
      12
      16
       9
      15
      14
      20
      16
      10
      12
      13
      14
      15
      11
      10
      18
      13
      16
      15
      11
      22
      28
      10
      18
      11
      17
      31
      19
      17
      27
      27
      20
      25
      25
      20
      24
      17
      23
      25
      18
      20
      18
      14
      24
      17
      19
      29
      20
      21
      35
      37
      49
      59
      81
      88
     106
     133
     169
     198
     249
     251
     312
     320
     389
     394
     374
     449
     425
     392
     361
     332
     259
     219
     163
     125
      94
      56
      34
      40
      25
       9
      13
      12
       8
      12
      18
      12
      12
       9
       9
      12
       6
      10
      13
      16
      12
      16
      13
      11
      12
      20
      15
      10
      11
      13
      12
      13
      13
       9
      12
       8
      11
      10
      12
      12
      16
      15
      10
      17
      12
      13
       9
      12
      11
      11
      12
      11
      10
      13
      12
       6
       9
       8
       9
       7
      15
       8
      14
      14
      14
      13
       9
      15
      13
      11
       9
       7
      16
      11
      13
      11
      10
      15
      14
      16
      10
      13
      12
      12
      14
       7
       6
       5
       9
      12
      16
       8
      15
      11
      10
      11
       6
      10
      10
      12
      12
       8
       8
       5
       7
      11
       7
       9
       4
      12
       7
      14
      12
      11
      11
       7
      11
       8
       9
      12
      14
      11
      20
       7
       5
      12
      14
       9
      16
      12
      12
      13
      13
      12
       5
      13
       8
       8
      17
       7
      12
       2
      12
       9
      12
       5
       5
       8
      10
       7
      12
       7
      13
       6
       9
      22
      11
       9
      10
      10
       9
      11
       9
      15
      16
      14
       9
       5
       7
      11
       7
      15
       5
       8
      12
       7
       7
       9
       6
       7
       7
      12
      11
      15
      11
      13
       7
      11
       9
       7
      16
      11
       9
       9
      16
      12
       8
       6
      16
      15
       8
      11
      12
      11
       8
       9
       7
      10
      14
      14
       7
      13
      14
       7
      10
      10
      10
       8
       7
       9
      16
      15
      12
       8
       8
       4
      12
      18
      16
       5
       4
      12
      12
      10
       7
       7
       8
       5
      14
      11
      10
       6
       7
      19
       8
       5
      11
       2
      13
       6
       9
       8
      14
       8
       9
       7
      10
      11
       8
       8
       6
      10
      10
      13
       5
       9
       9
       6
       3
       6
       8
       7
       5
       7
       9
       8
       4
       7
       7
       8
       7
      11
      10
      11
       8
       7
       6
       8
      10
       6
       8
      10
       7
      16
      10
       9
      14
       6
       8
       7
       6
      10
      10
       8
       8
       7
      10
       7
      10
       8
       7
       9
       9
       5
      11
       5
       7
       6
      10
       7
       8
       5
       7
       3
       4
       8
      11
       4
       4
       4
      10
      10
       8
       4
       4
       8
       3
      12
       6
       7
       9
      15
       5
       6
      10
       6
       6
       6
       5
       8
       5
       8
       8
       1
       8
       7
      13
       2
       9
       7
      10
       9
       6
       8
       6
       9
       9
       6
       7
       7
       8
       8
       6
       4
      12
      11
       7
       1
      10
       7
       5
       5
       6
       6
       5
       2
       7
       7
       5
       3
       9
      10
       5
       5
      12
       7
       7
       8
       9
      10
       5
       9
       9
       8
      11
       7
       9
       6
       8
       8
       3
       5
      10
       5
      12
       8
       9
       7
       4
       8
       6
       9
       8
       7
       8
       5
       9
       7
       9
       4
       4
       4
       6
       4
       6
       6
       6
       7
       6
       8
       9
       6
       5
       5
       4
       6
       6
       3
       4
       3
       4
       7
       4
       7
       4
       4
       4
       6
       4
       3
      13
       3
       8
      10
       6
       1
       4
       4
       6
       4
       5
       4
       0
       7
       6
       7
       5
       6
      10
       5
       5
       8
      11
       6
       8
       5
       3
       2
       5
       5
       6
       4
      10
       4
       3
       4
       4
       3
       4
       6
       5
       8
       4
       8
       9
       4
       4
       4
       6
       6
       3
       2
       5
       6
       5
       3
       3
       3
       4
       5
       3
       7
       4
       3
      10
       2
       7
       5
       4
       3
       5
       3
       5
       5
       9
       3
       6
       1
       4
       7
       5
       3
       1
       5
       2
       4
       3
       5
       1
       3
       5
       6
       4
       1
      10
       8
       6
       8
       5
       4
       4
       6
       5
       3
       6
       5
       5
       5
       4
       3
       5
       5
       5
       3
       4
       9
       5
       4
       5
       4
       5
       6
       3
       6
       5
       5
       3
       7
       6
       8
       1
       5
       4
       4
       6
       5
       3
       3
       5
       9
       4
       6
       7
       2
       6
       5
       4
       7
       6
       5
      11
       9
       5
       4
       3
       4
       3
       1
       3
       8
       5
       5
       7
       0
       3
       5
       6
       4
       7
       6
       2
       3
       6
       4
       5
       5
       5
       3
       7
       7
       7
       7
       5
       9
      10
       7
       4
       2
       2
       4
       8
       5
       7
       2
       3
      10
       1
       1
       6
       6
       5
       5
       3
       4
       4
       5
       6
       6
       8
       3
       3
       3
       5
       3
      11
      10
       3
       5
       5
       8
       6
       4
       5
       6
       6
       5
       7
       7
      10
       7
      11
       2
       6
       3
      10
      11
      10
      11
       4
       3
      11
       9
       6
      12
       6
       5
       5
       2
       5
       4
       7
       3
       6
       3
       3
       4
       2
       6
       5
       6
       5
       5
       3
       6
       9
       4
       5
       6
       6
       3
       6
       2
       8
       2
       5
      10
       4
       6
       3
       5
       3
       5
       6
       4
       5
       7
       8
       7
       4
       4
       6
       8
       6
       4
       4
       7
       6
       6
       6
       3
       4
       4
       6
      11
       7
       7
       4
       2
       6
       3
       4
       7
       2
       5
       3
       5
       4
       3
       2
       5
       2
       8
       5
       7
       5
       3
       5
       6
       3
       5
       4
       5
       7
       7
       4
       7
       2
       3
       6
       7
       5
      10
       3
       2
       3
       3
       7
       4
       6
       2
       8
       6
       9
       8
       2
       3
       5
       3
       5
       6
       8
       5
       7
       3
       5
      11
       5
       9
       3
       8
       6
       4
       6
       2
       6
       3
       4
       8
       2
       0
       2
       3
       6
       5
       6
       2
       7
       4
       8
       9
       4
       3
       9
       4
       3
       4
       7
       9
       6
       8
      11
       6
       7
       2
       2
       4
       7
       2
       8
       4
       3
       4
       3
       4
       5
       4
       6
       2
       2
       3
       4
       6
       7
       4
       5
       4
       3
       5
       8
       6
       5
       4
       5
       4
       3
       6
       1
       5
       3
       1
       1
       4
       6
       6
       6
       2
       2
       3
       3
       9
       6
       5
       6
       8
       6
       1
       7
       6
       6
       5
      12
       4
       5
       5
       6
       4
       6
       5
       2
       6
       3
       5
       8
       3
       8
       4
       4
       6
       5
       7
      12
       4
       5
      10
       7
       4
       6
       8
       8
       5
       6
       4
       7
      10
       4
       3
       3
       7
       8
       7
       4
       9
       7
       7
       5
       3
       9
       8
       9
      12
      12
       7
      11
      16
      21
      19
      24
      26
      33
      29
      46
      69
      65
      80
      96
     141
     141
     155
     212
     227
     292
     319
     354
     389
     393
     411
     443
     454
     415
     388
     404
     352
     305
     286
     198
     178
     118
      92
      55
      34
      21
       9
      11
       5
       3
       5
       2
       5
       1
       4
       5
       3
       6
       2
       3
       5
       3
       4
       6
       3
       3
       4
       2
       6
       2
       4
       3
       3
       5
       0
       6
       1
       2
       1
       6
       3
       1
       5
       5
       2
       0
       4
       2
       4
       3
       0
       3
       2
       3
       3
       2
       1
       7
       0
       3
       1
       2
       1
       4
       2
       4
       1
       6
       1
       2
       2
       1
       4
       4
       2
       3
       3
       1
       0
       1
       0
       6
       3
       2
       2
       6
       0
       4
       2
       5
       0
       5
       2
       1
       0
       2
       7
       2
       6
       6
       1
       7
       0
       1
       5
       2
       2
       4
       3
       2
       7
       2
       1
       4
       0
       1
       2
       2
       2
       3
       1
       0
       3
       0
       0
       2
       4
       4
       0
       3
       3
       3
       5
       3
       2
       3
       3
       2
       1
       5
       2
       2
       2
       4
       3
       5
       3
       2
       1
       4
       2
       1
       1
       5
       2
       0
       1
       4
       3
       1
       2
       4
       0
       3
       1
       4
       1
       1
       2
       6
       1
       3
       1
       2
       2
       2
       3
       2
       1
       0
       3
       3
       1
       4
       2
       3
       5
       4
       2
       5
       3
       2
       2
       2
       2
       3
       1
       2
       7
       1
       3
       3
       0
       2
       1
       3
       4
       4
       2
       3
       1
       1
       6
       3
       3
       3
       4
       3
       2
       3
       3
       1
       2
       2
       2
       1
       2
       4
       5
       3
       1
       2
       2
       1
       3
       3
       4
       3
       3
       3
       4
       4
       1
       5
       2
       0
       1
       4
       8
       4
       4
       0
       3
       1
       1
       3
       2
       1
       3
       2
       2
       4
       4
       2
       3
       1
       4
       4
       2
       1
       2
       2
       1
       4
       4
       4
       1
       2
       4
       3
       3
       2
       1
       3
       2
       0
       2
       1
       3
       1
       0
       0
       3
       1
       0
       4
       1
       0
       1
       2
       1
       2
       4
       0
       3
       0
       3
       6
       3
       4
       1
       3
       0
       2
       1
       1
       1
       1
       3
       6
       4
       1
       3
       2
       3
       4
       1
       3
       1
       3
       3
       1
       4
       1
       4
       6
       2
       3
       3
       1
       3
       2
       0
       2
       5
       4
       1
       2
       1
       3
       1
       4
       5
       1
       1
       2
       1
       0
       3
       4
       2
       3
       2
       1
       3
       3
       5
       3
       0
       4
       4
       3
       5
       1
       4
       1
       3
       2
       2
       4
       2
       4
       0
       2
       1
       4
       1
       2
       0
       2
       1
       2
       3
       3
       3
       3
       5
       2
       1
       5
       2
       2
       0
       1
       1
       3
       3
       0
       3
       5
       2
       2
       2
       3
       2
       1
       2
       1
       0
       0
       2
       1
       2
       2
       4
       0
       0
       3
       2
       2
       2
       3
       1
       2
       3
       3
       0
       1
       1
       2
       3
       2
       3
       2
       3
       3
       0
       3
       2
       4
       3
       3
       3
       2
       1
       3
       2
       2
       1
       1
       2
       1
       1
       1
       5
       1
       3
       3
       2
       0
       0
       4
       1
       4
       3
       4
       2
       2
       1
       3
       4
       2
       2
       3
       4
       1
       2
       2
       2
       1
       1
       4
       1
       1
       4
       2
       1
       4
       3
       1
       4
       1
       1
       4
       3
       2
       0
       0
       1
       2
       1
       0
       1
       2
       1
       2
       1
       1
       2
       0
       1
       4
       1
       1
       3
       3
       0
       0
       3
       2
       2
       4
       1
       1
       2
       4
       3
       2
       1
       1
       3
       4
       0
       5
       3
       3
       0
       3
       2
       0
       4
       2
       3
       4
       2
       1
       2
       2
       2
       2
       2
       3
       0
       1
       3
       2
       1
       4
       2
       5
       3
       2
       4
       4
       3
       0
       3
       0
       3
       3
       2
       3
       1
       1
       4
       3
       2
       4
       4
       2
       2
       1
       1
       2
       2
       2
       2
       0
       1
       1
       0
       2
       3
       4
       5
       2
       4
       2
       2
       1
       2
       1
       2
       1
       4
       4
       1
       3
       1
       2
       4
       0
       1
       3
       3
       0
       2
       1
       1
       0
       1
       1
       0
       2
       1
       2
       2
       1
       1
       1
       0
       0
       4
       6
       1
       5
       3
       3
       1
       3
       2
       2
       1
       1
       2
       0
       0
       0
       2
       1
       2
       1
       5
       2
       3
       2
       4
       3
       2
       3
       1
       5
       1
       4
       1
       4
       2
       5
       2
       3
       2
       4
       1
       0
       5
       2
       1
       1
       1
       3
       1
       0
       2
       3
       1
       3
       3
       1
       1
       2
       3
       3
       1
       4
       3
       2
       3
       2
       1
       5
       0
       2
       0
       2
       0
       3
       3
       0
       1
       2
       3
       1
       3
       2
       3
       2
       2
       5
       1
       1
       2
       3
       1
       0
       0
       0
       1
       4
       2
       1
       2
       2
       4
       2
       1
       4
       2
       1
       1
       1
       5
       2
       3
       1
       2
       0
       2
       0
       2
       3
       0
       1
       2
       2
       3
       1
       5
       2
       1
       5
       1
       2
       5
       1
       1
       1
       4
       3
       4
       2
       1
       2
       2
       2
       3
       3
       1
       1
       3
       1
       1
       4
       1
       1
       0
       4
       3
       3
       4
       0
       4
       0
       3
       1
       2
       3
       4
       2
       1
       0
       0
       2
       1
       1
       1
       3
       2
       2
       0
       3
       1
       2
       3
       2
       1
       0
       5
       3
       0
       4
       6
       1
       3
       3
       0
       3
       2
       4
       3
       2
       2
       1
       0
       3
       1
       2
       4
       2
       0
       1
       5
       2
       2
       1
       3
       1
       4
       3
       1
       0
       3
       1
       2
       2
       0
       4
       1
       0
       0
       3
       2
       3
       3
       3
       3
       0
       2
       1
       1
       3
       0
       2
       2
       6
       0
       0
       1
       1
       2
       0
       0
       0
       3
       2
       0
       2
       1
       1
       3
       0
       2
       4
       3
       0
       1
       0
       2
       1
       1
       1
       1
       2
       0
       1
       3
       1
       3
       2
       1
       0
       1
       2
       0
       4
       2
       0
       1
       4
       1
       0
       3
       1
       1
       1
       0
       2
       2
       1
       2
       2
       3
       1
       1
       2
       3
       1
       5
       0
       7
       1
       1
       2
       2
       3
       1
       1
       5
       3
       0
       1
       1
       1
       2
       2
       2
       0
       5
       1
       3
       2
       1
       3
       2
       0
       3
       5
       0
       2
       2
       4
       5
       1
       3
       5
       0
       4
       0
       3
       2
       1
       4
       7
       2
       2
       2
       2
       5
       1
       1
       1
       0
       0
       2
       0
       2
       0
       4
       1
       2
       2
       1
       0
       1
       1
       4
       2
       2
       1
       0
       3
       1
       2
       2
       2
       2
       3
       1
       1
       3
       2
       0
       4
       3
       4
       0
       2
       0
       2
       2
       3
       1
       1
       2
       6
       3
       0
       2
       1
       1
       2
       1
       1
       3
       2
       1
       5
       5
       4
       3
       1
       0
       3
       4
       3
       2
       2
       8
       3
       3
       8
       5
       9
       7
      10
      14
       9
      17
      11
       9
      19
      22
      30
      30
      30
      50
      35
      41
      37
      42
      34
      32
      49
      40
      26
      32
      27
      25
      23
      15
      10
       5
       2
       2
       8
       2
       2
       4
       4
       0
       0
       0
       0
       0
       5
       4
       1
       3
       0
       0
       1
       4
       3
       2
       2
       3
       1
       1
       0
       2
       5
       6
       1
       2
       1
       4
       2
       0
       3
       3
       4
       0
       0
       1
       2
       0
       3
       3
       2
       0
       1
       1
       2
       1
       2
       2
       0
       1
       1
       1
       4
       3
       3
       2
       4
       6
       2
       1
       2
       3
       3
       1
       2
       2
       3
       1
       2
       2
       3
       2
       7
       0
       2
       4
       2
       2
       2
       4
       2
       0
       0
       1
       2
       4
       2
       4
       1
       0
       1
       2
       0
       2
       2
       4
       1
       1
       2
       1
       2
       2
       1
       4
       2
       1
       2
       1
       0
       2
       1
       0
       1
       2
       1
       2
       4
       2
       1
       1
       2
       1
       3
       2
       3
       1
       1
       1
       3
       2
       0
       0
       2
       3
       0
       0
       2
       1
       2
       2
       0
       2
       1
       1
       2
       3
       1
       2
       1
       1
       0
       2
       5
       3
       3
       1
       2
       2
       1
       2
       2
       2
       2
       1
       2
       1
       0
       3
       1
       0
       2
       2
       2
       0
       3
       4
       2
       5
       4
       4
       1
       3
       1
       1
       1
       1
       4
       0
       0
       1
       1
       2
       0
       0
       0
       2
       0
       0
       4
       0
       1
       1
       1
       2
       2
       1
       1
       2
       3
       5
       2
       2
       2
       0
       0
       6
       1
       2
       0
       3
       5
       2
       2
       0
       1
       2
       3
       2
       2
       0
       3
       1
       5
       3
       3
       0
       0
       0
       2
       2
       2
       1
       1
       1
       2
       2
       0
       0
       1
       0
       2
       1
       0
       3
       1
       2
       0
       2
       3
       1
       2
       1
       2
       2
       1
       4
       2
       1
       0
       0
       1
       0
       1
       1
       2
       2
       1
       2
       2
       1
       1
       0
       0
       1
       0
       2
       2
       1
       0
       2
       3
       2
       1
       0
       2
       0
       2
       1
       3
       2
       2
       2
       2
       1
       1
       0
       0
       0
       1
       2
       2
       1
       0
       1
       2
       3
       0
       0
       0
       0
       0
       0
       0
       0
       0
       0
       0
       0
       0
       0
       0
       0
       0
       0
       0
       0
       0
       0
       0
       0
       0
       0
       0
       0
       0
       0
       0
       0
       0
       0
       0
       0
       0
       0
       0
       0
       0
       0
       0
       0
       0
       0
       0
       0
       0
       0
       0
       0
       0
       0
       0
       0
       0
       0
       0
       0
       0
       0
       0
       0
       0
       0
       0
       0
       0
       0
       0
       0
       0
       0
       0
       0
       0
       0
       0
       0
       0
       0
       0
       0
       0
       0
       0
       0
       0
       0
       0
       0
       0
       0
       0
       0
       0
       0
       0
       0
       0
       0
       0
       0
       0
       0
       0
       0
       0
       0
       0
       0
       0
       0
       0
       0
       0
       0
       0
       0
       0
       0
       0
       0
       0
       0
       0
       0
       0
$ROI:
1
4146 4168
$PRESETS:
Live Time
600
0
$ENER_FIT:
-1.504534 0.196418
$MCA_CAL:
3
-1.504534E+000 1.964177E-001 -1.544040E-007 keV
$SHAPE_CAL:
3
0.000000E+000 0.000000E+000 0.000000E+000
