$SPEC_ID:
No sample description was entered.
$SPEC_REM:
DET# 2
DETDESC# ALPHA COUNTER
AP# Maestro Version 7.01
$DATE_MEA:
10/26/2017 12:56:10
$MEAS_TIM:
3600 4205
$DATA:
0 2047
       0
       0
       0
       0
       0
       0
       0
       0
       0
       0
       0
       0
       0
       0
       0
       0
       0
       0
       0
       0
       0
       0
       0
    5133
  102685
  103491
   64684
   68550
  102134
   68495
   51363
   48880
   47786
   46966
   46412
   45605
   45750
   45540
   45469
   45066
   45933
   46302
   47411
   48362
   50222
   57714
   61921
   70153
   50997
   52801
   56290
   63819
   80308
   91409
   78526
   72580
   65189
   62173
   60301
   58562
   57291
   56492
   56470
   56265
   56172
   57178
   58040
   58457
   59803
   61857
   65432
   73085
   88071
  114815
  158268
  247243
  694204
 1808807
  132945
   59407
   52362
   48672
   46233
   44796
   43687
   42117
   42103
   41402
   41225
   41316
   42001
   42750
   44281
   48636
   50141
   48623
   47452
   47178
   45471
   45073
   44501
   44637
   46240
   43895
   43141
   42984
   43927
   41841
   41396
   40615
   40739
   40605
   40465
   40153
   40371
   40289
   40242
   40522
   40800
   41065
   41085
   41148
   41540
   41124
   40082
   39258
   37061
   35841
   35673
   35023
   34920
   34970
   35445
   35267
   34519
   34573
   33452
   33262
   32677
   32334
   31959
   31455
   30692
   30804
   30243
   29718
   29926
   29497
   29020
   29605
   30978
   33166
   37558
   46054
   72969
  251546
  102849
   31376
   28153
   27115
   26769
   24952
   23838
   23785
   23706
   22904
   22943
   22629
   22712
   22285
   22247
   22617
   23872
   22224
   21947
   22246
   21352
   20983
   21068
   21131
   21142
   21438
   20578
   20600
   21146
   20533
   20779
   23177
   29883
   20420
   19490
   19194
   18976
   18913
   19028
   18854
   18520
   18654
   18634
   18844
   19277
   18938
   18521
   18304
   18623
   18810
   19687
   19366
   19102
   21203
   19679
   18940
   19912
   22368
   27580
   36990
   53515
   91260
  318591
  575974
   42214
   20322
   18686
   18225
   17616
   17160
   17147
   16839
   16560
   17093
   17367
   18631
   23362
   39706
   29850
   15925
   15477
   15270
   15041
   14837
   14878
   14805
   14948
   14905
   14765
   15309
   15103
   14499
   14297
   14407
   14133
   13987
   14197
   14122
   14017
   14224
   14300
   14356
   15053
   16423
   20284
   43240
   31087
   14547
   15343
   15200
   14434
   13702
   13717
   13615
   13733
   13746
   13665
   13442
   13447
   13595
   13527
   14007
   14314
   15264
   17041
   22511
   54356
   34374
   14431
   13758
   13655
   13833
   13416
   13435
   13463
   13492
   13401
   13517
   13685
   13459
   13588
   13279
   13040
   12973
   12825
   12719
   12770
   13013
   12827
   12960
   13270
   13489
   13287
   13390
   15110
   17504
   13537
   13416
   13327
   12861
   12911
   12915
   12840
   13168
   14504
   13476
   12953
   12869
   13097
   13255
   12942
   12819
   12880
   12934
   12851
   13180
   12872
   12877
   12596
   13038
   12919
   12823
   12793
   13149
   13576
   12860
   13074
   13244
   12935
   13197
   12948
   13107
   12963
   12965
   13044
   13225
   13148
   13104
   13505
   13404
   13461
   14193
   16184
   19492
   17353
   14791
   13646
   13486
   13475
   13814
   13615
   13700
   13418
   13928
   13814
   13750
   14813
   17407
   14007
   12581
   12398
   12417
   12247
   12073
   12004
   11666
   11930
   11802
   11837
   11717
   11753
   11629
   11873
   11921
   11692
   11938
   11884
   11619
   11385
   11332
   11486
   11262
   11226
   11482
   11399
   11362
   11386
   11415
   11189
   11340
   11306
   11128
   11285
   11282
   11137
   11172
   11436
   11224
   11301
   11132
   11213
   11645
   12430
   11294
   11269
   11165
   11264
   11055
   11201
   11239
   11069
   11171
   11439
   12096
   11957
   12479
   14389
   11578
   10921
   11155
   11859
   13030
   17495
   15109
   11111
   11018
   10863
   10874
   10783
   10704
   10591
   10858
   10723
   10771
   10748
   10889
   11127
   12142
   11784
   11041
   11260
   11947
   13471
   11589
   12041
   11810
   11040
   11053
   11017
   11022
   11276
   11187
   11101
   11354
   11111
   11254
   11334
   11105
   11244
   11226
   11363
   11447
   11838
   11812
   12270
   13317
   11912
   11271
   11268
   11047
   11448
   11897
   10850
   10987
   11566
   11542
   13059
   16127
   23176
   56747
  102731
   27031
   10965
   10756
   10386
   10289
   10107
   10288
    9913
   10023
    9977
   10065
    9886
    9936
    9948
    9807
    9873
   10050
   10042
   11045
   12820
   10626
    9644
    9542
    9586
    9606
    9527
    9364
    9531
    9578
    9760
    9502
    9620
    9597
    9451
    9563
    9628
    9674
    9979
   10367
   10848
    9850
    9772
    9782
    9752
    9743
    9721
    9834
    9986
    9854
    9893
   10093
   10492
   11123
   12067
   16479
   30950
   22781
   11128
   10916
   11160
   10523
   10197
    9964
    9793
    9609
    9389
    9325
    9324
    9259
    9068
    9245
    9171
    9277
    9320
    9507
    9340
    9261
    9261
    8464
    8296
    8100
    7955
    7604
    7481
    7571
    7440
    7595
    7854
    9252
    8842
    7386
    7431
    7755
    8492
    7433
    7505
    7421
    6964
    6885
    6698
    6822
    6686
    6538
    6556
    6475
    6466
    6445
    6392
    6347
    6630
    6541
    6884
    7592
    9277
   11918
   18462
   46877
   86910
   28873
    7946
    6969
    6714
    6588
    6157
    6263
    5977
    5978
    5908
    5840
    5820
    5793
    5763
    6418
    7206
    5905
    5474
    5558
    5966
    5627
    5472
    5475
    5712
    6817
    8724
    6749
    5153
    5201
    4984
    4835
    4988
    4885
    4947
    4749
    4842
    4976
    4743
    4785
    4614
    4699
    4633
    4686
    4531
    4663
    4612
    4643
    4717
    4759
    4476
    4693
    4681
    4687
    4688
    4527
    4567
    4565
    4572
    4597
    4563
    4568
    4533
    4553
    4624
    4515
    4481
    4645
    4590
    4606
    4749
    4817
    5338
    6089
    7337
   10427
   19387
   50520
   55131
   14987
   13545
    7995
    4954
    4835
    4527
    4598
    4527
    4706
    4864
    5429
    6553
    8361
   13038
   27360
   64312
   45364
    8553
    5631
    5427
    5440
    6297
    9418
    7725
    5022
    4972
    4733
    4504
    4621
    4523
    4464
    4452
    4350
    4505
    4436
    4486
    4415
    4522
    4431
    4599
    4505
    4693
    4569
    4514
    4758
    4626
    4663
    4692
    4666
    4628
    4797
    4795
    4984
    5094
    4963
    4797
    4875
    4778
    4826
    4815
    4822
    4862
    4854
    4644
    4745
    4430
    4310
    4009
    3909
    3817
    3738
    3574
    3444
    3419
    3559
    3531
    3603
    3759
    4410
    6950
    7208
    3841
    3204
    3066
    3154
    3039
    3013
    3029
    2959
    3135
    3363
    3636
    5332
    7106
    4020
    2829
    2755
    2591
    2691
    2623
    2649
    2657
    2873
    3338
    2970
    2366
    2468
    2298
    2310
    2312
    2405
    2408
    2232
    2178
    2221
    2123
    2225
    2264
    2690
    3095
    2251
    1991
    1855
    1884
    1893
    1836
    1884
    1819
    1840
    1979
    2265
    2350
    2385
    3387
    6350
    6406
    2512
    1679
    1605
    1685
    1529
    1479
    1469
    1396
    1434
    1379
    1276
    1356
    1212
    1205
    1203
    1165
    1205
    1142
    1206
    1149
    1249
    1354
    1265
    1095
    1080
     999
    1048
     951
    1031
    1003
    1055
     910
     937
     940
     948
     937
     948
     937
     951
     966
    1007
     933
     915
     898
     924
     951
     813
     869
     851
     858
     877
     872
     820
     834
     848
     811
     835
     844
     842
     848
     934
    1167
    1508
    2133
    3704
    6759
   14835
   40086
   69930
   31338
    3948
    1906
    1503
    1391
    1195
    1111
    1056
     917
     940
     940
     904
     859
     857
     893
    1089
    1068
     774
     729
     732
     669
     648
     694
     695
     763
     808
     704
     743
     939
    1232
    2004
    2312
     908
     559
     506
     500
     525
     497
     481
     471
     497
     454
     475
     471
     499
     501
     503
     470
     482
     494
     468
     573
     575
     672
     594
     520
     524
     526
     506
     463
     446
     439
     460
     425
     476
     457
     427
     433
     503
     546
     540
     570
     737
     996
    1484
    2900
    5398
    5339
    1410
     385
     340
     362
     294
     289
     312
     301
     289
     289
     283
     289
     262
     291
     252
     252
     253
     277
     244
     241
     225
     218
     268
     255
     236
     251
     222
     255
     234
     315
     351
     326
     224
     222
     197
     190
     218
     180
     202
     226
     211
     241
     220
     200
     205
     211
     223
     237
     248
     220
     211
     178
     186
     194
     196
     175
     189
     194
     194
     161
     167
     175
     176
     162
     177
     191
     173
     211
     197
     242
     352
     506
     338
     209
     244
     272
     205
     184
     171
     150
     164
     165
     141
     143
     138
     129
     138
     130
     154
     133
     140
     136
     137
     136
     140
     151
     123
     142
     128
     130
     128
     142
     139
     131
     126
     132
     123
     130
     130
     144
     127
     141
     124
     125
     136
     110
     131
     104
     140
     164
     140
     109
     132
     124
     117
     127
     115
     126
     109
     119
     106
     109
     133
     124
     105
     124
      94
     123
     118
     125
     126
     110
      98
     106
      98
      88
     100
      95
     117
     109
     115
     125
     116
      84
      89
      95
      88
      88
      74
      71
      98
      86
      81
      81
      84
     100
      89
      84
      85
     100
      82
      84
      84
      77
      81
      73
      95
      71
      81
      67
      76
      89
      86
      97
      68
      87
     102
      82
      97
      87
      74
      59
      87
      57
      85
      83
      82
      85
      65
      62
      82
      66
      90
      67
      75
      73
      85
      81
      76
      76
      89
      71
      88
      87
      80
      58
      66
      69
      61
      62
      55
      76
      71
      70
      73
      66
      68
      59
      60
      45
      71
      77
      64
      70
      53
      64
      67
      53
      47
      60
      55
      46
      52
      66
      62
      69
      64
      62
      55
      56
      62
      61
      55
      50
      59
      60
      58
      55
      48
      44
      61
      49
      59
      51
      48
      42
      52
      46
      57
      57
      47
      46
      56
      47
      45
      48
      48
      50
      48
      52
      49
      39
      61
      41
      41
      47
      51
      48
      41
      41
      52
      38
      51
      53
      44
      42
      36
      37
      39
      44
      42
      46
      49
      29
      47
      49
      53
      39
      52
      35
      48
      40
      43
      38
      48
      50
      37
      37
      32
      27
      33
      45
      26
      30
      33
      43
      35
      34
      43
      35
      36
      27
      23
      34
      38
      32
      32
      42
      36
      30
      34
      31
      40
      36
      25
      30
      46
      38
      25
      23
      29
      27
      45
      17
      33
      26
      28
      41
      31
      28
      24
      29
      31
      24
      21
      25
      34
      41
      32
      29
      29
      17
      39
      27
      30
      22
      24
      26
      22
      27
      31
      22
      28
      14
      30
      28
      26
      25
      28
      25
      29
      29
      22
      25
      26
      27
      30
      27
      24
      20
      25
      30
      18
      27
      27
      23
      32
      28
      23
      25
      20
      21
      21
      18
      20
      24
      15
      20
      28
      23
      22
      21
      24
      27
      22
      29
      20
      24
      24
      24
      15
      21
      22
       9
      24
      17
      25
      20
      23
      21
      21
      26
      13
      12
      17
      15
      19
      19
      15
      20
      16
      16
      21
      12
      12
      17
      17
      25
      22
      17
      16
      13
      11
      15
      18
       6
      26
      13
      19
      19
      16
      20
      22
      17
      11
      19
      10
      13
      16
      22
      10
      19
      12
      12
      18
      13
      18
      10
      17
      19
      19
      11
       7
      11
      13
      12
       9
      14
      14
      21
       5
      13
      16
      10
      15
       9
      13
      10
      13
      10
      14
      10
      13
       9
       7
       7
       9
      10
      10
       7
      16
       7
       7
      11
       8
      11
      13
      10
      11
      12
      10
       7
      13
      13
       8
      14
      14
       8
       8
       8
      10
       6
      13
       9
      11
      14
       4
       6
       4
       8
       7
      11
       8
       6
      11
      12
      11
       6
      10
       3
       9
      10
       7
       6
       9
       9
       7
       3
       6
       8
       3
       6
       3
       7
       5
       8
       4
       4
      10
       7
       8
       6
       4
       5
       5
       8
       8
       5
       5
       5
       9
       6
       4
       8
       5
       2
       4
       4
       5
       6
       4
       8
       8
       8
       7
       6
       8
       4
       7
       9
       8
       7
       9
      12
       8
       4
       5
      10
       3
       5
       1
       4
       8
       6
      11
       5
       3
       4
       4
       8
       1
       5
       1
       7
       3
       3
       3
       2
       7
       2
       2
       4
       3
       4
       0
       6
       1
       3
       4
       4
       2
       6
       4
       3
       2
       4
       4
       1
       1
       2
       2
       2
       5
       1
       3
       3
       1
       1
       1
       2
       2
       5
       4
       7
       2
       6
       2
       0
       2
       5
       3
       3
       2
       1
       0
       6
       3
       3
       2
       8
      10
       8
       2
       2
       3
       2
       2
       1
       1
       1
       1
       3
       2
       1
       1
       1
       1
       3
       3
       0
       3
       2
       4
       3
       2
       2
       3
       4
       7
       0
       2
       1
       1
       2
       3
       1
       2
       2
       3
       0
       1
       1
       0
       2
       1
       3
       2
       4
       1
       1
       1
       1
       0
       2
       3
       2
       3
       2
       0
       2
       0
       2
       1
       1
       0
       2
       0
       3
       0
       1
       1
       2
       0
       1
       0
       2
       0
       0
       3
       2
       2
       1
       2
       1
       2
       2
       1
       2
       0
       1
       0
       1
       2
       0
       1
       2
       1
       0
       1
       0
       1
       0
       0
       1
       1
       0
       3
       0
       1
       2
       1
       1
       0
       2
       3
       2
       2
       0
       4
       0
       2
       2
       0
       0
       5
       3
       1
       3
       1
       2
       3
       0
       1
       2
       0
       0
       0
       2
       0
       0
       1
       1
       1
       0
       2
       1
       0
       2
       0
       2
       0
       0
       0
       1
       2
       0
       3
       0
       0
       1
       0
       0
       0
       1
       0
       0
       3
       0
       0
       1
       0
       1
       2
       0
       0
       1
       2
       1
       0
       1
       1
       1
       0
       1
       0
       0
       0
       0
       0
       1
       0
       0
       0
       0
       0
       0
       0
       0
       2
       0
       2
       0
       2
       0
       1
       1
       1
       1
       0
       0
       0
       2
       0
       0
       0
       0
       0
       1
       0
       0
       0
       1
       1
       0
       0
       0
       0
       0
       0
       1
       0
       0
       0
       0
       0
       1
       0
       0
       1
       0
       0
       1
       0
       1
       0
       0
       0
       0
       0
       0
       1
       0
       1
       0
       1
       0
       0
       0
       0
       0
       0
       0
       0
       1
       2
       0
       0
       0
       0
       0
       1
       0
       0
       0
       0
       0
       0
       0
       0
       0
       0
       0
       0
       0
       0
       0
       1
       0
       0
       0
       0
       0
       0
       0
       0
       0
       0
       1
       1
       1
       0
       0
       0
       0
       0
       0
       0
       0
       0
       0
       0
       2
       0
       0
       0
       0
       0
       0
       0
       0
       0
       0
       0
       0
       1
       0
       0
       0
       0
       1
       0
       0
       0
       0
       0
       0
       1
       0
       0
       0
       0
       0
       0
       0
       0
       0
       0
       0
       0
       0
       0
       0
       0
       0
       0
       0
       0
       0
       0
       0
       0
       0
       0
       0
       0
       0
       0
       0
       0
       0
       0
       0
       0
       0
       0
       0
       0
       0
       0
       0
       0
       0
$ROI:
0
$PRESETS:
Live Time
3600
0
$ENER_FIT:
1.350994 1.567553
$MCA_CAL:
3
1.350994E+000 1.567553E+000 -3.276420E-006 keV
$SHAPE_CAL:
3
7.934601E-001 -6.232490E-005 1.014241E-007
