$SPEC_ID:
No sample description was entered.
$SPEC_REM:
DET# 2
DETDESC# ALPHA COUNTER
AP# Maestro Version 7.01
$DATE_MEA:
10/24/2017 14:33:37
$MEAS_TIM:
3600 3600
$DATA:
0 2047
       0
       0
       0
       0
       0
       0
       0
       0
       0
       0
       0
       0
       0
       0
       0
       0
       0
       0
       0
       0
       0
       0
       0
       5
      80
      84
      74
      74
      76
      63
      87
      86
      83
      70
      69
      72
      74
      60
      72
      82
      75
      66
      82
      78
      81
     122
     102
     121
      75
      75
      87
      76
      62
     113
      64
      87
      73
      60
      67
      52
      74
      72
      73
      72
      78
      62
      59
      49
      55
      52
      60
      68
      62
      73
      52
      72
      60
      52
      72
      65
      63
      67
      45
      49
      52
      50
      55
      63
      64
      47
      62
      84
      75
      46
      56
      64
      72
      57
      72
      52
      59
      48
      62
      54
      56
      57
      56
      45
      77
      60
      45
      64
      39
      48
      47
      52
      60
     115
     125
      49
      46
      53
      54
      49
      49
      54
      55
      57
      52
      60
      64
      49
      52
      51
      58
      43
      47
      50
      54
      30
      69
      39
      54
      51
      37
      33
      54
      37
      44
      32
      33
      46
      40
      53
      46
      34
      51
      33
      58
      32
      43
      35
      55
      34
      32
      40
      36
      36
      39
      28
      34
      31
      34
      25
      30
      40
      30
      30
      27
      34
      35
      34
      30
      33
      26
      28
      29
      33
      46
      29
      28
      36
      25
      33
      37
      32
      24
      31
      16
      36
      45
      27
      25
      30
      32
      38
      20
      25
      28
      37
      27
      33
      32
      36
      32
      27
      30
      38
      19
      23
      31
      27
      23
      30
      32
      23
      31
      18
      21
      24
      24
      30
      23
      27
      17
      29
      24
      17
      24
      27
      23
      26
      31
      24
      31
      16
      31
      25
      20
      15
      25
      21
      30
      17
      23
      33
      25
      20
      24
      25
      20
      18
      25
      20
      20
      12
      15
      16
      24
      17
      19
      21
      21
      27
      21
      22
      29
      16
      17
      27
      23
      14
      25
      20
      16
      35
      15
      14
      22
      20
      25
      25
      18
      24
      14
      25
      21
      15
      18
      17
      12
      24
      17
      21
      21
      23
      26
      16
      16
      14
      19
      19
      16
      31
      19
      27
      25
      19
      15
      21
      22
      20
      22
      33
      89
     160
     113
      51
      27
      19
      14
      16
      18
      21
      16
      16
      19
      11
      23
      30
      20
      25
      23
      23
      29
      20
      22
      25
      14
      22
      22
      18
      20
      19
      18
      17
      19
      21
      28
      22
      16
      15
      24
      19
      21
      13
      18
      17
      22
      24
      13
      28
      23
      16
      18
      23
      26
      15
      19
      13
      28
      32
      28
      19
      25
      24
      31
      24
      29
      27
      28
      28
      26
      22
      15
       8
      13
      24
      16
       8
      21
       9
      13
      13
      12
       9
      14
      16
      12
      13
      13
      15
      21
      17
       9
      16
      10
       7
      21
      12
       8
      16
       8
       6
      10
      12
      10
       8
       9
      13
       5
       6
       6
      10
      16
       7
      12
      14
       6
      11
       9
       6
      13
       8
      14
      14
       8
       6
       5
      11
       4
       8
       8
      13
       7
      13
      12
      12
      10
       9
       7
      16
       5
       5
       5
       7
       9
       7
       6
       7
       5
      11
       3
       9
       7
       9
       5
       4
       9
       8
       9
      12
      10
       6
       7
       7
      11
       4
       5
       4
       8
       7
       6
       8
       5
       9
       5
      13
       9
      10
       4
       7
       3
       8
      10
       3
       8
       4
       6
       8
       8
       3
       5
       9
       6
      33
     315
     382
      45
       5
       8
       6
       6
       7
       9
       4
       4
       5
       1
       1
       2
       4
       7
       6
       6
       7
       4
       2
       4
       1
       6
       5
       4
       3
       5
       3
       4
       8
       6
       9
       3
       6
       5
       2
       1
       2
       0
       6
       2
       5
       3
       7
       3
       5
       6
      11
       7
       2
       5
       3
       4
       3
       4
       4
       3
       5
       3
       7
       4
       5
       2
       6
       5
       6
       3
       4
       8
       0
       5
       5
       1
       5
       7
       3
       3
       2
       3
       4
       4
       4
       4
       2
       2
       2
       5
       4
       8
       2
       1
       5
       6
       3
       4
       6
       9
       9
       3
       4
       2
       1
       5
       1
       4
       6
       2
       5
       4
       7
       4
       0
       4
       4
       3
       1
       4
       3
       6
       4
       2
       1
       4
       7
       4
       4
       5
       3
       6
       4
       3
       4
       1
       4
       3
       2
       5
       5
       2
       5
       2
       4
       6
       3
       5
       5
       3
       4
       0
       2
       4
       3
       3
       3
       5
       2
       4
       2
       4
       2
       5
       5
       6
       0
       5
       3
       3
       7
       5
       1
       3
       2
       0
       3
       6
       1
       5
       3
       3
       2
      10
       4
       3
       3
       7
       2
       3
       1
       2
       3
       3
       7
       3
       5
       3
       2
       7
       5
       4
       4
       5
       6
       5
       4
       5
       3
       4
       3
       5
       2
       4
       4
       5
       2
       2
       4
       2
       1
       4
       2
       0
       2
       2
       7
       3
       3
       4
       2
       3
       5
       4
       3
       2
       3
       1
       4
       3
       3
       2
       1
       1
       2
       2
       3
       3
       3
       2
       5
       8
       3
       5
       1
       0
       2
       2
       2
       5
       3
       2
       2
       1
       3
       5
       3
       2
       3
       2
       2
       4
       3
       7
       3
       5
       2
       2
       3
       0
       0
       3
       0
       1
       4
       4
       2
       2
       3
       1
       2
       0
       1
       0
       2
       2
       0
       2
       3
       3
       2
       0
       4
       3
       2
       0
       2
       1
       1
       1
       2
       1
       2
       1
       2
       1
       0
       2
       2
       5
       0
       1
       3
       1
       2
       3
       2
       1
       7
       6
       3
       3
       0
       2
       1
       1
       1
       1
       2
       0
       2
       0
       1
       2
       0
       3
       1
       4
       0
       0
       1
       0
       2
       2
       0
       0
       2
      10
      12
       3
       0
       2
       0
       1
       1
       0
       2
       0
       3
       1
       1
       1
       1
       1
       1
       1
       0
       2
       0
       1
       0
       1
       1
       1
       1
       0
       3
       0
       0
       0
       2
       3
       0
       0
       1
       0
       1
       1
       2
       0
       0
       5
       0
       1
       0
       2
       1
       0
       1
       0
       1
       1
       1
       3
       2
      13
      13
      12
       2
       3
       1
       2
       1
       0
       1
       0
       0
       1
       1
       2
       1
       0
       0
       1
       4
       1
       0
       0
       0
       1
       4
       0
       1
       1
       0
       1
       0
       2
       3
       0
       0
       0
       1
       2
       0
       0
       1
       0
       0
       0
       0
       1
       0
       0
       0
       0
       2
       2
       1
       1
       3
       2
       2
       0
       0
       2
       1
       0
       1
       1
       0
       0
       2
       1
       2
       0
       2
       0
       0
       1
       0
       0
       2
       0
       1
       0
       0
       2
       4
       0
       0
       2
       1
       1
       0
       1
       1
       0
       0
       1
       0
       1
       3
       0
       1
       1
       0
       0
       1
       2
       0
       0
       0
       0
       1
       0
       0
       2
       1
       1
       0
       0
       0
       1
       0
       0
       0
       1
       1
       1
       0
       1
       1
       1
       0
       0
       1
       0
       1
       2
       0
       1
       1
       2
       1
       0
       0
       1
       0
       3
       2
       0
       2
       1
       0
       1
       2
       1
       0
       0
       1
       1
       0
       0
       0
       0
       0
       0
       2
       0
       1
       1
       1
       0
       1
       2
       0
       0
       2
       0
       0
       2
       1
       2
       0
       0
       0
       1
       0
       0
       0
       1
       2
       0
       1
       0
       3
       0
       1
       1
       5
       6
       0
       2
       1
       0
       0
       0
       0
       1
       1
       1
       1
       3
       1
       2
       0
       0
       0
       0
       0
       0
       1
       0
       0
       0
       2
       2
       0
       0
       0
       1
       0
       0
       0
       1
       0
       0
       0
       0
       0
       1
       0
       0
       0
       0
       1
       0
       2
       0
       1
       0
       1
       1
       1
       0
       0
       0
       0
       0
       0
       0
       0
       1
       0
       1
       1
       0
       0
       0
       0
       0
       0
       3
       2
       2
       0
       2
       0
       0
       0
       2
       0
       0
       1
       0
       0
       0
       1
       1
       1
       0
       0
       0
       2
       0
       0
       1
       0
       1
       1
       1
       2
       1
       1
       0
       0
       0
       0
       1
       0
       0
       1
       1
       1
       0
       0
       0
       2
       0
       0
       0
       0
       0
       2
       0
       1
       0
       1
       1
       1
       1
       0
       0
       0
       2
       0
       0
       0
       1
       1
       0
       1
       1
       1
       0
       0
       0
       0
       1
       0
       2
       2
       1
       0
       0
       0
       0
       1
       1
       0
       0
       1
       1
       4
       1
       0
       1
       0
       0
       0
       0
       0
       0
       0
       1
       0
       0
       0
       1
       0
       1
       1
       0
       1
       1
       1
       0
       1
       1
       0
       1
       1
       0
       1
       0
       0
       1
       1
       0
       1
       0
       0
       0
       0
       2
       1
       1
       1
       0
       0
       1
       1
       0
       3
       1
       1
       1
       0
       0
       0
       0
       0
       0
       0
       0
       1
       1
       0
       0
       0
       0
       0
       0
       1
       0
       0
       0
       0
       0
       1
       0
       0
       0
       1
       1
       1
       0
       0
       1
       2
       0
       0
       0
       0
       1
       0
       0
       1
       1
       0
       0
       0
       0
       2
       0
       0
       1
       0
       0
       1
       2
       1
       0
       2
       0
       1
       0
       2
       0
       1
       0
       1
       0
       1
       0
       1
       1
       0
       1
       0
       0
       0
       1
       0
       1
       1
       1
       0
       0
       0
       0
       0
       0
       1
       0
       2
       2
       0
       0
       0
       1
       0
       1
       1
       0
       1
       0
       1
       0
       0
       1
       0
       0
       0
       0
       0
       0
       0
       0
       1
       0
       2
       0
       0
       0
       1
       0
       2
       0
       0
       0
       0
       0
       0
       0
       0
       1
       0
       0
       0
       0
       1
       0
       1
       1
       2
       1
       1
       0
       2
       0
       0
       0
       1
       0
       2
       0
       0
       0
       0
       3
       0
       1
       0
       0
       0
       0
       0
       1
       0
       1
       2
       0
       0
       0
       0
       2
       0
       0
       0
       1
       1
       1
       0
       1
       0
       0
       1
       0
       4
       0
       1
       0
       0
       0
       0
       0
       0
       0
       0
       1
       1
       1
       1
       1
       0
       0
       0
       0
       1
       0
       0
       1
       1
       0
       0
       0
       0
       1
       1
       0
       1
       0
       0
       0
       0
       0
       0
       1
       0
       0
       0
       0
       1
       1
       1
       1
       0
       1
       2
       1
       1
       0
       2
       0
       0
       1
       0
       0
       0
       0
       0
       1
       0
       0
       0
       0
       0
       0
       1
       0
       1
       0
       0
       0
       0
       1
       0
       0
       0
       0
       0
       0
       0
       1
       0
       0
       1
       1
       0
       0
       0
       1
       2
       0
       0
       1
       0
       1
       0
       0
       0
       0
       0
       0
       0
       0
       0
       0
       0
       1
       0
       0
       0
       0
       1
       1
       0
       0
       0
       1
       0
       0
       1
       0
       0
       0
       0
       1
       1
       1
       1
       0
       1
       0
       0
       0
       0
       0
       0
       3
       1
       5
       0
       1
       0
       0
       0
       0
       0
       0
       0
       0
       0
       0
       0
       0
       0
       0
       0
       0
       0
       0
       0
       0
       0
       1
       0
       0
       0
       0
       0
       0
       0
       2
       0
       0
       0
       0
       0
       0
       1
       0
       0
       0
       0
       0
       0
       0
       0
       1
       0
       0
       0
       1
       0
       0
       0
       0
       0
       0
       0
       1
       0
       0
       0
       0
       0
       0
       0
       0
       0
       0
       0
       1
       0
       0
       0
       0
       0
       1
       0
       0
       0
       0
       0
       0
       2
       1
       0
       3
       8
       1
       2
       0
       0
       0
       0
       0
       0
       0
       0
       1
       0
       0
       0
       0
       0
       0
       0
       1
       0
       0
       0
       0
       0
       1
       0
       0
       0
       0
       0
       0
       0
       0
       0
       0
       0
       0
       1
       0
       0
       1
       0
       0
       0
       0
       0
       1
       0
       0
       0
       0
       0
       0
       0
       0
       0
       0
       0
       0
       0
       0
       0
       0
       0
       0
       0
       0
       0
       0
       0
       0
       0
       0
       0
       0
       0
       1
       1
       0
       1
       0
       0
       0
       0
       0
       0
       0
       0
       1
       0
       0
       0
       0
       0
       0
       0
       0
       0
       0
       0
       0
       0
       0
       0
       0
       0
       0
       0
       0
       1
       0
       0
       0
       0
       0
       1
       0
       0
       0
       0
       0
       0
       1
       0
       0
       0
       0
       0
       0
       0
       0
       0
       0
       0
       0
       0
       0
       0
       0
       1
       0
       0
       0
       0
       1
       0
       0
       0
       0
       0
       0
       1
       0
       0
       0
       0
       0
       1
       0
       0
       0
       0
       0
       0
       0
       0
       0
       0
       0
       0
       0
       0
       0
       0
       0
       0
       0
       0
       0
       0
       0
       1
       0
       1
       0
       0
       0
       0
       0
       0
       0
       0
       0
       0
       0
       0
       1
       0
       0
       0
       0
       0
       0
       0
       0
       0
       0
       0
       0
       0
       0
       0
       0
       0
       0
       0
       0
       0
       0
       0
       0
       0
       0
       0
       0
       0
       0
       0
       0
       0
       0
       0
       0
       2
       0
       0
       1
       0
       0
       1
       0
       0
       0
       0
       0
       0
       0
       0
       0
       0
       0
       0
       0
       0
       0
       2
       0
       0
       0
       0
       0
       0
       0
       0
       0
       0
       0
       0
       0
       0
       0
       0
       0
       0
       0
       0
       0
       0
       0
       0
       0
       0
       0
       0
       0
       0
       0
       0
       0
       0
$ROI:
0
$PRESETS:
Live Time
3600
0
$ENER_FIT:
1.350994 1.567553
$MCA_CAL:
3
1.350994E+000 1.567553E+000 -3.276420E-006 keV
$SHAPE_CAL:
3
7.934601E-001 -6.232490E-005 1.014241E-007
