$SPEC_ID:
No sample description was entered.
$SPEC_REM:
DET# 2
DETDESC# ALPHA COUNTER
AP# Maestro Version 7.01
$DATE_MEA:
10/25/2017 11:13:17
$MEAS_TIM:
10800 10801
$DATA:
0 2047
       0
       0
       0
       0
       0
       0
       0
       0
       0
       0
       0
       0
       0
       0
       0
       0
       0
       0
       0
       0
       0
       0
       0
       6
     193
     173
     163
     165
     193
     170
     166
     168
     157
     169
     162
     146
     165
     154
     179
     186
     155
     178
     181
     148
     176
     248
     255
     328
     182
     155
     151
     145
     176
     265
     163
     198
     145
     123
     211
     151
     121
     129
     129
     134
     135
     123
     149
     156
     140
     117
     123
     127
     143
     137
     131
     110
     125
     141
     165
     107
     130
     144
     137
     128
     129
     139
     113
     124
     149
     128
     159
     156
     145
     133
     122
     143
     117
     128
     107
     117
     114
     127
     117
     130
     109
     138
     136
      95
     111
     125
     111
     103
     119
     109
      88
     117
     101
     266
     179
      90
      88
      94
      95
      99
      87
      86
      65
      96
      81
      87
     119
      80
      96
      89
      84
      91
      83
      74
      92
      94
      83
      72
      82
      90
      93
      94
      79
      85
      67
      88
      81
     110
      77
      69
      60
      67
      76
      70
      67
      78
      77
      59
      66
      59
      72
      63
      62
      64
      76
      63
      55
      51
      62
      54
      72
      60
      55
      47
      51
      53
      57
      59
      60
      52
      53
      49
      59
      80
      54
      55
      46
      53
      72
      55
      48
      47
      30
      40
      49
      45
      43
      58
      49
      52
      58
      47
      46
      46
      53
      57
      39
      52
      47
      38
      42
      63
      50
      35
      46
      54
      37
      47
      36
      61
      47
      31
      42
      49
      34
      41
      39
      39
      41
      36
      39
      41
      39
      35
      33
      37
      31
      49
      32
      39
      33
      31
      32
      42
      40
      25
      22
      19
      32
      42
      33
      40
      37
      33
      39
      35
      39
      31
      22
      22
      28
      34
      28
      31
      29
      32
      27
      32
      36
      26
      28
      31
      37
      45
      35
      32
      30
      36
      23
      40
      26
      25
      33
      30
      27
      26
      38
      33
      27
      25
      36
      25
      33
      23
      29
      36
      30
      17
      34
      25
      26
      27
      26
      24
      24
      29
      35
      29
      30
      28
      17
      23
      30
      15
      31
      25
      22
      25
      24
      48
      72
     112
      64
      26
      26
      33
      29
      20
      24
      20
      18
      24
      18
      29
      26
      17
      26
      27
      22
      20
      14
      28
      19
      24
      19
      15
      23
      13
      24
      23
      27
      20
      29
      23
      22
      29
      18
      27
      16
      27
      25
      19
      14
      18
      25
      24
      25
      35
      21
      17
      20
      35
      12
      16
      15
      20
      24
      22
      23
      20
      21
      20
      18
      44
      39
      22
      25
      35
      25
      24
      20
      21
      20
      23
      21
      20
      13
      17
      14
      18
      20
      12
      13
      13
      24
      15
      17
      18
      14
      20
      17
      16
      13
      13
      12
      24
      16
      16
      18
      13
      21
      13
      18
      11
      27
      14
      13
      18
      15
      14
      18
       8
      19
      10
       7
      16
      20
      13
      20
      15
      11
      13
      14
      14
      11
      11
      14
      17
      14
      13
       9
      14
      12
      17
      15
      14
      22
      14
      16
      14
      15
      14
      15
      15
      12
      10
       8
      11
      15
      14
      14
      10
      11
      17
      16
       6
      15
      16
      13
       8
      12
       8
       8
      16
      14
      13
      11
      18
      10
      14
      10
      12
      14
       9
       8
      10
      16
      15
      17
      10
       6
      19
      18
      13
      14
      11
       8
      12
      12
      14
      14
      35
     185
      72
      12
      13
       6
      10
       7
       8
      16
       7
      20
      17
      16
      13
      14
      14
      15
       7
       9
      13
       7
      12
      14
      12
       9
       7
      12
      19
      15
      17
       8
       7
      12
      13
      15
      17
       3
      16
      12
      13
      13
       8
       5
       6
      13
      14
       7
      10
       6
      13
       7
      19
       6
       7
      13
      15
      14
       3
      14
       8
      10
      10
      11
      13
      26
       8
      13
      14
      13
      10
      10
      17
       6
       9
       5
      13
       9
       8
       9
      15
      14
      16
      11
       7
       8
       7
       6
       9
       9
      11
      10
      11
      11
      15
      15
      11
       5
       8
      15
      12
      10
      16
      11
       9
       5
       7
       6
       8
       9
       8
       9
      10
      12
       7
       5
       8
       5
       9
      11
       2
      11
      13
      13
      12
       7
       9
       4
       6
      11
      13
       7
       7
       9
      12
       9
       9
       7
       6
       9
      12
       3
      16
      11
       4
      12
       7
       9
       4
       7
       3
      11
       5
       9
       5
       9
       7
      13
       6
       7
       5
      11
       6
       6
       9
      11
       3
       9
       4
       9
       9
      10
       9
       4
      12
      10
       8
       7
       9
       5
       8
      10
       8
       5
      11
       7
       8
       8
       2
      13
       9
       7
       7
       8
      14
       7
       9
      10
      11
      16
      15
       5
      11
       4
       7
       9
       7
       7
       8
       8
       2
       6
       9
       8
       3
       3
       7
       8
       3
       8
       5
      10
       5
      10
      11
      10
       9
       4
       8
      10
      14
      10
      14
      11
       6
       4
      11
       4
       8
       7
       8
       9
      10
       9
       9
      11
       5
       5
       8
       8
      10
       6
       4
       6
       9
       8
       5
       8
       6
       7
       7
       4
       7
       3
       5
       2
       2
       4
       5
       5
       7
       8
       6
       7
      12
       5
       6
       5
      10
       4
       8
       1
       5
      11
       7
       4
       9
       6
       6
       6
       5
       2
       4
       6
       5
       8
       5
       7
       4
       6
       5
       6
       2
       7
       8
       5
      11
       2
       4
       2
       8
       4
       7
       5
       3
       5
       1
       6
       4
       6
       2
       2
       4
       0
       8
       7
       6
       3
       5
       4
       5
       4
       4
       7
       9
       2
       0
       2
       5
       7
       2
       3
       3
       3
       8
       5
       3
       0
       5
       4
       2
       5
       5
       6
       1
       8
      10
      18
       9
       8
       5
       4
       6
       9
       4
       8
       3
       0
       3
       3
       2
       5
       2
       3
       3
       0
       6
       6
       2
       5
       3
       5
       7
       3
       3
       2
       4
       4
       3
       1
       3
       5
       2
       6
       3
       1
       4
       6
       3
       4
       2
       4
       5
       4
       3
       3
       6
       2
       3
       2
       4
       4
       7
       8
      14
      48
      59
      14
       3
       4
       1
       1
       1
       2
       4
       1
       4
       3
       1
       1
       2
       1
       2
       1
       0
       3
       2
       1
       4
       1
       6
       4
       1
       3
       0
       0
       0
       0
       4
       2
       4
       3
       1
       2
       2
       2
       3
       5
       3
       0
       5
       2
       1
       1
       1
       1
       1
       2
       3
       2
       2
       0
       1
       3
       0
       1
       3
       4
       3
       2
       1
       5
       2
       5
       4
       1
       2
       6
       3
       7
       1
       1
       2
       1
       2
       4
       4
       4
      10
       4
       4
       3
       3
       0
       4
       1
       2
       4
       3
       3
       2
       3
       1
       1
       1
       3
       0
       0
       4
       2
       2
       0
       3
       2
       1
       2
       0
       0
       3
       1
       1
       2
       1
       1
       2
       0
       3
       4
       2
       1
       1
       1
       1
       1
       0
       0
       0
       0
       3
       2
       4
       2
       2
       1
       1
       5
       2
       0
       2
       2
       0
       1
       1
       4
       3
       3
       1
       4
       2
       2
       2
       0
       3
       2
       0
       0
       2
       0
       1
       0
       0
       0
       0
       1
       4
       0
       1
       3
       5
       3
       3
       0
       1
       4
       1
       2
       1
       0
       0
       3
       2
       2
       1
       2
       1
       2
       3
       3
       7
       6
       5
       2
       3
       2
       2
       1
       2
       1
       2
       1
       4
       0
       0
       3
       4
       0
       0
       0
       0
       4
       0
       1
       3
       0
       0
       0
       1
       1
       1
       1
       1
       1
       1
       0
       1
       2
       1
       0
       0
       2
       1
       2
       3
       1
       3
       6
       0
       2
       0
       2
       1
       2
       2
       0
       0
       1
       2
       2
       1
       1
       3
       2
       0
       2
       1
       1
       1
       0
       0
       2
       0
       3
       0
       4
       1
       0
       1
       0
       1
       3
       1
       1
       2
       0
       0
       1
       2
       1
       0
       2
       0
       1
       1
       3
       5
       3
       0
       2
       4
       2
       1
       2
       2
       1
       0
       2
       2
       1
       2
       2
       3
       3
       1
       0
       5
       3
       2
       1
       1
       2
       1
       0
       0
       0
       2
       0
       4
       3
       0
       3
       0
       2
       0
       2
       1
       1
       1
       0
       1
       1
       2
       0
       1
       3
       1
       1
       4
       1
       0
       2
       0
       4
       1
       1
       3
       2
       0
       0
       2
       2
       0
       3
       0
       0
       1
       1
       0
       2
       0
       1
       1
       0
       0
       0
       0
       0
       2
       3
       2
       1
       3
       1
       0
       1
       0
       0
       1
       0
       1
       1
       2
       0
       0
       0
       2
       1
       0
       2
       1
       0
       3
       2
       2
       1
       1
       1
       1
       1
       1
       2
       2
       0
       2
       2
       0
       3
       1
       1
       1
       0
       2
       2
       1
       1
       2
       0
       2
       2
       1
       2
       2
       2
       0
       2
       1
       0
       0
       1
       0
       1
       0
       1
       1
       0
       0
       0
       1
       1
       0
       1
       1
       1
       0
       0
       1
       3
       0
       1
       1
       0
       1
       1
       0
       1
       0
       1
       2
       2
       5
       1
       1
       3
       1
       2
       1
       0
       1
       3
       2
       3
       2
       2
       0
       2
       0
       1
       2
       4
       0
       1
       2
       0
       0
       0
       1
       2
       1
       1
       1
       1
       0
       1
       3
       0
       0
       1
       0
       1
       1
       1
       2
       0
       3
       1
       2
       2
       2
       1
       0
       1
       1
       1
       3
       2
       1
       0
       0
       2
       2
       3
       1
       1
       0
       5
       1
       1
       1
       2
       0
       2
       3
       2
       4
       0
       3
       2
       1
       1
       0
       0
       0
       0
       1
       1
       0
       1
       3
       0
       1
       1
       0
       1
       0
       0
       3
       1
       1
       1
       0
       2
       2
       2
       0
       1
       0
       1
       2
       1
       1
       2
       0
       1
       1
       4
       0
       0
       1
       1
       1
       1
       1
       2
       1
       0
       2
       0
       2
       2
       1
       0
       1
       1
       2
       0
       1
       1
       0
       0
       1
       0
       1
       3
       0
       4
       1
       0
       1
       0
       2
       0
       1
       2
       0
       1
       1
       1
       2
       4
       0
       2
       2
       1
       1
       0
       1
       3
       1
       2
       1
       0
       2
       1
       1
       0
       1
       1
       1
       0
       3
       2
       0
       1
       0
       0
       0
       2
       0
       0
       1
       0
       0
       1
       0
       0
       0
       1
       0
       1
       1
       0
       0
       0
       1
       1
       2
       0
       1
       1
       1
       0
       1
       2
       0
       0
       0
       0
       1
       0
       0
       1
       2
       1
       2
       1
       0
       1
       0
       0
       0
       1
       2
       2
       2
       0
       0
       0
       3
       0
       0
       0
       1
       0
       0
       0
       0
       0
       0
       1
       0
       0
       1
       0
       0
       0
       0
       0
       1
       0
       1
       0
       1
       0
       0
       0
       0
       2
       0
       0
       2
       4
       6
       6
      10
       0
       0
       0
       0
       0
       0
       0
       1
       0
       0
       0
       1
       1
       1
       0
       0
       0
       0
       1
       1
       0
       1
       0
       1
       0
       0
       1
       1
       0
       0
       0
       0
       1
       0
       1
       1
       0
       0
       0
       0
       0
       0
       0
       0
       0
       0
       0
       0
       0
       0
       0
       0
       1
       0
       0
       0
       0
       0
       1
       0
       1
       0
       0
       0
       1
       1
       0
       1
       1
       0
       1
       0
       1
       0
       0
       0
       0
       0
       0
       0
       0
       2
       0
       2
       1
       4
       1
       2
       2
       2
       0
       0
       0
       1
       0
       0
       0
       0
       0
       0
       1
       0
       0
       0
       1
       1
       1
       0
       0
       0
       0
       0
       0
       1
       0
       0
       0
       0
       0
       0
       0
       0
       0
       0
       0
       0
       0
       1
       0
       0
       1
       0
       0
       1
       0
       0
       0
       1
       0
       0
       0
       0
       0
       0
       1
       1
       0
       0
       0
       1
       0
       0
       1
       0
       0
       0
       1
       0
       0
       0
       0
       0
       0
       0
       0
       0
       0
       1
       0
       0
       0
       0
       0
       0
       1
       0
       0
       0
       0
       0
       0
       0
       0
       0
       0
       1
       0
       0
       1
       1
       1
       1
       1
       0
       0
       1
       0
       0
       0
       0
       0
       0
       1
       0
       0
       0
       0
       1
       0
       0
       0
       0
       0
       0
       0
       0
       1
       0
       0
       0
       0
       0
       0
       0
       0
       1
       1
       0
       1
       0
       0
       1
       0
       0
       0
       0
       0
       0
       0
       0
       0
       1
       0
       0
       1
       0
       0
       0
       0
       0
       1
       1
       0
       0
       1
       0
       0
       0
       1
       0
       0
       0
       0
       0
       0
       0
       0
       1
       1
       0
       0
       0
       0
       1
       0
       0
       0
       0
       1
       0
       0
       0
       1
       1
       0
       1
       0
       0
       0
       0
       0
       1
       1
       0
       0
       0
       1
       1
       1
       1
       1
       0
       0
       0
       0
       0
       0
       0
       1
       0
       0
       1
       2
       0
       0
       0
       0
       0
       0
       0
       1
       0
       0
       0
       0
       0
       0
       0
       0
       0
       0
       0
       0
       0
       1
       0
       0
       0
       0
       0
       0
       1
       0
       1
       0
       0
       0
       0
       0
       0
       0
       0
       0
       0
       0
       0
       0
       0
       0
       0
       0
       0
       0
       0
       0
       0
       0
       0
       0
       0
       0
       0
       0
       0
       0
       0
       0
       0
       0
       0
$ROI:
0
$PRESETS:
Live Time
10800
0
$ENER_FIT:
1.350994 1.567553
$MCA_CAL:
3
1.350994E+000 1.567553E+000 -3.276420E-006 keV
$SHAPE_CAL:
3
7.934601E-001 -6.232490E-005 1.014241E-007
