$SPEC_ID:
No sample description was entered.
$SPEC_REM:
DET# 2
DETDESC# ALPHA COUNTER
AP# Maestro Version 7.01
$DATE_MEA:
04/02/2018 17:35:06
$MEAS_TIM:
142156 142182
$DATA:
0 2047
       0
       0
       0
       0
       0
       0
       0
       0
       0
       0
       0
       0
       0
       0
       0
       0
       0
       0
       0
       0
       0
       0
       0
     123
    2371
    2354
    2427
    2277
    2211
    2151
    2128
    2111
    2105
    2085
    2017
    2145
    2023
    1955
    1951
    1948
    1953
    1943
    1830
    1780
    1739
    1819
    1722
    1686
    1726
    1769
    1751
    1685
    1636
    1644
    1607
    1703
    1682
    1603
    1574
    1570
    1634
    1604
    1530
    1496
    1584
    1515
    1610
    1565
    1555
    1523
    1515
    1555
    1515
    1655
    1543
    1566
    1569
    1551
    1690
    1698
    1616
    1633
    1581
    1565
    1578
    1626
    1607
    1616
    1610
    1736
    1721
    3100
    2193
    2233
    4551
    1940
    1586
    1550
    1524
    1455
    1449
    1512
    1467
    1523
    1433
    1742
    2785
    2396
    1446
    1680
    1810
    1448
    1458
    1511
    1386
    1450
    1875
    1792
    1438
    1400
    1377
    1369
    1348
    1344
    1408
    1366
    1407
    1393
    1395
    1384
    1345
    1294
    1441
    1405
    1368
    1344
    1443
    1424
    1398
    1299
    1366
    1349
    1419
    1379
    1341
    1344
    1384
    1399
    1313
    1354
    1344
    1318
    1380
    1380
    1398
    1342
    1365
    1390
    1424
    1319
    1357
    1375
    1400
    1351
    1376
    1420
    1308
    1315
    1327
    1321
    1329
    1312
    1328
    1291
    1387
    1283
    1216
    1278
    1259
    1304
    1411
    1900
    1423
    1284
    1336
    1260
    1233
    1293
    1193
    1234
    1291
    1267
    1217
    1265
    1300
    1299
    1255
    1256
    1242
    1221
    1177
    1268
    1144
    1285
    1202
    1235
    1492
    1178
    1200
    1154
    1153
    1124
    1241
    1206
    1251
    1181
    1176
    1137
    1162
    1138
    1182
    1195
    1120
    1167
    1154
    1124
    1137
    1140
    1170
    1178
    1147
    1096
    1175
    1411
    3782
    2537
    1066
    1121
    1047
    1038
    1006
    1028
    1064
    1080
    1095
    1086
    1186
    1136
    1098
    1135
    1100
    1119
    1108
    1124
    1096
    1078
    1023
    1075
    1161
    1293
    1115
    1027
    1003
    1042
    1119
    1035
     972
     911
    1005
     945
     952
     946
     931
     914
     935
     938
     891
     931
     919
     907
     931
     913
     921
     947
     896
     875
     915
     912
     870
     885
     869
     833
     860
     888
     855
     872
     848
     839
     853
     868
     848
    1206
    1069
     837
     833
     855
     780
     792
     766
     698
     761
     736
     743
     734
     732
     764
     816
     776
     760
     738
     730
     745
     737
     722
     734
     760
     771
     695
     714
     691
     687
     691
     686
     751
     676
     670
     674
     757
     735
     703
     647
     674
     650
     651
     663
     659
     623
     677
     677
     676
     659
     668
     678
     705
     669
     652
     664
     628
     664
     682
     611
     661
     646
     679
     631
     652
     603
     586
     589
     619
     665
     624
     665
     742
     645
     642
     594
     619
     581
     649
     657
     634
     618
     566
     618
     580
     637
     653
     602
     566
     594
     595
     634
     597
     626
     603
     589
     588
     589
     567
     597
     631
     559
     613
     633
     536
     623
     583
     601
     607
     613
     597
     528
     626
     602
     632
     601
     550
     622
     573
     578
     585
     617
     558
     553
     585
     605
     585
     611
     560
     590
     531
     501
     473
     538
     505
     520
     536
     528
     531
     490
     515
     505
     516
     605
     706
     503
     489
     487
     456
     442
     476
     453
     467
     463
     404
     464
     450
     459
     428
     456
     427
     454
     451
     448
     429
     421
     446
     423
     447
     445
     446
     436
     432
     439
     452
     409
     417
     425
     462
     451
     384
     438
     432
     416
     426
     427
     412
     412
     443
     431
     403
     414
     457
     402
     441
     377
     418
     401
     420
     416
     405
     420
     366
     369
     412
     368
     391
     408
     407
     390
     359
     397
     369
     359
     412
     361
     381
     373
     441
     348
     393
     370
     405
     400
     355
     381
     405
     363
     397
     389
     379
     367
     390
     408
     372
     373
     376
     340
     365
     351
     366
     378
     388
     329
     391
     366
     364
     417
     418
     398
     375
     370
     348
     320
     395
     363
     369
     372
     380
     373
     378
     342
     341
     371
     345
     355
     354
     372
     353
     352
     350
     345
     378
     357
     331
     352
     371
     330
     352
     318
     408
     369
     350
     351
     350
     370
     362
     346
     330
     320
     332
     325
     350
     333
     350
     318
     317
     361
     363
     327
     325
     335
     351
     347
     331
     353
     345
     317
     356
     347
     341
     335
     316
     365
     352
     351
     334
     333
     324
     331
     354
     361
     351
     296
     355
     327
     351
     363
     339
     351
     308
     344
     347
     313
     315
     365
     332
     341
     338
     381
     409
     589
     884
    1495
    2450
    3027
    2625
    1767
     972
     636
     454
     353
     344
     324
     314
     318
     333
     337
     316
     341
     329
     337
     336
     348
     315
     329
     322
     315
     313
     322
     309
     349
     317
     336
     312
     342
     341
     345
     328
     295
     325
     315
     305
     305
     293
     313
     323
     277
     312
     312
     313
     319
     314
     299
     311
     303
     294
     307
     360
     355
     352
     340
     332
     346
     341
     316
     325
     349
     342
     334
     340
     318
     294
     315
     330
     310
     274
     325
     342
     316
     372
     366
     351
     363
     370
     341
     343
     327
     354
     379
     341
     333
     341
     380
     352
     394
     447
     470
     369
     368
     354
     365
     363
     369
     375
     367
     337
     360
     344
     384
     345
     368
     379
     336
     357
     382
     380
     415
     350
     372
     360
     372
     356
     390
     376
     379
     403
     377
     390
     495
     549
     423
     350
     358
     344
     368
     396
     349
     294
     320
     301
     295
     238
     296
     265
     270
     284
     272
     257
     279
     265
     252
     262
     239
     252
     237
     291
     231
     237
     242
     233
     228
     220
     217
     239
     220
     220
     250
     234
     234
     199
     220
     214
     212
     198
     205
     202
     222
     222
     229
     203
     230
     230
     201
     208
     219
     183
     204
     212
     211
     209
     190
     184
     185
     191
     232
     221
     204
     172
     202
     202
     220
     191
     181
     201
     217
     195
     203
     194
     172
     191
     164
     188
     199
     166
     179
     169
     200
     175
     176
     171
     179
     169
     189
     198
     191
     148
     180
     165
     146
     160
     169
     155
     164
     154
     160
     166
     166
     155
     167
     160
     154
     139
     177
     146
     161
     161
     150
     159
     153
     143
     136
     133
     145
     154
     134
     141
     144
     136
     155
     153
     159
     156
     147
     131
     169
     146
     134
     140
     132
     137
     152
     165
     176
     200
     160
     136
     137
     181
     174
     176
     147
     118
     143
     130
     143
     162
     140
     143
     109
     131
     118
     118
     109
     133
     131
     138
     131
     124
     153
     145
     128
     123
     134
     135
     136
     101
     132
     134
     125
     138
     129
     134
     118
     136
     167
     119
     138
     110
     140
     132
     134
     106
     130
     132
     125
     118
     128
     123
     127
     151
     140
     135
     134
     116
     122
     140
     136
     126
     113
     128
     128
     129
     120
     117
     123
     130
     123
     137
     110
     138
     141
     125
     125
     132
     133
     153
     112
     141
     107
     143
     120
     132
     126
     138
     134
     151
     130
     142
     130
     138
     125
     121
     139
     117
     126
     146
     115
     136
     138
     157
     224
     524
    2194
    6796
    8785
    3660
     489
      86
     100
      95
      91
      90
      95
      81
      81
      83
      77
      91
      81
      89
      82
      73
      91
      96
      84
      79
      81
      89
     100
      94
      89
      97
      83
      76
      81
      81
      81
     105
      96
      99
      92
      92
      88
      73
      82
      99
      97
     101
      81
      79
      90
      94
      74
      88
      74
      75
      77
      91
      86
      69
      75
      81
      67
      86
      81
      84
     105
      96
      90
      92
     123
     128
     117
      83
      77
      79
      82
      87
      72
      83
      71
      68
      59
      84
      80
      97
      76
      60
      78
      91
      75
      85
      95
      75
     103
      91
     101
      67
      93
      91
      83
      88
      85
      80
      71
      85
      81
      75
      77
      75
      59
      72
      85
      83
      93
      89
      70
      72
      84
      83
      67
      69
      83
      74
      78
      76
      62
      80
      78
     110
     172
     202
     120
      70
      85
      80
      81
      78
      67
      72
      61
      65
      67
      75
      69
      77
      78
      74
      68
      84
      78
      71
      85
      70
      95
      80
      87
      74
      83
      74
      95
      83
      61
      75
      58
      63
      65
      84
      80
      75
      53
      73
      63
      49
      72
      73
      75
      69
      72
      79
      80
      61
      87
      65
      55
      74
      63
      71
      65
      62
      49
      85
      84
      75
      55
      68
      63
      61
      91
     105
      91
      72
      79
     107
     130
     108
      71
      59
      75
      61
      60
      57
      66
      65
      63
      53
      72
      65
      50
      64
      69
      70
      67
      50
      61
      66
      57
      80
      53
      59
      71
      72
      50
      73
      57
      59
      72
      68
      51
      68
      78
      65
      57
      81
      79
      77
      56
      73
      54
      62
      66
      70
      61
      69
      70
      61
      57
      62
      71
      64
      60
      43
      74
      54
      58
      63
      56
      74
      66
      62
      58
      60
      53
      61
      73
      76
      68
      57
      64
      67
      65
      54
      54
      65
      64
      57
      67
      61
      50
      54
      67
      56
      63
      57
      66
      68
      58
      59
      62
      64
      60
      51
      72
      72
      57
      65
      60
      65
      59
      62
      52
      61
      58
      53
      63
      56
      59
      56
      59
      63
      46
      54
      49
      72
      55
      68
      70
      67
      61
      68
      66
      60
      66
      60
      68
      63
      61
      67
      71
      64
      55
      65
      69
      64
      64
      63
      49
      42
      55
      55
      69
      55
      55
      55
      68
      53
      69
      74
      57
      53
      44
      44
      56
      70
      69
      66
      49
      74
      49
      49
      58
      61
      80
      63
      59
      53
      43
      62
      60
      54
      60
      47
      68
      80
      44
      72
      54
      65
      55
      60
      64
      51
      53
      69
      85
     101
     119
      69
      65
      58
      53
      61
      78
      75
      55
      54
      50
      37
      54
      61
      64
      50
      51
      65
      59
      56
      48
      52
      58
      39
      50
      72
      47
      41
      48
      48
      64
      46
      50
      49
      52
      51
      60
      56
      51
      63
      65
      58
      48
      66
      66
      63
      58
      53
      52
      70
      64
      52
      61
      59
      42
      45
      59
      47
      45
      55
      47
      50
      66
      54
      72
      63
     100
      91
      69
      47
      53
      49
      47
      49
      52
      60
      51
      60
      59
      48
      63
      57
      45
      61
      54
      47
      55
      57
      54
      40
      66
      42
      51
      44
      63
      52
      47
      58
      48
      54
      53
      54
      55
      40
      71
      61
      47
      48
      58
      52
      65
      58
      53
      57
      46
      53
      45
      57
      52
      53
      64
      44
      52
      59
      62
      53
      45
      52
      37
      54
      52
      57
      60
      49
      53
      71
      52
      64
      52
      54
      52
      50
      56
      56
      53
      49
      47
      65
      70
      72
      63
      60
      67
      58
      64
      42
      60
      56
      47
      42
      52
      47
      50
      51
      39
      27
      43
      36
      49
      43
      48
      39
      50
      37
      39
      45
      34
      42
      40
      43
      37
      37
      48
      39
      56
      43
      37
      37
      38
      40
      48
      43
      34
      37
      41
      46
      39
      35
      40
      42
      38
      34
      42
      43
      38
      42
      43
      36
      38
      42
      49
      35
      43
      38
      35
      41
      32
      37
      28
      41
      40
      37
      29
      54
      37
      52
      39
      45
      28
      22
      25
      25
      34
      29
      32
      40
      35
      34
      31
      40
      40
      28
      31
      26
      28
      37
      36
      32
      18
      25
      34
      44
      39
      43
      51
      42
      37
      37
      29
      39
      31
      24
      25
      45
      30
      32
      38
      49
      60
      52
      39
      33
      26
      25
      32
      27
      28
      26
      30
      36
      31
      27
      23
      22
      33
      28
      28
      29
      26
      32
      23
      32
      28
      29
      30
      35
      34
      33
      25
      35
      30
      35
      24
      21
      19
      21
      22
      31
      25
      24
      26
      26
      22
      22
      25
      33
      19
      31
      30
      17
      19
      37
      38
      26
      27
      41
      45
      33
      32
      22
      33
      24
      33
      30
      22
      20
      28
      18
      28
      28
      30
      20
      29
      24
      30
      18
      19
      30
      28
      27
      29
      20
      26
      22
      34
      31
      28
      24
      19
      22
      22
      24
      26
      31
      39
      28
      29
      22
      22
      26
      27
      27
      23
      28
      29
      25
      30
      22
      20
      21
      21
      25
      18
      26
      24
      25
      26
      27
      28
      23
      32
      14
      28
      22
      28
      22
      25
      24
      21
      23
      30
      33
      19
      41
      37
      33
      31
      32
      22
      26
      30
      24
      31
      29
      15
      33
      34
      27
      29
      21
      20
      34
      33
      34
      30
      41
      47
      69
     182
     349
     547
     550
     319
     106
      23
      11
      24
      13
      19
      21
      12
      22
      16
       9
      20
      21
      13
      23
      14
      17
      21
      15
      19
      18
      27
      14
      18
      13
      15
      14
      24
      17
      20
      13
      15
      13
      15
      24
      20
      16
      18
      22
      10
      18
      25
      25
      20
      19
      13
      15
      24
      14
      14
      15
      18
      19
      20
      14
      16
      24
      23
      26
      24
      23
      18
      17
      13
      13
      18
      16
      15
      11
      19
      23
      15
       8
      18
      20
      11
      23
      16
      14
       7
      21
      17
      17
      13
      13
      19
      17
      10
      13
      22
      15
      16
      21
      12
      13
      15
      21
      18
      18
      14
       8
      13
      13
       9
      14
      13
      15
      20
      16
      15
      10
      17
      13
      13
      14
       9
      17
      13
      11
      24
      11
       6
       8
      17
      10
      12
      13
      15
      18
      11
      10
      15
      17
      14
      21
      12
      11
      11
       8
       9
      15
      12
      16
      12
       8
      19
      18
      17
      23
      19
      17
      12
      14
      20
      18
      24
      12
      29
      27
      24
      28
      30
      24
      49
      47
       0
       0
       0
       0
       0
       0
       0
       0
       0
       0
       0
       0
       0
       0
       0
       0
       0
       0
       0
       0
       0
       0
       0
       0
       0
       0
       0
       0
       0
       0
       0
       0
$ROI:
0
$PRESETS:
None
0
0
$ENER_FIT:
-10.025118 0.801508
$MCA_CAL:
3
-1.002512E+001 8.015075E-001 0.000000E+000 keV
$SHAPE_CAL:
3
0.000000E+000 0.000000E+000 0.000000E+000
