$SPEC_ID:
No sample description was entered.
$SPEC_REM:
DET# 2
DETDESC# ALPHA COUNTER
AP# Maestro Version 7.01
$DATE_MEA:
04/04/2018 09:47:01
$MEAS_TIM:
83555 83571
$DATA:
0 2047
       0
       0
       0
       0
       0
       0
       0
       0
       0
       0
       0
       0
       0
       0
       0
       0
       0
       0
       0
       0
       0
       0
       0
      58
    1317
    1361
    1362
    1375
    1322
    1341
    1246
    1277
    1277
    1228
    1281
    1243
    1241
    1176
    1135
    1184
    1108
    1121
    1111
    1053
    1097
    1095
    1079
    1034
    1046
    1075
    1034
    1054
     983
    1005
    1017
     958
     924
     936
     969
    1025
     980
     924
     920
     952
     981
     933
     912
     954
     942
     943
     993
     925
     948
     963
    1001
     906
     951
    1018
     968
    1051
    1004
     972
    1016
    1012
     960
     906
     994
    1007
     953
    1027
    1087
    1860
    1313
    1384
    2719
    1088
     914
     910
     902
     863
     898
     886
     868
     897
     896
    1071
    1814
    1483
     887
     965
    1064
     827
     887
     883
     828
     801
    1081
    1071
     892
     807
     812
     807
     795
     747
     850
     851
     791
     803
     825
     795
     820
     758
     904
     852
     823
     818
     875
     876
     844
     836
     816
     819
     879
     849
     843
     851
     812
     792
     771
     837
     866
     824
     881
     924
     817
     839
     873
     840
     776
     817
     841
     809
     846
     829
     772
     783
     856
     803
     807
     757
     733
     822
     838
     797
     763
     778
     790
     809
     785
     774
     823
    1154
     892
     762
     754
     775
     786
     816
     751
     769
     786
     776
     744
     758
     754
     725
     704
     761
     708
     734
     747
     730
     757
     766
     750
     758
     878
     756
     740
     723
     772
     761
     699
     709
     680
     765
     744
     751
     741
     732
     683
     699
     727
     741
     738
     753
     710
     717
     704
     683
     688
     761
     723
     899
    2339
    1321
     648
     674
     634
     714
     629
     632
     660
     655
     641
     675
     719
     758
     655
     653
     684
     699
     701
     692
     680
     650
     654
     653
     656
     796
     667
     639
     580
     634
     648
     628
     583
     554
     582
     612
     538
     576
     546
     618
     560
     560
     613
     578
     558
     561
     563
     572
     585
     493
     540
     558
     560
     589
     523
     551
     546
     498
     501
     539
     533
     579
     519
     530
     489
     512
     525
     732
     586
     507
     537
     521
     483
     444
     427
     510
     441
     458
     490
     476
     471
     461
     469
     477
     492
     473
     439
     429
     418
     440
     431
     439
     442
     450
     440
     439
     425
     422
     456
     452
     426
     462
     458
     423
     449
     460
     451
     409
     439
     447
     476
     447
     386
     430
     402
     417
     399
     435
     400
     423
     391
     459
     402
     429
     367
     397
     413
     410
     393
     404
     389
     408
     384
     423
     362
     403
     415
     418
     406
     450
     421
     394
     424
     390
     405
     384
     351
     374
     396
     378
     358
     390
     375
     384
     379
     338
     382
     339
     394
     355
     387
     341
     358
     378
     396
     331
     331
     366
     359
     344
     323
     348
     361
     330
     385
     381
     356
     340
     387
     361
     362
     392
     339
     321
     366
     380
     349
     375
     371
     332
     335
     351
     365
     399
     342
     351
     324
     320
     339
     322
     325
     324
     315
     312
     270
     303
     276
     288
     329
     331
     386
     404
     310
     243
     306
     261
     276
     310
     279
     278
     285
     291
     272
     285
     291
     297
     284
     287
     288
     291
     302
     260
     297
     270
     266
     281
     274
     313
     275
     264
     270
     272
     244
     267
     258
     236
     274
     269
     268
     266
     275
     282
     250
     271
     263
     292
     248
     253
     249
     283
     259
     280
     268
     246
     238
     250
     263
     235
     258
     219
     232
     262
     237
     244
     255
     246
     259
     274
     256
     224
     240
     237
     242
     251
     231
     242
     224
     249
     241
     221
     221
     249
     267
     195
     227
     208
     219
     225
     253
     248
     223
     246
     216
     209
     214
     201
     225
     246
     229
     223
     217
     214
     212
     238
     244
     270
     230
     208
     216
     235
     227
     217
     227
     216
     231
     215
     228
     204
     234
     197
     205
     237
     214
     199
     224
     208
     236
     217
     218
     231
     222
     221
     210
     240
     213
     203
     228
     227
     227
     223
     221
     209
     211
     236
     228
     226
     228
     202
     208
     227
     172
     222
     197
     202
     216
     200
     222
     209
     203
     196
     195
     230
     214
     221
     225
     186
     213
     187
     220
     218
     209
     217
     217
     198
     221
     198
     190
     211
     200
     221
     226
     213
     204
     216
     201
     203
     226
     203
     225
     194
     196
     209
     240
     221
     195
     215
     253
     308
     412
     576
    1068
    1700
    1974
    1532
    1022
     576
     343
     226
     222
     220
     216
     184
     200
     174
     191
     204
     191
     201
     187
     183
     182
     192
     212
     203
     215
     203
     193
     211
     198
     175
     220
     207
     235
     203
     204
     174
     200
     191
     214
     188
     176
     194
     196
     186
     182
     206
     202
     227
     184
     207
     205
     184
     181
     180
     192
     207
     204
     220
     217
     218
     203
     209
     222
     203
     188
     191
     176
     228
     202
     212
     191
     226
     218
     211
     210
     213
     196
     227
     207
     220
     219
     196
     235
     203
     237
     211
     225
     235
     231
     202
     229
     232
     240
     309
     238
     228
     203
     218
     198
     262
     245
     238
     225
     227
     222
     233
     235
     236
     243
     227
     212
     257
     232
     247
     258
     238
     232
     240
     230
     211
     239
     256
     230
     224
     248
     269
     322
     366
     257
     218
     245
     234
     236
     266
     213
     212
     204
     217
     194
     188
     174
     165
     161
     154
     176
     168
     155
     159
     161
     171
     149
     150
     149
     152
     133
     156
     164
     159
     152
     133
     129
     168
     149
     125
     129
     137
     138
     147
     140
     136
     144
     149
     135
     125
     128
     153
     127
     126
     154
     127
     122
     127
     139
     118
     106
     124
     121
     132
     133
     126
     127
     135
     149
     131
     120
     126
     116
     141
     140
     128
     113
     126
     128
      95
     125
     118
     102
     102
     126
     101
     108
     102
     104
     123
     110
     105
     113
     105
     104
     113
     100
      94
     112
     109
     110
      95
      84
     101
     104
     115
     107
      97
     103
     105
      93
      71
      82
      89
      89
     110
      83
     104
     100
      93
      93
      85
      95
      86
      84
      82
      98
      98
      82
      92
     101
      85
      98
      82
     101
      89
      82
     105
      70
      79
      79
      84
      84
      72
      88
      89
     110
     108
      75
      71
      84
      94
     106
      84
      70
      82
      79
      82
      78
      83
      85
      68
      90
      84
      87
      86
     105
      78
      72
      85
      73
      86
      96
      68
      65
      87
      89
      83
      93
      88
      79
      64
      58
      81
      92
      74
      84
      69
      81
      76
      87
      68
      76
      65
      62
      77
      80
      69
      79
      88
      73
      95
      81
      79
      84
      65
      55
      86
      68
      87
      68
      78
      69
      83
      64
      65
      73
      80
      84
      86
      64
      96
      73
      85
      70
      84
      74
      83
      70
      79
      75
      72
      89
      73
      71
      80
      84
      84
      90
      80
      72
      70
      74
      74
      80
      81
      69
      69
      73
      63
     101
      63
     106
     113
     149
     539
    2241
    5375
    4929
    1377
     136
      73
      54
      58
      47
      60
      58
      54
      52
      65
      52
      54
      55
      54
      59
      57
      48
      51
      64
      46
      42
      57
      43
      37
      55
      41
      40
      43
      70
      69
      54
      55
      48
      53
      51
      61
      56
      53
      51
      42
      46
      44
      51
      52
      57
      57
      55
      43
      51
      53
      60
      50
      50
      46
      44
      51
      47
      44
      50
      46
      58
      74
      54
      52
      75
      81
      72
      64
      46
      39
      49
      52
      36
      41
      45
      38
      48
      42
      38
      36
      50
      56
      51
      48
      37
      58
      47
      44
      53
      39
      41
      54
      49
      62
      40
      40
      53
      44
      45
      47
      43
      55
      47
      45
      43
      48
      39
      50
      43
      52
      52
      53
      43
      36
      54
      46
      44
      42
      54
      48
      56
      42
      54
      80
     113
      96
      58
      40
      62
      54
      35
      53
      40
      49
      52
      45
      39
      42
      47
      35
      26
      32
      58
      45
      38
      50
      39
      41
      44
      39
      32
      50
      66
      46
      60
      53
      30
      41
      35
      46
      50
      46
      36
      48
      42
      38
      41
      31
      51
      34
      39
      28
      52
      57
      53
      30
      47
      41
      30
      55
      39
      41
      42
      51
      44
      24
      38
      53
      44
      50
      60
      47
      59
      51
      57
      48
      51
      68
      85
      44
      29
      36
      41
      36
      37
      35
      35
      44
      41
      42
      46
      40
      42
      39
      36
      35
      38
      27
      41
      27
      41
      48
      42
      41
      51
      44
      41
      38
      38
      45
      46
      34
      48
      44
      36
      43
      30
      59
      44
      45
      30
      49
      44
      44
      37
      43
      34
      37
      55
      35
      48
      42
      45
      41
      50
      41
      39
      39
      46
      41
      34
      32
      36
      43
      31
      37
      41
      43
      36
      36
      24
      45
      47
      29
      38
      40
      32
      36
      43
      37
      36
      55
      40
      38
      30
      39
      35
      36
      30
      30
      48
      41
      36
      31
      30
      27
      25
      35
      31
      36
      34
      45
      33
      35
      37
      40
      30
      41
      30
      38
      27
      33
      37
      37
      41
      32
      41
      53
      40
      36
      47
      40
      34
      33
      34
      29
      30
      32
      38
      40
      33
      33
      39
      37
      39
      33
      39
      42
      41
      39
      28
      31
      30
      42
      32
      35
      42
      31
      35
      26
      38
      32
      35
      33
      44
      34
      37
      26
      37
      41
      30
      35
      39
      34
      40
      32
      40
      35
      40
      42
      55
      28
      36
      40
      33
      36
      31
      42
      36
      42
      27
      32
      34
      30
      43
      32
      33
      45
      53
      53
      65
      49
      43
      36
      29
      26
      30
      33
      41
      35
      37
      31
      32
      22
      30
      30
      27
      35
      34
      27
      35
      38
      40
      41
      39
      44
      29
      29
      39
      30
      28
      35
      36
      34
      32
      32
      38
      32
      36
      29
      41
      35
      37
      30
      34
      29
      30
      22
      40
      33
      31
      38
      38
      33
      27
      44
      27
      27
      31
      44
      31
      37
      41
      35
      43
      33
      47
      48
      37
      34
      26
      24
      35
      34
      33
      29
      29
      35
      33
      34
      29
      41
      22
      21
      34
      25
      33
      28
      35
      18
      25
      40
      37
      30
      26
      35
      36
      24
      31
      34
      28
      32
      31
      30
      22
      37
      27
      27
      36
      31
      28
      29
      26
      37
      32
      26
      25
      30
      29
      31
      32
      43
      29
      35
      36
      31
      31
      34
      23
      35
      43
      34
      30
      33
      37
      28
      30
      39
      39
      29
      29
      26
      37
      27
      32
      33
      27
      39
      49
      41
      31
      34
      33
      32
      33
      25
      28
      33
      32
      25
      21
      23
      23
      22
      25
      27
      23
      25
      20
      20
      24
      19
      16
      32
      21
      20
      24
      26
      15
      27
      29
      29
      28
      18
      27
      20
      21
      20
      21
      28
      14
      27
      21
      23
      30
      20
      23
      21
      20
      25
      19
      17
      30
      25
      22
      18
      28
      29
      30
      24
      23
      23
      20
      22
      26
      17
      16
      24
      16
      17
      20
      20
      17
      18
      25
      25
      23
      24
      24
      20
      18
      24
      17
      22
      28
      19
      23
      21
      21
      12
      21
      20
      19
      10
      19
      19
      22
      23
      22
      27
      24
      21
      19
      22
      29
      33
      26
      18
      20
      28
      25
      32
      23
      19
      22
      30
      26
      26
      30
      20
      17
      18
      16
      20
      21
      18
      15
      18
      21
      21
      11
      16
      18
      20
      19
      14
      20
      11
      17
      18
      16
      16
       6
      18
      13
      13
      17
      16
      17
      18
      18
      15
      20
      21
      22
      19
      16
      21
      22
      17
      14
      15
      18
      14
      18
      16
      26
      13
      12
      18
      15
      11
      21
      25
      22
      41
      21
      16
      17
      18
      15
      17
      14
      14
      13
      18
      13
      18
      17
      15
      18
      11
      16
      14
      13
      18
      17
      20
      21
      19
      20
      14
      15
      12
      22
      22
      17
      14
      16
      20
      12
      11
      23
      24
      17
      17
      29
      12
      16
      17
      12
      13
      14
      10
      15
      12
      14
      16
      11
      15
      17
      16
      12
      13
      10
      16
      15
      17
      16
      12
      19
      15
      19
      18
      19
      19
      19
      18
      11
      14
      15
      15
      18
      12
      14
      11
      15
      18
      13
      13
      10
      14
      32
      11
      15
      12
      23
      15
      13
      18
      17
      10
      19
      19
      21
      17
      48
      74
     140
     304
     361
     262
     104
      25
      10
       6
       9
       8
      14
      11
       7
      13
      17
       7
       9
       9
       7
      12
       8
       7
      11
      11
      10
      12
      13
      10
       9
       8
       9
       8
       8
      10
      13
       7
       5
       7
      10
      11
       7
      10
       9
      12
      21
       7
      12
      17
      13
       3
      10
       9
      17
       9
       8
      19
      12
      13
      12
      13
       8
       7
       7
      24
      18
       8
      10
       6
      12
      12
      12
       7
       7
       5
       7
       5
       6
       4
       8
      12
       8
       8
      18
       6
       8
      15
      13
       9
       6
       6
      11
      13
      14
      12
       5
       8
       6
      12
      12
       8
       9
       7
       8
      12
      10
       8
      13
      11
      11
       8
       8
      10
      10
       5
       9
      13
       6
      14
       7
       5
       9
      10
      11
       4
      10
       9
       6
      10
       5
       5
       8
      12
      11
       8
      12
      10
       4
      10
      14
      11
       6
      10
      13
      15
       6
       9
       3
       4
       8
      15
       5
      10
       6
      12
      10
       9
       7
       8
       9
      10
      12
      12
      11
      18
      17
       9
      17
      20
      30
      23
       0
       0
       0
       0
       0
       0
       0
       0
       0
       0
       0
       0
       0
       0
       0
       0
       0
       0
       0
       0
       0
       0
       0
       0
       0
       0
       0
       0
       0
       0
       0
       0
$ROI:
0
$PRESETS:
None
0
0
$ENER_FIT:
-10.025118 0.801508
$MCA_CAL:
3
-1.002512E+001 8.015075E-001 0.000000E+000 keV
$SHAPE_CAL:
3
0.000000E+000 0.000000E+000 0.000000E+000
