$SPEC_ID:
No sample description was entered.
$SPEC_REM:
DET# 2
DETDESC# ALPHA COUNTER
AP# Maestro Version 7.01
$DATE_MEA:
04/06/2018 09:56:05
$MEAS_TIM:
96406 96421
$DATA:
0 2047
       0
       0
       0
       0
       0
       0
       0
       0
       0
       0
       0
       0
       0
       0
       0
       0
       0
       0
       0
       0
       0
       0
       0
      57
    1440
    1441
    1382
    1358
    1366
    1243
    1223
    1243
    1268
    1224
    1256
    1218
    1218
    1206
    1158
    1103
    1177
    1132
    1144
    1083
    1065
    1044
    1104
    1043
    1031
    1090
    1028
    1003
    1026
     994
     950
     990
     981
     976
     962
     923
     970
     932
     918
     950
     935
     934
     937
     982
     925
     930
     964
     912
     959
     952
     928
     924
     954
     934
     963
    1095
     976
     983
     953
     995
     943
     997
     972
    1046
    1033
     988
    1205
    1995
    1261
    1811
    2622
     990
     882
     959
     898
     960
     871
     900
     929
     900
     950
    1300
    1895
    1235
     873
    1183
    1061
     850
     827
     960
     861
     929
    1222
     983
     859
     819
     820
     803
     829
     842
     861
     830
     850
     817
     855
     821
     858
     856
     845
     828
     785
     822
     868
     880
     851
     850
     780
     835
     880
     847
     865
     828
     811
     875
     879
     861
     839
     871
     875
     818
     907
     862
     809
     858
     864
     873
     847
     872
     844
     834
     827
     862
     832
     851
     775
     791
     847
     773
     821
     760
     799
     779
     874
     878
     802
     783
     987
    1145
     778
     769
     753
     818
     801
     794
     833
     797
     798
     787
     738
     781
     729
     760
     749
     745
     741
     712
     758
     724
     724
     749
     730
     876
     856
     778
     688
     716
     680
     708
     710
     710
     753
     691
     701
     695
     694
     677
     690
     713
     724
     740
     680
     677
     733
     696
     645
     690
     641
     707
     730
    1754
    2382
     735
     674
     676
     621
     624
     627
     627
     652
     576
     629
     622
     653
     670
     672
     689
     626
     635
     643
     610
     617
     643
     677
     567
     748
     699
     636
     634
     562
     607
     630
     617
     564
     570
     534
     566
     525
     571
     561
     559
     531
     545
     540
     527
     536
     539
     547
     522
     502
     496
     533
     542
     495
     535
     478
     549
     466
     540
     519
     490
     541
     487
     460
     520
     476
     506
     676
     636
     443
     488
     498
     492
     456
     415
     472
     465
     439
     413
     475
     427
     429
     420
     462
     459
     430
     434
     399
     385
     450
     426
     428
     427
     393
     390
     408
     416
     407
     391
     407
     391
     361
     387
     414
     407
     389
     394
     450
     373
     398
     380
     402
     381
     379
     383
     368
     379
     387
     351
     361
     388
     366
     367
     350
     344
     352
     319
     360
     340
     310
     326
     356
     372
     358
     351
     331
     336
     344
     371
     439
     392
     361
     352
     358
     370
     350
     309
     358
     325
     321
     347
     310
     339
     339
     354
     329
     285
     350
     326
     326
     315
     341
     333
     317
     318
     339
     304
     299
     317
     317
     352
     302
     311
     311
     314
     304
     317
     311
     337
     300
     323
     305
     312
     330
     294
     297
     298
     316
     315
     308
     327
     297
     314
     348
     339
     281
     283
     282
     273
     284
     313
     278
     257
     308
     265
     290
     251
     284
     280
     275
     346
     379
     268
     270
     267
     273
     251
     296
     250
     293
     237
     256
     222
     225
     225
     241
     248
     255
     242
     233
     231
     244
     237
     239
     245
     233
     257
     214
     227
     234
     230
     225
     228
     246
     230
     234
     228
     245
     234
     208
     202
     211
     226
     216
     244
     246
     203
     234
     221
     226
     223
     224
     210
     227
     208
     204
     222
     201
     206
     208
     215
     206
     202
     220
     220
     207
     188
     203
     200
     186
     206
     197
     223
     206
     189
     178
     223
     211
     196
     207
     223
     206
     204
     203
     214
     204
     198
     204
     174
     200
     205
     209
     205
     221
     184
     168
     205
     192
     174
     184
     186
     199
     193
     234
     188
     205
     196
     171
     203
     168
     199
     199
     207
     190
     186
     179
     202
     182
     178
     194
     198
     174
     186
     174
     151
     184
     182
     175
     172
     182
     187
     200
     171
     196
     156
     178
     198
     171
     180
     167
     178
     192
     171
     170
     195
     173
     204
     186
     161
     179
     205
     159
     186
     197
     155
     198
     171
     183
     154
     178
     181
     153
     173
     166
     174
     153
     176
     186
     182
     168
     184
     174
     170
     157
     171
     171
     161
     163
     161
     173
     163
     142
     176
     173
     181
     135
     159
     159
     182
     175
     162
     147
     173
     170
     194
     186
     202
     229
     311
     522
     809
    1121
    1081
     725
     427
     255
     256
     174
     198
     169
     165
     148
     143
     167
     141
     188
     153
     160
     136
     169
     158
     166
     152
     149
     151
     152
     162
     130
     153
     171
     151
     160
     160
     154
     141
     134
     135
     163
     154
     133
     145
     161
     155
     151
     143
     168
     143
     172
     139
     142
     157
     171
     157
     161
     139
     171
     171
     137
     177
     157
     158
     168
     158
     132
     154
     165
     164
     161
     135
     166
     176
     169
     140
     170
     172
     148
     173
     143
     138
     163
     161
     163
     154
     162
     157
     159
     171
     176
     172
     170
     179
     183
     237
     228
     174
     146
     161
     150
     171
     156
     152
     155
     177
     147
     159
     186
     168
     145
     178
     157
     176
     168
     175
     162
     185
     153
     172
     180
     162
     167
     153
     165
     146
     178
     207
     255
     272
     208
     154
     168
     165
     160
     188
     179
     161
     159
     148
     155
     146
     110
     133
     135
     133
     139
     122
     121
     122
     117
     124
     120
     109
     137
     117
     104
     136
     123
     126
     114
     110
     125
     123
      97
     104
     104
     129
     107
      98
     116
     120
     113
     103
     110
     115
     130
     103
     109
     106
     119
     106
     129
     105
     105
     100
      85
     107
     112
     122
     116
      94
      73
     104
     108
     101
      88
     107
     115
     109
     105
      94
     116
     114
     121
      82
     104
      97
     101
      88
      80
     101
     108
     104
      99
     103
      98
      89
      87
      80
      94
     102
     102
      87
     106
      76
      95
      99
      87
     103
     102
     106
      82
     100
      89
      88
      83
      82
      86
      85
      67
      88
      73
      85
      67
      99
      90
      71
      69
      93
      87
      85
      85
      75
      86
      85
      90
      81
      87
      70
      73
      77
      70
      90
      82
      80
      85
      72
      88
      94
      87
     103
     121
     100
      80
      84
      87
      89
      96
      86
      69
      63
      88
      77
      90
      82
      73
      75
      73
      62
      88
      70
      87
      76
      81
      84
      84
      74
      67
      69
      70
      88
      67
      85
      60
      86
      63
      64
      83
      77
      72
      72
      70
      82
      79
      62
      91
      75
      68
      71
      86
      76
      81
      68
      66
      75
      69
      86
      71
      94
      70
      80
      74
      75
      75
      71
      72
      74
      77
      73
      84
      88
      73
      68
      73
      58
      64
      81
      86
      77
      65
      81
      79
      83
      82
      66
      64
      95
      65
      65
      72
      64
      82
      91
      72
      81
      66
      65
      73
      65
      74
      86
      73
      64
      81
      65
      67
      80
      97
      91
     181
     610
    2033
    2891
    1396
     218
      69
      78
      46
      52
      68
      60
      65
      56
      55
      63
      50
      47
      54
      54
      66
      46
      41
      55
      59
      68
      68
      63
      54
      57
      49
      51
      51
      66
      58
      51
      70
      59
      60
      69
      63
      57
      56
      62
      53
      60
      59
      50
      50
      56
      49
      64
      53
      65
      52
      53
      54
      48
      54
      58
      47
      59
      56
      64
      68
      61
      66
      73
      56
      67
      61
      60
      49
      52
      56
      50
      56
      65
      61
      59
      54
      60
      54
      47
      46
      45
      61
      44
      51
      58
      60
      51
      68
      63
      57
      44
      46
      61
      73
      56
      42
      60
      40
      50
      50
      61
      53
      47
      58
      51
      51
      53
      41
      47
      59
      48
      45
      63
      41
      51
      56
      51
      51
      56
      54
      67
      56
      69
      83
     113
     137
      62
      55
      45
      47
      61
      36
      58
      52
      42
      53
      49
      57
      58
      61
      40
      52
      55
      52
      39
      55
      47
      48
      44
      39
      45
      60
      36
      45
      53
      45
      58
      44
      53
      53
      47
      60
      53
      51
      42
      48
      50
      44
      38
      50
      35
      53
      68
      42
      55
      48
      49
      52
      66
      38
      48
      53
      49
      34
      35
      61
      46
      48
      49
      52
      52
      56
      49
      47
      50
      60
      75
      81
     109
      53
      39
      44
      55
      54
      31
      46
      64
      47
      49
      34
      49
      34
      51
      37
      48
      30
      46
      36
      53
      41
      37
      48
      40
      48
      39
      43
      32
      56
      27
      42
      34
      43
      51
      45
      45
      41
      51
      43
      61
      46
      44
      32
      37
      49
      48
      37
      43
      35
      44
      41
      39
      49
      34
      55
      39
      44
      39
      42
      25
      44
      42
      47
      42
      53
      42
      35
      49
      38
      40
      52
      51
      42
      48
      39
      40
      40
      30
      48
      41
      39
      34
      44
      34
      39
      45
      37
      50
      41
      41
      43
      40
      37
      32
      33
      40
      37
      34
      40
      41
      44
      47
      41
      46
      35
      34
      45
      38
      40
      44
      33
      41
      39
      44
      47
      61
      36
      46
      38
      49
      41
      40
      50
      39
      39
      35
      46
      46
      38
      38
      52
      41
      41
      35
      36
      29
      36
      38
      35
      43
      40
      37
      37
      47
      57
      33
      29
      30
      34
      27
      43
      42
      32
      32
      45
      48
      42
      28
      35
      48
      44
      28
      34
      40
      38
      27
      34
      44
      48
      44
      35
      36
      36
      41
      34
      39
      35
      49
      31
      55
      39
      41
      41
      43
      33
      29
      37
      41
      55
      82
      72
      42
      40
      36
      43
      38
      42
      33
      33
      41
      40
      31
      39
      43
      33
      40
      39
      33
      44
      25
      36
      37
      43
      33
      33
      45
      36
      36
      43
      39
      38
      36
      31
      35
      35
      41
      43
      46
      39
      30
      35
      33
      48
      51
      31
      31
      48
      25
      40
      41
      40
      39
      44
      37
      40
      37
      38
      43
      39
      32
      27
      39
      38
      40
      33
      41
      58
      44
      42
      48
      33
      29
      36
      40
      27
      50
      39
      42
      39
      38
      31
      34
      42
      28
      43
      41
      27
      32
      37
      35
      37
      37
      36
      30
      34
      40
      19
      28
      45
      40
      39
      44
      48
      34
      37
      41
      43
      43
      35
      33
      41
      40
      29
      34
      43
      38
      29
      38
      28
      36
      30
      29
      41
      31
      42
      37
      43
      39
      29
      33
      33
      29
      34
      46
      29
      29
      39
      42
      43
      31
      34
      29
      32
      35
      30
      38
      34
      50
      45
      52
      34
      33
      37
      25
      33
      24
      33
      33
      35
      41
      28
      25
      35
      31
      37
      29
      27
      30
      25
      32
      25
      34
      27
      30
      28
      38
      31
      46
      25
      20
      26
      22
      21
      34
      23
      28
      27
      30
      26
      34
      29
      31
      28
      36
      27
      38
      19
      29
      27
      23
      27
      22
      28
      29
      16
      31
      23
      23
      26
      22
      30
      26
      22
      30
      22
      20
      23
      19
      22
      36
      31
      35
      30
      29
      20
      35
      25
      14
      23
      18
      26
      23
      23
      24
      26
      19
      14
      22
      28
      15
      32
      26
      22
      26
      27
      25
      22
      23
      30
      17
      28
      28
      34
      16
      20
      22
      17
      27
      13
      13
      19
      20
      21
      28
      28
      21
      30
      41
      52
      27
      20
      17
      14
      20
      25
      21
      20
      18
      13
      16
      17
      17
      22
      20
      18
      22
      21
      15
      21
      12
      19
      20
      22
      15
      17
      17
      19
      20
      26
      28
      22
      26
      17
      22
      20
      15
      24
      20
      17
      28
      23
      21
      19
      18
      19
       9
      20
      19
      22
      30
      19
      23
      26
      19
      25
      20
      32
      23
      16
      14
      25
      14
      16
      24
      13
      22
      22
      16
      18
      12
      13
      21
      18
      23
      20
      18
      13
      17
      20
      26
      12
      19
      24
      18
      19
      18
      16
      20
      22
       8
      25
      20
      20
      20
      22
      19
      15
      24
      15
      12
      11
      14
      11
      14
      11
      20
      18
      25
      18
      14
      23
      18
      14
      17
      13
      13
      15
      26
      15
      11
      20
      17
      18
      20
      15
      13
      15
      21
      17
      13
      15
      15
      16
      18
      18
      19
      22
      16
      11
      24
      17
      17
      16
      22
      15
      19
      22
      20
      14
      23
      14
      11
      20
      27
      26
      38
      77
     152
     327
     419
     330
     143
      34
       9
      13
      18
      12
      10
      15
      13
      13
      12
       8
       9
      13
       6
       8
      10
      17
      13
       9
       8
      15
      15
      11
       5
      17
       8
       6
       8
       9
       9
      12
      12
      11
      21
       9
       8
       7
      13
      10
      13
      12
      13
      23
       7
       7
       8
       9
      10
      12
      12
      18
      14
      18
      11
      14
      11
      13
      21
      13
      13
      10
      13
      12
      10
      10
       9
       8
       9
      10
      11
       6
      14
      12
       4
       8
       8
       9
      16
      14
       7
       9
       7
      11
      11
      12
      11
      13
       9
      15
       5
      18
      11
      12
       8
      10
      11
       9
       9
       9
      13
      11
      12
      16
       7
      14
       7
      10
       8
      10
       7
       9
      13
      13
       6
      10
      12
      11
      12
       8
       9
       8
      10
       8
      13
      13
      11
       2
       9
       9
       8
      12
      10
      11
      10
       6
      11
      10
       9
      13
      14
      10
      17
      10
      12
       7
      14
      11
      15
       7
       7
      13
      10
      12
       7
      18
      10
      20
      27
      18
      20
      18
      19
      21
      32
      22
      16
       6
      11
       7
      10
       0
       0
       0
       0
       0
       0
       0
       0
       0
       0
       0
       0
       0
       0
       0
       0
       0
       0
       0
       0
       0
       0
       0
       0
       0
       0
       0
       0
       0
       0
       0
       0
$ROI:
0
$PRESETS:
None
0
0
$ENER_FIT:
-10.025118 0.801508
$MCA_CAL:
3
-1.002512E+001 8.015075E-001 0.000000E+000 keV
$SHAPE_CAL:
3
0.000000E+000 0.000000E+000 0.000000E+000
