$SPEC_ID:
No sample description was entered.
$SPEC_REM:
DET# 2
DETDESC# ALPHA COUNTER
AP# Maestro Version 7.01
$DATE_MEA:
04/07/2018 12:44:13
$MEAS_TIM:
184450 184479
$DATA:
0 2047
       0
       0
       0
       0
       0
       0
       0
       0
       0
       0
       0
       0
       0
       0
       0
       0
       0
       0
       0
       0
       0
       0
       0
     123
    2767
    2708
    2644
    2648
    2570
    2449
    2579
    2537
    2458
    2362
    2375
    2250
    2264
    2215
    2188
    2286
    2102
    2084
    2174
    2118
    2137
    2058
    2064
    2055
    1987
    1993
    1972
    1941
    1901
    1978
    1885
    1831
    1840
    1833
    1915
    1840
    1805
    1838
    1865
    1722
    1782
    1884
    1786
    1821
    1840
    1872
    1768
    1808
    1748
    1824
    1866
    1907
    1873
    1834
    1885
    2111
    1910
    1863
    1954
    1886
    1942
    1881
    1858
    1864
    1958
    1926
    2318
    3830
    2134
    3337
    5051
    1910
    1848
    1728
    1714
    1718
    1713
    1672
    1746
    1687
    1831
    2368
    3641
    2351
    1712
    2146
    1909
    1555
    1643
    1705
    1593
    1699
    2325
    1955
    1603
    1626
    1528
    1472
    1519
    1575
    1554
    1589
    1574
    1619
    1510
    1526
    1577
    1651
    1604
    1650
    1580
    1596
    1633
    1749
    1530
    1601
    1593
    1655
    1607
    1554
    1611
    1629
    1562
    1540
    1511
    1558
    1510
    1596
    1680
    1558
    1577
    1631
    1584
    1661
    1539
    1571
    1532
    1606
    1535
    1540
    1588
    1556
    1573
    1608
    1611
    1523
    1627
    1489
    1518
    1634
    1475
    1516
    1477
    1561
    1568
    1529
    1929
    2156
    1558
    1535
    1437
    1509
    1397
    1508
    1521
    1456
    1447
    1398
    1484
    1363
    1476
    1405
    1476
    1328
    1446
    1350
    1377
    1393
    1433
    1374
    1440
    1596
    1562
    1345
    1342
    1360
    1381
    1385
    1329
    1389
    1394
    1305
    1300
    1322
    1332
    1346
    1324
    1293
    1328
    1291
    1295
    1393
    1303
    1334
    1348
    1307
    1221
    1333
    1332
    3342
    4358
    1413
    1246
    1169
    1157
    1254
    1177
    1168
    1196
    1176
    1198
    1224
    1227
    1167
    1215
    1183
    1179
    1090
    1174
    1162
    1278
    1247
    1140
    1156
    1403
    1327
    1167
    1096
    1065
    1146
    1174
    1106
    1054
    1130
    1003
    1053
    1061
    1123
    1012
    1014
    1025
    1019
    1047
    1042
    1081
    1012
     981
     944
    1034
     950
     981
     955
     957
     996
     940
     965
     909
     946
     973
     916
     979
     931
     963
     977
     936
     925
    1297
    1289
     863
     895
     949
     956
     893
     830
     773
     825
     875
     815
     839
     823
     825
     823
     841
     820
     845
     828
     785
     785
     751
     736
     804
     798
     755
     721
     773
     785
     771
     787
     782
     748
     778
     750
     734
     723
     702
     755
     794
     770
     760
     711
     741
     712
     741
     681
     750
     740
     693
     706
     651
     728
     713
     703
     717
     681
     663
     673
     706
     700
     628
     660
     657
     651
     659
     596
     619
     638
     627
     651
     797
     722
     639
     590
     604
     700
     722
     675
     666
     600
     624
     567
     602
     634
     627
     564
     609
     576
     596
     582
     582
     610
     600
     618
     616
     606
     591
     614
     614
     562
     611
     604
     597
     589
     538
     578
     578
     557
     584
     568
     616
     601
     658
     614
     620
     574
     587
     520
     632
     568
     543
     568
     517
     581
     646
     609
     518
     545
     520
     510
     514
     514
     511
     517
     522
     514
     509
     525
     501
     484
     504
     711
     746
     467
     478
     455
     475
     476
     497
     501
     454
     439
     445
     444
     443
     445
     482
     451
     450
     446
     462
     449
     454
     423
     441
     452
     460
     464
     494
     419
     429
     447
     460
     474
     447
     465
     408
     437
     425
     429
     407
     419
     418
     413
     396
     393
     419
     424
     448
     431
     423
     415
     383
     417
     424
     388
     438
     403
     422
     406
     415
     423
     449
     379
     371
     380
     413
     369
     417
     378
     359
     421
     386
     397
     397
     388
     392
     409
     366
     410
     385
     400
     410
     389
     378
     346
     394
     369
     364
     401
     328
     364
     383
     382
     363
     363
     359
     371
     342
     356
     349
     370
     346
     379
     381
     437
     385
     368
     379
     342
     374
     390
     383
     399
     353
     337
     349
     369
     338
     372
     346
     363
     376
     330
     350
     327
     332
     340
     352
     353
     338
     341
     357
     306
     351
     367
     344
     336
     326
     327
     406
     380
     350
     353
     349
     356
     340
     333
     320
     355
     315
     315
     296
     354
     334
     302
     345
     316
     313
     342
     341
     341
     329
     292
     326
     322
     331
     312
     321
     280
     297
     316
     292
     315
     295
     331
     323
     290
     358
     296
     334
     320
     310
     362
     307
     347
     328
     245
     294
     319
     312
     314
     346
     332
     315
     320
     333
     350
     444
     565
     854
    1507
    2023
    1944
    1348
     780
     480
     369
     333
     312
     322
     281
     297
     293
     308
     299
     286
     290
     285
     277
     284
     267
     286
     279
     276
     306
     286
     279
     279
     297
     316
     288
     309
     275
     309
     298
     310
     288
     318
     276
     254
     284
     317
     290
     301
     233
     268
     279
     287
     300
     299
     308
     292
     318
     308
     287
     264
     275
     315
     276
     323
     286
     306
     268
     276
     303
     291
     296
     291
     298
     308
     298
     285
     291
     286
     287
     299
     316
     312
     287
     301
     293
     291
     306
     290
     312
     321
     298
     303
     317
     298
     330
     353
     437
     469
     304
     300
     312
     283
     279
     290
     312
     297
     314
     284
     326
     334
     292
     321
     327
     323
     274
     307
     335
     322
     308
     313
     316
     302
     296
     301
     266
     319
     295
     333
     359
     481
     546
     338
     337
     298
     306
     303
     360
     310
     272
     260
     279
     278
     256
     235
     222
     237
     250
     235
     237
     248
     246
     253
     238
     221
     200
     223
     225
     233
     206
     224
     200
     218
     186
     208
     251
     238
     212
     227
     234
     238
     194
     236
     207
     207
     213
     198
     226
     201
     213
     196
     206
     211
     219
     197
     205
     212
     188
     198
     196
     219
     224
     183
     206
     191
     189
     187
     201
     216
     199
     200
     209
     221
     194
     204
     173
     199
     172
     188
     188
     164
     181
     202
     179
     183
     201
     156
     158
     167
     164
     217
     188
     173
     181
     196
     166
     194
     164
     183
     164
     138
     184
     151
     200
     202
     187
     187
     154
     173
     177
     161
     178
     168
     172
     187
     185
     170
     179
     155
     152
     160
     179
     149
     170
     170
     149
     178
     195
     167
     161
     154
     161
     161
     154
     156
     165
     164
     157
     139
     154
     130
     160
     161
     198
     185
     160
     175
     148
     173
     161
     196
     180
     156
     144
     167
     175
     136
     129
     139
     140
     148
     141
     154
     150
     139
     158
     146
     155
     165
     134
     144
     138
     145
     151
     150
     148
     142
     170
     142
     129
     164
     158
     124
     157
     156
     141
     140
     139
     139
     132
     142
     136
     142
     159
     127
     133
     155
     127
     130
     142
     149
     171
     153
     135
     162
     131
     140
     155
     139
     134
     110
     159
     142
     138
     134
     131
     155
     121
     140
     135
     149
     113
     133
     141
     141
     147
     138
     127
     115
     141
     108
     129
     158
     123
     165
     157
     157
     139
     136
     139
     145
     147
     128
     147
     151
     109
     126
     150
     143
     157
     155
     169
     334
     977
    3404
    5154
    2537
     407
     122
     119
     113
     112
     105
     125
      93
     118
     111
      99
     105
     108
      98
     101
      97
     111
     118
     105
     116
     113
     111
     103
     116
     126
     108
     117
     105
     105
     113
     108
     107
     116
     113
      99
     110
     107
     108
      94
     117
     117
     102
     107
     131
      99
     105
     127
     107
      95
     115
     116
     112
     103
     112
      97
     106
     105
      88
     103
      90
     129
     133
     126
     122
     122
     136
     139
     114
     103
      95
     103
      90
     100
     104
     110
      92
      83
     108
      97
      92
      90
      93
      94
     123
      93
      88
     111
     100
      98
      99
      92
     117
      95
      98
      93
     103
     108
     103
      90
     103
      98
     111
      97
      94
     116
      87
      97
      86
     110
      91
     116
      87
      95
     100
      92
     115
      85
      92
     108
      88
      92
      99
     100
     144
     202
     193
     157
     121
     103
     104
      86
      99
      93
     104
     103
      81
      92
      98
      87
     100
      98
      92
      95
     101
      97
      90
      79
      98
      95
      82
      79
      98
      99
      99
      99
      92
      90
      72
      88
     103
     100
      85
      96
      91
      85
      95
     100
     121
      96
      78
      99
      84
      77
     105
      92
      93
      80
      80
      89
      89
      72
      96
      85
     105
     102
      98
      83
      93
      97
      92
      98
     103
     128
     112
      95
      94
     117
     171
     150
     109
      83
      87
      73
      88
      92
      99
      72
      88
      81
      92
      81
      77
      78
      82
      85
     100
      80
      82
     101
      86
      78
      83
      88
      76
      90
      82
      77
      84
      79
      79
      90
      66
      73
      80
      78
      73
      96
      94
      98
      96
      63
      79
      78
      90
      79
      89
      87
      77
      84
      69
      81
      90
      92
      85
      90
      82
      65
      75
      85
      91
      78
      85
      89
      64
      84
      69
      84
      80
      68
      89
      65
      98
      93
      81
      97
      87
      71
      76
      78
     102
      88
      80
      76
      91
      64
      70
      76
      87
      79
      71
      79
      71
      63
      84
      61
      67
      70
      77
      65
      80
      80
      81
      65
      68
      62
      82
      90
      73
      73
      78
      72
      79
      77
      84
      59
      80
      65
      82
      79
      76
      70
      65
      71
      72
      73
      77
      84
      69
      85
      72
      71
      74
      87
      73
      85
      91
      79
      61
      72
      80
      69
      68
      75
      67
      75
      76
      80
      73
      74
      66
      89
      57
      80
      83
      67
      80
      99
      75
      87
      83
      77
      83
      73
      58
      81
      53
      67
      70
      78
      92
      77
      66
      85
      80
      89
      74
      72
      76
      86
      67
      68
      89
      80
      84
      66
      71
      67
     107
     160
     148
     115
      83
      75
      76
      82
      63
      67
      73
      66
      73
      68
      71
      64
      66
      66
      76
      73
      85
      76
      83
      67
      71
      59
      68
      56
      75
      90
      69
      60
      75
      68
      85
      83
      72
      72
      65
      64
      60
      71
      65
      64
      67
      88
      86
      86
      65
      70
      65
      85
      56
      74
      66
      59
      70
      62
      79
      65
      73
      69
      88
      66
      68
      83
      85
      95
     109
     104
      79
      70
      59
      67
      71
      70
      88
      75
      74
      74
      71
      73
      86
      71
      68
      59
      74
      71
      55
      69
      61
      55
      81
      82
      62
      80
      69
      59
      71
      73
      68
      85
      81
      75
      69
      69
      57
      65
      69
      52
      70
      63
      89
      81
      68
      71
      62
      79
      66
      84
      68
      78
      78
      80
      56
      70
      57
      52
      71
      73
      62
      70
      58
      74
      74
      65
      68
      88
      72
      62
      83
      54
      65
      68
      69
      63
      74
      71
      52
      94
      71
      99
      62
      49
      71
      70
      69
      63
      48
      66
      68
      68
      53
      46
      56
      64
      61
      51
      56
      55
      65
      60
      67
      52
      44
      50
      49
      66
      55
      54
      59
      46
      59
      59
      52
      58
      46
      51
      60
      56
      57
      46
      52
      66
      58
      46
      57
      48
      52
      51
      41
      48
      60
      47
      65
      65
      55
      56
      51
      59
      51
      46
      49
      56
      48
      52
      41
      40
      39
      45
      53
      42
      48
      49
      36
      42
      52
      39
      47
      42
      51
      51
      46
      50
      49
      52
      41
      56
      45
      54
      51
      35
      53
      48
      41
      62
      39
      37
      47
      35
      48
      36
      48
      46
      53
      47
      50
      52
      51
      40
      44
      36
      47
      57
      44
      37
      55
      52
      76
      67
      56
      43
      37
      46
      49
      36
      32
      51
      28
      35
      45
      37
      31
      43
      42
      44
      33
      41
      39
      29
      38
      34
      27
      33
      37
      43
      31
      39
      38
      36
      32
      41
      31
      37
      41
      31
      33
      38
      33
      34
      44
      45
      30
      38
      33
      38
      38
      45
      33
      35
      29
      40
      31
      41
      40
      43
      46
      50
      49
      32
      39
      32
      36
      36
      25
      41
      33
      41
      31
      30
      26
      38
      31
      36
      33
      24
      31
      26
      35
      27
      37
      30
      32
      26
      43
      43
      46
      39
      34
      41
      38
      32
      41
      48
      52
      54
      32
      30
      44
      33
      37
      30
      34
      29
      33
      30
      40
      35
      45
      37
      26
      37
      31
      39
      34
      34
      44
      27
      36
      32
      27
      36
      42
      26
      36
      41
      28
      27
      31
      24
      35
      27
      40
      32
      32
      31
      40
      36
      42
      32
      26
      29
      37
      30
      39
      32
      38
      39
      23
      32
      34
      39
      43
      36
      39
      46
      53
      69
     143
     327
     558
     822
     613
     264
      69
      23
      29
      16
      20
      15
      18
      21
      21
      25
      25
      22
      31
      31
      20
      26
      22
      27
      28
      19
      22
      26
      26
      18
      30
      19
      25
      17
      20
      25
      18
      26
      17
      16
      28
      22
      28
      14
      15
      31
      20
      23
      23
      24
      18
      23
      24
      31
      20
      19
      33
      21
      27
      15
      22
      23
      29
      36
      34
      28
      28
      28
      27
      22
      23
      26
      18
      22
      20
      22
      20
      21
      11
      23
      29
      17
      23
      26
      21
      21
      18
      20
      23
      26
      17
      22
      25
      24
      18
      20
      27
      28
      22
      31
      22
      17
      28
      15
      16
      18
      16
      15
      23
      29
      18
      24
      17
      13
      16
      22
      14
      14
      20
      20
      12
      22
      18
      18
      15
      23
      15
      16
      16
      23
      27
      23
      12
      23
      24
      21
      18
      16
      19
      21
      19
      15
      22
      15
      20
      27
      21
      18
      21
      19
      18
      21
      19
      17
      23
      24
      22
      17
      26
      31
      20
      19
      21
      39
      36
      23
      33
      35
      58
      43
      57
      33
      21
      15
      22
      11
       0
       0
       0
       0
       0
       0
       0
       0
       0
       0
       0
       0
       0
       0
       0
       0
       0
       0
       0
       0
       0
       0
       0
       0
       0
       0
       0
       0
       0
       0
       0
       0
$ROI:
0
$PRESETS:
None
0
0
$ENER_FIT:
-10.025118 0.801508
$MCA_CAL:
3
-1.002512E+001 8.015075E-001 0.000000E+000 keV
$SHAPE_CAL:
3
0.000000E+000 0.000000E+000 0.000000E+000
