$SPEC_ID:
No sample description was entered.
$SPEC_REM:
DET# 2
DETDESC# ALPHA COUNTER
AP# Maestro Version 7.01
$DATE_MEA:
04/09/2018 16:00:30
$MEAS_TIM:
72982 72994
$DATA:
0 2047
       0
       0
       0
       0
       0
       0
       0
       0
       0
       0
       0
       0
       0
       0
       0
       0
       0
       0
       0
       0
       0
       0
       0
      59
    1073
    1076
    1012
    1027
    1095
    1005
     962
     952
     922
     951
     991
     941
     901
     859
     891
     833
     832
     806
     837
     842
     779
     815
     832
     791
     732
     742
     801
     748
     739
     699
     758
     707
     778
     749
     714
     769
     709
     723
     726
     704
     681
     692
     757
     722
     707
     691
     741
     693
     713
     696
     693
     694
     707
     703
     756
     778
     728
     719
     686
     717
     718
     781
     722
     726
     713
     773
     804
    1488
     895
    1351
    1982
     751
     737
     713
     691
     622
     613
     677
     698
     688
     680
     934
    1436
     941
     692
     870
     745
     642
     669
     693
     600
     662
     844
     790
     677
     635
     608
     589
     605
     599
     646
     639
     610
     582
     616
     597
     603
     660
     633
     620
     620
     606
     652
     640
     684
     589
     649
     623
     608
     594
     573
     638
     649
     638
     634
     602
     584
     638
     654
     622
     634
     635
     579
     618
     570
     579
     644
     654
     616
     617
     590
     608
     541
     635
     564
     602
     608
     584
     602
     568
     619
     598
     596
     666
     605
     644
     767
     847
     615
     596
     582
     603
     533
     553
     584
     606
     547
     572
     596
     563
     597
     563
     549
     514
     573
     524
     508
     533
     508
     546
     525
     639
     619
     523
     535
     498
     545
     544
     544
     559
     493
     545
     544
     505
     548
     519
     526
     508
     482
     470
     483
     469
     546
     483
     505
     501
     532
     523
     554
    1289
    1739
     535
     480
     464
     481
     484
     470
     423
     430
     431
     451
     478
     471
     452
     463
     444
     467
     460
     423
     397
     452
     438
     430
     442
     514
     485
     464
     434
     402
     450
     432
     431
     402
     419
     386
     365
     418
     375
     401
     392
     413
     405
     393
     354
     396
     356
     394
     347
     385
     358
     391
     380
     392
     383
     356
     337
     371
     375
     353
     370
     326
     349
     364
     384
     345
     369
     480
     486
     319
     382
     381
     328
     324
     356
     345
     336
     355
     289
     312
     342
     322
     302
     311
     324
     309
     301
     330
     308
     314
     308
     302
     319
     323
     316
     341
     301
     310
     268
     293
     266
     286
     267
     297
     306
     293
     276
     297
     309
     272
     258
     276
     247
     254
     262
     266
     287
     256
     260
     290
     266
     274
     264
     249
     257
     251
     247
     269
     258
     262
     254
     243
     252
     254
     239
     249
     243
     252
     289
     303
     267
     278
     229
     243
     260
     267
     261
     247
     218
     220
     244
     223
     238
     227
     258
     237
     212
     240
     236
     231
     246
     252
     207
     224
     228
     207
     224
     242
     214
     240
     235
     239
     233
     229
     221
     219
     261
     216
     238
     211
     218
     240
     219
     225
     236
     228
     207
     189
     183
     211
     218
     218
     237
     227
     222
     188
     193
     199
     214
     202
     194
     206
     191
     200
     218
     176
     198
     202
     196
     188
     250
     258
     218
     180
     179
     183
     187
     175
     206
     181
     188
     167
     178
     176
     178
     171
     179
     175
     182
     165
     196
     176
     174
     183
     176
     171
     143
     170
     142
     167
     167
     150
     152
     182
     168
     160
     179
     200
     147
     156
     154
     173
     158
     160
     166
     165
     150
     157
     184
     157
     166
     172
     147
     162
     150
     165
     152
     150
     158
     144
     151
     157
     135
     150
     167
     130
     135
     145
     136
     116
     137
     144
     156
     169
     156
     158
     169
     134
     141
     149
     142
     144
     140
     137
     146
     151
     133
     161
     145
     145
     125
     138
     136
     138
     146
     134
     156
     151
     160
     125
     146
     131
     144
     149
     171
     153
     160
     131
     132
     142
     150
     157
     135
     136
     131
     132
     126
     140
     137
     126
     121
     114
     125
     136
     117
     138
     124
     135
     139
     123
     146
     115
     118
     141
     132
     131
     161
     131
     140
     137
     140
     147
     113
     145
     119
     132
     121
     146
     130
     110
     120
     132
     118
     145
     127
     109
     135
     115
     123
     132
     113
     132
     122
     123
     128
     114
     118
     111
     120
     125
     119
     125
     108
     142
     130
     125
     127
     124
     115
     132
     124
     133
     117
     130
     140
     133
     116
     128
     120
     118
     121
     106
     123
     134
     130
     131
     136
     170
     201
     328
     567
     761
     723
     532
     289
     176
     147
     134
     133
     108
     126
     108
     107
     124
     116
     128
     122
     106
     113
     116
     117
     119
     102
     111
     104
     104
     102
      98
     115
     111
     119
     115
     118
     111
     111
     127
     106
     110
     104
     110
     120
     108
     108
     112
     118
     104
      97
     121
      91
     121
     119
     119
      94
     106
     108
     116
     115
     111
     123
     106
     111
     105
     104
     116
      98
     132
     116
     106
     119
     114
     114
     131
     127
     104
     100
     124
     114
     126
     120
     114
     104
     104
     139
     112
      97
     114
     116
     123
     115
     110
     113
     105
     180
     175
     111
      99
     113
     109
     114
     106
     128
     112
     104
      99
      98
     121
     104
     116
     114
     108
     117
     118
     108
     115
     108
     124
     116
     126
     112
     119
     128
     112
     101
     125
     140
     193
     198
     136
     108
     100
     119
     126
     142
     118
     101
     103
     112
      86
      92
      82
      96
      96
      85
      97
     104
      70
      88
      89
      94
      91
      78
      81
      79
      82
      84
     102
      89
      87
      82
      65
      83
      71
      87
     101
      82
      83
      95
      90
      99
      79
      81
      73
      96
      85
      77
      78
      90
      87
      84
      70
      70
      68
      74
      73
      58
      71
      77
      65
      79
      70
      83
      80
      84
      84
      67
      74
      84
      74
      66
      80
      78
      85
      64
      78
      60
      66
      64
      75
      65
      70
      65
      83
      67
      64
      68
      65
      63
      74
      65
      83
      64
      70
      73
      69
      54
      60
      62
      52
      80
      70
      58
      78
      65
      61
      70
      65
      65
      75
      79
      63
      63
      57
      72
      66
      73
      74
      67
      57
      69
      67
      65
      60
      54
      54
      74
      68
      62
      58
      70
      62
      53
      58
      63
      55
      59
      67
      55
      70
      81
      70
      66
      53
      67
      58
      85
      72
      60
      66
      61
      60
      68
      52
      54
      53
      53
      54
      51
      66
      50
      65
      40
      67
      67
      66
      57
      76
      54
      60
      56
      49
      78
      44
      62
      64
      56
      56
      64
      56
      57
      51
      65
      73
      52
      68
      46
      57
      54
      44
      48
      47
      61
      58
      60
      59
      62
      53
      55
      58
      58
      47
      63
      50
      63
      35
      39
      50
      55
      59
      53
      45
      51
      58
      60
      65
      48
      53
      64
      65
      77
      53
      54
      65
      40
      53
      48
      55
      50
      46
      46
      72
      61
      44
      57
      37
      56
      53
      60
      56
      51
      47
      47
      52
      52
      69
      60
      48
      77
     128
     394
    1173
    1780
     901
     168
      35
      44
      29
      42
      44
      33
      45
      40
      35
      55
      42
      48
      43
      34
      37
      41
      39
      44
      44
      49
      35
      44
      49
      51
      34
      52
      42
      45
      40
      43
      41
      48
      54
      39
      43
      42
      42
      56
      42
      45
      38
      46
      40
      49
      44
      38
      42
      39
      36
      54
      45
      51
      38
      44
      36
      45
      46
      48
      38
      49
      52
      42
      37
      43
      56
      43
      49
      46
      41
      39
      36
      35
      54
      27
      34
      35
      35
      38
      54
      28
      40
      44
      42
      37
      43
      41
      44
      50
      39
      37
      49
      33
      48
      38
      38
      34
      39
      42
      37
      40
      42
      55
      39
      46
      43
      51
      39
      42
      38
      45
      41
      39
      40
      43
      51
      42
      54
      40
      45
      43
      43
      35
      54
      69
      77
      54
      43
      38
      47
      31
      34
      44
      39
      39
      34
      45
      44
      29
      38
      37
      41
      61
      38
      30
      34
      36
      34
      35
      33
      31
      41
      40
      40
      48
      47
      43
      44
      36
      35
      42
      38
      32
      36
      35
      30
      47
      51
      40
      46
      35
      40
      52
      44
      38
      44
      40
      37
      31
      30
      22
      44
      42
      35
      34
      33
      40
      32
      35
      29
      37
      40
      45
      34
      48
      40
      45
      64
      64
      55
      43
      37
      36
      25
      39
      24
      41
      37
      41
      29
      35
      22
      32
      37
      25
      43
      23
      30
      42
      28
      36
      35
      26
      29
      30
      25
      35
      30
      35
      24
      38
      36
      31
      36
      41
      27
      30
      43
      35
      36
      26
      32
      22
      45
      38
      34
      29
      29
      35
      43
      46
      38
      24
      40
      36
      37
      24
      29
      29
      43
      29
      26
      26
      29
      32
      29
      28
      30
      26
      39
      40
      34
      24
      33
      33
      31
      36
      30
      35
      26
      32
      34
      23
      30
      32
      24
      31
      31
      27
      27
      35
      25
      31
      42
      36
      23
      25
      26
      40
      34
      26
      40
      21
      44
      27
      44
      32
      35
      26
      34
      36
      23
      32
      29
      31
      36
      35
      40
      26
      36
      23
      31
      39
      23
      27
      28
      31
      21
      30
      29
      32
      26
      38
      31
      32
      26
      33
      30
      35
      31
      29
      39
      27
      36
      28
      49
      30
      35
      22
      28
      33
      34
      34
      36
      32
      22
      33
      16
      29
      37
      28
      28
      29
      27
      35
      22
      23
      39
      31
      34
      31
      28
      25
      25
      33
      30
      34
      31
      36
      48
      33
      29
      29
      29
      21
      31
      33
      48
      52
      55
      37
      29
      21
      16
      23
      30
      24
      28
      23
      26
      21
      32
      32
      33
      20
      23
      26
      22
      29
      35
      26
      24
      28
      29
      27
      24
      22
      22
      24
      24
      23
      27
      20
      23
      34
      23
      28
      30
      26
      29
      30
      34
      34
      34
      45
      33
      23
      28
      20
      33
      32
      24
      21
      30
      32
      23
      39
      33
      32
      23
      29
      29
      37
      36
      39
      45
      50
      36
      25
      40
      30
      29
      28
      32
      33
      30
      25
      26
      31
      35
      33
      28
      25
      31
      23
      25
      31
      40
      26
      27
      32
      37
      29
      21
      29
      27
      21
      21
      26
      29
      22
      35
      25
      35
      29
      21
      30
      25
      26
      24
      24
      28
      31
      26
      28
      29
      23
      33
      26
      33
      32
      41
      27
      37
      31
      31
      32
      31
      19
      30
      27
      26
      21
      21
      26
      28
      28
      34
      30
      34
      31
      16
      28
      23
      28
      29
      33
      34
      44
      24
      23
      25
      23
      22
      21
      26
      15
      21
      30
      28
      28
      22
      33
      35
      19
      18
      25
      19
      16
      18
      23
      20
      24
      19
      16
      23
      16
      19
      17
      21
      24
      20
      13
      19
      16
      21
      21
      13
      17
      22
      23
      16
      18
      22
      15
      16
      14
      18
      21
      16
      24
      30
      29
      23
      21
      25
      17
      22
      16
      15
      20
      18
      18
      16
      22
      16
      18
      22
      19
      21
      20
      19
      23
      20
      22
      22
      18
      20
      16
      16
      16
      13
      19
      13
      22
      19
      31
      23
      19
      16
      12
      18
      16
      22
      15
      24
      15
      23
      17
      14
      21
      28
      16
      28
      15
      16
      21
      18
      20
      14
      23
      14
      15
      16
      20
      28
      26
      32
      22
      15
      23
      13
       4
      18
      17
      15
      14
      13
      21
      10
      14
      15
      17
      15
      15
       8
      17
      14
      20
      23
      11
      13
      16
      14
      17
      12
      14
      13
      15
      17
       7
      18
      16
      13
      15
       8
      12
      18
      11
      11
      18
      16
       9
      16
      14
      19
      13
      16
      13
      15
      16
      15
      19
      24
      20
      25
      12
      12
      11
      17
      10
      13
       9
      16
      17
      14
      14
      15
      11
      17
       9
      14
      11
      18
      15
      13
       7
       6
      16
      12
      16
      20
       9
      14
      17
      19
      11
      14
      12
      13
      26
      19
      25
       8
      21
      11
      18
      11
      17
      14
      15
       9
      16
      11
      10
      20
      14
      13
      11
      10
      10
      13
      16
       7
      13
      13
      13
      12
       7
      13
      16
       9
      10
      11
      11
      11
      17
      13
      16
      18
      14
      14
      12
      15
      13
      11
      15
      16
      14
      17
       9
      12
      11
      10
       9
      12
      10
      12
      12
      11
      15
      18
      12
      14
      39
      48
     120
     198
     308
     240
     111
      23
      11
       9
       7
       8
      12
      17
      13
       8
       8
       7
      10
       7
       7
      13
       8
      13
      11
       5
       5
       5
      11
       9
       5
       8
       9
       3
      10
      14
       3
       9
       5
       5
       7
       5
       5
      12
      15
       6
       8
       5
       8
       6
       7
       6
      10
      10
       9
       9
       6
       7
      10
      13
       6
      11
       9
      12
      11
       6
       6
      13
      11
      10
      10
      11
       9
       8
       9
       6
      11
       7
       8
       4
       8
      12
      11
       7
      12
       7
       9
       6
       8
       9
       6
       4
      12
       8
      12
      11
       5
      14
      12
       7
       7
       6
       8
      14
       4
      12
       8
       9
      11
       9
       6
      14
      10
      12
       7
      11
       4
       6
      11
       9
       6
      11
       5
       8
       4
       7
       5
       9
      10
       3
       6
       6
      13
       6
      15
       5
      10
       7
       2
       6
      11
       3
       2
       9
       4
       7
       6
      11
       7
      14
       6
       8
       8
       6
       7
       6
       8
       5
      15
       8
       8
       5
      10
      10
       8
      13
      10
      14
      21
      22
      16
      22
      10
       7
       8
       4
      11
       0
       0
       0
       0
       0
       0
       0
       0
       0
       0
       0
       0
       0
       0
       0
       0
       0
       0
       0
       0
       0
       0
       0
       0
       0
       0
       0
       0
       0
       0
       0
       0
$ROI:
0
$PRESETS:
None
0
0
$ENER_FIT:
-10.025118 0.801508
$MCA_CAL:
3
-1.002512E+001 8.015075E-001 0.000000E+000 keV
$SHAPE_CAL:
3
0.000000E+000 0.000000E+000 0.000000E+000
