$SPEC_ID:
No sample description was entered.
$SPEC_REM:
DET# 2
DETDESC# ALPHA COUNTER
AP# Maestro Version 7.01
$DATE_MEA:
04/05/2018 15:37:34
$MEAS_TIM:
15635 15656
$DATA:
0 2047
       0
       0
       0
       0
       0
       0
       0
       0
       0
       0
       0
       0
       0
       0
       0
       0
       0
       0
       0
       0
       0
       0
       0
      72
    1715
    1716
    1694
    1666
    1713
    1619
    1602
    1541
    1560
    1532
    1567
    1542
    1463
    1428
    1494
    1398
    1513
    1465
    1393
    1423
    1470
    1455
    1475
    1346
    1437
    1368
    1347
    1363
    1342
    1335
    1337
    1322
    1333
    1276
    1371
    1220
    1260
    1227
    1207
    1273
    1303
    1220
    1245
    1236
    1265
    1201
    1245
    1270
    1256
    1237
    1242
    1215
    1256
    1200
    1282
    1231
    1263
    1272
    1296
    1259
    1265
    1298
    1235
    1226
    1307
    1273
    1351
    2581
    1677
    1748
    3743
    1569
    1149
    1266
    1174
    1208
    1155
    1195
    1159
    1235
    1221
    1367
    2173
    1891
    1174
    1383
    1553
    1166
    1160
    1123
    1094
    1145
    1130
    1213
    1158
    1119
    1111
    1125
    1112
    1209
    1057
    1214
    1134
    1129
    1143
    1105
    1173
    1132
    1125
    1093
    1136
    1125
    1100
    1164
    1124
    1110
    1147
    1126
    1135
    1189
    1132
    1082
    1141
    1204
    1191
    1152
    1222
    1149
    1158
    1256
    1117
    1189
    1130
    1173
    1214
    1180
    1234
    1207
    1177
    1223
    1262
    1220
    1282
    1231
    1236
    1292
    1287
    1264
    1261
    1406
    3211
    2095
    1277
    1320
    1367
    1294
    1388
    1453
    1533
    1704
    1805
    1992
    1939
    2000
    1996
    1884
    1896
    1859
    1794
    1771
    1816
    1803
    1764
    1751
    1751
    1757
    1678
    1695
    1639
    1676
    1738
    1702
    1613
    1618
    1637
    1640
    1527
    1576
    1560
    1583
    1450
    1516
    1567
    1510
    1524
    1539
    1505
    1494
    1470
    1535
    1534
    1499
    1478
    1406
    1499
    1381
    1448
    1517
    1455
    1517
    1722
    1573
    1414
    1407
    1373
    1351
    1279
    1220
    1223
    1123
     990
     995
     965
     973
     956
     919
     868
     845
     904
     884
     861
     865
     859
     789
     800
     834
     809
     782
     718
     807
     756
     743
     770
     758
     720
     747
     722
     734
     735
     722
     711
     717
     673
     691
     725
     648
     658
     652
     710
     701
     627
     665
     660
     654
     651
     605
     602
     622
     600
     632
     640
     606
     583
     575
     618
     553
     541
     620
     582
     528
     559
     524
     562
     512
     520
     528
     515
     519
     536
     509
     486
     497
     506
     482
     436
     509
     546
     487
     506
     457
     468
     473
     450
     460
     441
     468
     438
     431
     477
     423
     397
     426
     431
     393
     379
     447
     371
     420
     390
     410
     414
     393
     417
     402
     423
     374
     423
     404
     448
     394
     364
     397
     419
     404
     368
     368
     386
     384
     368
     397
     381
     364
     350
     374
     378
     328
     346
     375
     371
     372
     365
     384
     395
     347
     374
     360
     377
     344
     379
     374
     389
     361
     310
     362
     358
     361
     348
     341
     386
     373
     343
     323
     360
     379
     305
     322
     371
     358
     337
     363
     333
     343
     319
     350
     377
     338
     414
     341
     368
     378
     328
     364
     356
     378
     407
     413
     448
     487
     701
    3132
   32209
   64573
   12491
     289
     177
     143
     134
     140
     134
     132
     117
     124
     125
     138
     121
     140
     147
     130
     153
     133
     122
     146
     140
     116
     173
     264
     188
     134
     126
     120
     129
     149
     141
     135
     132
     142
     130
     125
     140
     117
     132
     130
     125
     123
     151
     101
     123
     142
     125
     128
     120
     122
     131
     119
     103
     134
     126
     129
     114
     106
     104
     120
     119
     124
     125
     140
     113
     135
     131
     185
     885
    2079
     736
     134
     103
     101
     117
      86
     109
     149
     107
     132
     113
     126
     133
     106
     111
     142
     102
      91
     128
     108
     127
     108
     109
     121
     134
     112
     105
     112
     116
     345
    2030
    3947
    1148
     150
     114
     102
     105
     124
      99
     108
      94
      95
     109
      94
      95
      97
     108
      93
      96
     103
     104
     103
     106
     106
      99
     103
     104
     114
      89
      99
     103
     112
      93
      90
     108
      94
      99
      90
     101
     104
     119
      79
      90
      93
      91
      82
      82
     103
     105
      93
      89
      98
      82
      97
      75
      95
     102
      91
     105
     176
     159
      99
     104
     102
      94
      90
      91
      94
      97
      96
      88
      91
      96
     116
      84
      95
      79
      84
      90
      87
      85
      77
      89
      88
      87
     101
     100
     108
      93
      79
     100
      95
      84
      85
      92
      78
     105
      93
      80
      93
      73
      98
     105
     152
      99
      87
      80
      91
      92
      93
      89
     101
      85
      89
      97
      78
      87
     120
     123
     165
     171
     146
     117
      99
      84
      81
      89
      97
      88
      82
      85
     102
      98
      84
      91
      98
      93
     102
      84
      79
      89
     100
     100
      82
      65
      69
      98
      89
      75
      88
      98
      92
      80
      95
      94
      84
     110
      92
      77
      92
     112
      86
      96
      82
      71
      91
      66
      85
      96
      94
      93
      83
     108
      72
      96
      94
      91
      75
      86
      68
      89
     104
     101
      92
      72
      81
      91
      99
      89
     106
     107
      89
      95
      82
     106
      81
      86
      95
      89
      79
      79
      65
     120
      97
      89
      69
      87
      84
      83
      96
      96
     113
      89
      88
     111
      84
      99
      73
      95
      99
      84
      89
      92
      82
      82
      83
      99
      83
     100
      71
      90
      87
      81
      87
      88
     101
      70
      95
      99
      84
      97
      93
      88
     105
     109
      89
      91
      76
      83
      82
     103
     117
      90
      87
      70
      85
      77
     107
      83
      91
      97
      92
      78
      82
      81
      98
      85
      84
      78
      83
      90
      83
      76
      76
      95
      82
      74
      83
      94
      90
      78
     102
      85
      78
      93
      90
      79
      70
      71
      67
      73
      86
      74
      94
      77
      72
      65
      63
      75
      72
      89
      83
      78
      92
      82
      82
      77
      71
      82
      91
      85
      66
     103
      82
      88
      76
      88
      87
      77
      83
      74
      85
      73
      81
      84
      79
      76
      86
      85
      75
      87
      72
      76
      75
      81
      81
      82
      75
      91
      85
      81
      81
      77
     103
      90
      80
      91
      87
      89
      76
      81
      78
      79
      73
      86
      72
      80
      83
      84
      77
      86
      70
      90
      75
      76
      73
      80
      84
      91
      75
      93
      80
      84
      84
      72
      87
      94
      65
      84
      87
      75
      71
      71
      76
      95
      62
      81
      93
      84
      78
      78
      63
      74
      83
      82
      81
      67
      68
      86
      77
      74
      93
      69
      78
      71
      74
      83
      76
      79
      75
      60
      70
      74
      64
      77
      70
      76
      74
      77
      81
      72
      78
      68
      80
      92
      74
      90
      69
      77
      77
      82
      80
      64
      72
      83
      81
      95
      78
      91
      88
      84
      69
      66
      74
      87
      80
      82
      86
      90
      96
      66
      74
      79
      67
      71
      87
      71
     103
      81
      83
      93
     113
      96
      75
      74
      79
      71
      89
      68
      80
      80
      70
      69
      88
      67
      65
      87
      83
      86
      80
     104
      83
      65
     104
      87
      70
      95
      84
      88
      79
      90
      78
      69
      94
      94
      97
      70
      73
      89
      80
      95
     103
     107
      96
      74
      95
      97
     152
     312
     633
     561
     197
      91
      75
      83
      90
      89
     104
      88
      94
      91
      88
      95
      94
      84
      94
      78
      85
      91
     101
      92
      91
     101
      90
     103
     118
     101
      92
      74
      77
     104
      95
      99
     115
      87
      80
      96
     104
     110
      85
      93
      96
      96
      94
      91
      89
      91
      90
     111
     100
     100
     121
      99
     104
     102
     107
      89
     115
     100
      85
      91
     103
     110
     111
      82
      87
      95
     114
      93
      92
     110
      88
     112
     105
     114
     113
      96
     106
      89
      92
     110
     115
      97
      89
      90
     101
      97
      98
      94
      86
      95
      86
      76
      97
      82
     101
      95
      92
      79
      90
      73
      79
      92
      78
      84
      64
      61
      82
      86
      82
      93
      97
      79
      78
      72
      78
      91
      83
      92
      76
      67
      67
      69
      94
      74
      75
      67
      72
      61
      93
      80
      67
      68
      93
      84
      76
      78
      71
      68
      87
      59
      73
      93
      78
      62
      69
      81
      78
      74
      65
      79
      78
      62
      76
      54
      76
      65
      73
      70
      59
      78
      71
      64
      58
      64
      80
      83
      84
      75
      63
      76
      70
      61
      76
      68
      71
      68
      78
      63
      74
      69
      73
      64
      82
      82
      66
      71
      51
      67
      85
      77
      61
      64
      80
      93
      86
      72
      78
      72
      71
      68
      68
      74
      75
      70
      68
      65
      66
      65
      61
      68
      60
      70
      76
      61
      67
      57
      72
      59
      72
      68
      65
      58
      66
      68
      66
      67
      60
      74
      76
      78
      65
      78
      72
      74
      72
      68
      63
      69
      75
      79
      65
      65
      72
      61
      62
      71
      80
      62
      63
      67
      76
      61
      66
      85
      64
      64
      67
      68
      86
      73
      75
      70
      78
      64
      71
      79
      75
      59
      63
      74
      80
      74
      80
      76
      85
      86
      75
      78
      85
      81
      84
      76
      76
      79
      74
      82
      83
      67
      92
      74
      82
      66
     101
      90
      93
      88
      79
      73
      88
      91
     100
      91
      93
      82
      82
      79
      78
      78
      95
      96
      95
      75
     100
      93
      79
      89
      99
      84
      74
      81
      93
      70
      91
      87
      82
      96
      88
      80
      71
      69
      66
      74
      75
      64
      69
      58
      69
      78
      69
      63
      90
      83
      86
      67
      73
      63
      77
     113
     191
     591
    1320
    1784
    1054
     288
      58
      53
      50
      50
      52
      42
      40
      43
      37
      39
      53
      34
      41
      37
      53
      36
      40
      39
      48
      55
      45
      37
      44
      50
      53
      41
      47
      44
      54
      37
      54
      46
      31
      40
      42
      34
      28
      41
      40
      53
      44
      38
      41
      37
      52
      36
      39
      39
      45
      44
      41
      34
      34
      26
      38
      43
      34
      28
      38
      38
      28
      37
      34
      29
      41
      44
      34
      33
      30
      37
      31
      36
      28
      40
      30
      43
      23
      28
      36
      27
      29
      33
      29
      37
      34
      33
      26
      28
      34
      29
      38
      36
      24
      43
      31
      24
      32
      33
      20
      16
      25
      20
      30
      22
      28
      30
      28
      29
      23
      26
      26
      27
      20
      28
      28
      33
      33
      25
      22
      22
      23
      24
      20
      23
      32
      26
      21
      27
      20
      28
      29
      23
      18
      28
      25
      29
      33
      22
      27
      26
      29
      23
      12
      25
      38
      26
      25
      32
      25
      17
      29
      34
      20
      20
      24
      21
      24
      20
      23
      20
      21
      28
      29
      28
      20
      25
      20
      26
      13
      37
      27
      25
      29
      43
      25
      24
      19
      14
      23
      13
      33
      25
      17
      17
      26
      18
      25
      16
      23
      13
      25
      23
      18
      22
      30
      27
      18
      22
      15
      30
      25
      19
      23
      21
      22
      22
      17
      17
      23
      23
      22
      23
      22
      15
      30
      18
      22
      24
      31
      20
      23
      22
      27
      25
      32
      22
      23
      17
      19
      25
      21
      16
      27
      15
      24
      38
      25
      31
      33
      28
      66
      90
     192
     513
    1243
    1836
    1604
     579
     120
      23
      16
      15
      16
       9
      15
      16
      11
      14
      13
      10
      13
      14
       7
      17
      12
      14
      12
      12
      16
      12
      14
      14
      16
      10
      10
      16
      14
       8
      12
      14
       9
      12
      12
      14
       7
       8
      14
      13
       8
      18
       9
      10
      10
       9
      18
      14
      14
      11
      26
      14
      19
      10
      11
      13
      10
      19
      16
       7
      13
      13
      11
      10
      11
       8
      13
       7
      10
       7
      10
      15
      15
      16
      16
      11
      12
       7
       8
       9
      11
      14
       9
       7
       9
       6
      17
       9
       9
      11
      10
      15
       9
       7
      12
      11
       9
      14
      12
      21
      14
      13
      14
      12
      11
      12
       8
       8
       9
      11
       9
       8
      10
      13
       7
      14
      13
       5
       8
      11
      13
       9
      10
      10
      12
      10
       9
       9
      13
      13
       9
      11
       9
       2
      11
      12
      12
      10
      10
      10
      14
      12
      14
      12
       9
      10
      17
       9
       7
      12
      11
      12
       6
      19
      12
       7
      10
      10
      12
      11
      14
      18
       6
       8
      11
      10
      13
       5
      13
       6
      10
      11
      10
      13
       7
       8
       3
       8
       7
      10
      10
      10
       8
      11
       7
      13
       7
       8
       9
      13
       8
      13
      10
      10
       6
      11
      10
       8
      11
      11
       9
       6
      11
       8
      17
      12
      27
      37
      69
      73
      60
      18
       7
      13
       8
      10
       5
       8
       8
       5
       7
       5
      13
       7
       4
       6
       7
      14
      10
       6
       9
       6
      11
       4
       5
      11
       7
       8
      11
       8
       7
       2
      11
       7
       9
      15
      10
       9
      17
       9
       9
       7
       6
       8
      10
      10
       9
      13
       9
       9
      11
      11
      15
      19
      21
      28
      73
     142
     173
     168
      62
      16
      10
      12
       6
       8
       7
       9
       7
       8
       6
       4
       6
       4
       8
       6
       5
       6
       6
       7
       9
      10
       3
       7
       7
       5
       8
       5
       6
       8
       7
       6
       6
       7
       7
       9
       5
       9
       6
       2
       3
       5
      10
       4
       8
       6
       2
       7
       4
       7
       9
       6
       8
       4
       7
      10
       8
       2
       5
      11
       7
       6
       5
       6
       8
       7
       4
       4
       5
       9
       5
      10
       6
       8
       6
       3
       4
       2
       7
       5
       7
      11
       8
       4
       3
       5
       4
      12
       6
       7
       6
       5
       3
       6
      10
       9
       4
       5
       7
       7
       7
       5
       4
      15
      17
      10
       8
       0
       0
       0
       0
       0
       0
       0
       0
       0
       0
       0
       0
       0
       0
       0
       0
       0
       0
       0
       0
       0
       0
       0
       0
       0
       0
       0
       0
       0
       0
       0
       0
$ROI:
0
$PRESETS:
None
0
0
$ENER_FIT:
-10.025118 0.801508
$MCA_CAL:
3
-1.002512E+001 8.015075E-001 0.000000E+000 keV
$SHAPE_CAL:
3
0.000000E+000 0.000000E+000 0.000000E+000
