$SPEC_ID:
HFNG Beamline
$SPEC_REM:
DET# 2
DETDESC# EasyMCA
AP# Maestro Version 7.01
$DATE_MEA:
04/18/2018 15:49:42
$MEAS_TIM:
93271 93276
$DATA:
0 8191
       0
       0
       0
       0
       0
       0
       0
       0
       0
       0
       0
       0
       0
       0
       0
       0
       0
       0
       0
       0
       0
       0
       0
       0
       0
       0
       0
       0
       0
       0
       0
       0
       0
       0
       0
       0
       0
       0
       0
       0
       0
       0
       0
       0
       0
       0
       0
      10
     307
     412
     337
     345
     369
     404
     391
     355
     401
     414
     385
     408
     401
     354
     372
     371
     371
     364
     375
     353
     350
     339
     369
     339
     351
     380
     323
     338
     333
     349
     342
     329
     323
     304
     321
     320
     335
     355
     322
     336
     348
     283
     330
     314
     310
     307
     339
     283
     314
     322
     286
     314
     305
     316
     308
     320
     366
     316
     297
     307
     309
     279
     296
     283
     272
     294
     291
     251
     284
     283
     276
     302
     256
     290
     298
     286
     286
     288
     297
     263
     254
     289
     256
     298
     270
     268
     257
     278
     278
     272
     313
     291
     275
     242
     258
     243
     270
     255
     254
     256
     246
     259
     237
     240
     257
     227
     219
     249
     258
     229
     248
     232
     241
     244
     270
     258
     249
     243
     263
     261
     211
     248
     232
     230
     257
     262
     246
     228
     239
     255
     220
     217
     213
     240
     193
     247
     245
     213
     236
     233
     259
     217
     234
     212
     242
     234
     244
     203
     202
     218
     204
     244
     221
     224
     223
     229
     212
     248
     234
     223
     212
     201
     221
     225
     187
     237
     229
     216
     193
     211
     209
     199
     218
     208
     217
     221
     240
     189
     199
     216
     215
     232
     199
     199
     215
     213
     190
     219
     223
     209
     198
     235
     192
     229
     203
     190
     208
     210
     238
     170
     206
     213
     199
     202
     207
     196
     210
     221
     186
     198
     209
     240
     210
     216
     217
     178
     182
     192
     200
     202
     202
     206
     199
     206
     188
     190
     221
     204
     225
     200
     195
     202
     214
     201
     190
     172
     206
     206
     221
     218
     201
     220
     201
     209
     197
     207
     195
     189
     214
     190
     164
     233
     181
     201
     183
     199
     191
     214
     222
     173
     203
     189
     214
     230
     199
     184
     212
     180
     205
     218
     226
     184
     226
     185
     224
     206
     221
     254
     242
     185
     190
     243
     197
     211
     218
     201
     197
     199
     224
     207
     198
     206
     190
     212
     207
     202
     213
     184
     213
     196
     218
     248
     198
     221
     225
     206
     198
     233
     221
     179
     196
     234
     215
     202
     220
     226
     195
     217
     233
     258
     239
     235
     260
     308
     376
     493
     462
     408
     336
     241
     217
     228
     197
     268
     372
     518
     659
     737
     585
     405
     262
     232
     185
     178
     221
     205
     206
     200
     183
     207
     184
     201
     176
     161
     188
     186
     175
     195
     171
     200
     160
     197
     199
     189
     180
     196
     196
     192
     180
     217
     189
     182
     191
     182
     178
     170
     202
     200
     203
     185
     201
     183
     245
     284
     329
     391
     410
     454
     424
     338
     290
     233
     184
     172
     150
     191
     209
     208
     229
     247
     254
     274
     253
     232
     209
     198
     176
     167
     192
     162
     170
     181
     205
     214
     184
     198
     182
     178
     186
     194
     194
     182
     171
     184
     217
     225
     268
     269
     275
     270
     257
     237
     244
     220
     155
     167
     164
     182
     175
     165
     150
     162
     198
     182
     188
     169
     169
     151
     170
     172
     186
     164
     149
     178
     172
     183
     181
     209
     181
     178
     173
     177
     173
     183
     186
     188
     181
     185
     171
     180
     166
     166
     161
     173
     170
     168
     171
     181
     149
     182
     196
     186
     160
     173
     166
     177
     173
     177
     164
     162
     160
     195
     190
     190
     190
     185
     173
     184
     195
     168
     186
     177
     181
     172
     185
     164
     144
     195
     195
     174
     193
     191
     187
     195
     192
     185
     171
     185
     153
     189
     202
     184
     187
     195
     158
     177
     193
     186
     180
     169
     173
     218
     177
     187
     191
     179
     165
     186
     178
     184
     133
     189
     192
     172
     157
     166
     160
     194
     177
     189
     205
     145
     193
     146
     178
     159
     169
     170
     150
     195
     167
     177
     176
     178
     169
     160
     169
     176
     184
     197
     172
     207
     176
     204
     189
     166
     156
     186
     175
     182
     180
     171
     203
     174
     189
     174
     179
     162
     177
     171
     166
     168
     182
     168
     194
     179
     177
     173
     171
     165
     171
     194
     173
     169
     174
     169
     183
     183
     156
     178
     181
     201
     168
     186
     180
     200
     182
     175
     199
     184
     162
     162
     175
     160
     183
     150
     164
     177
     172
     169
     177
     176
     166
     180
     138
     175
     173
     170
     174
     202
     174
     168
     165
     177
     168
     171
     167
     167
     191
     175
     200
     182
     158
     156
     175
     179
     164
     155
     203
     133
     156
     186
     166
     172
     173
     139
     188
     175
     161
     166
     165
     152
     151
     163
     155
     169
     167
     164
     153
     175
     173
     161
     186
     168
     181
     164
     182
     219
     235
     280
     271
     279
     235
     193
     189
     164
     150
     165
     174
     162
     166
     157
     152
     204
     179
     157
     144
     158
     153
     152
     146
     166
     150
     171
     159
     132
     153
     166
     153
     132
     162
     155
     161
     165
     155
     162
     161
     166
     168
     137
     176
     153
     158
     173
     175
     172
     159
     151
     175
     186
     151
     154
     169
     174
     163
     147
     176
     135
     156
     153
     181
     163
     137
     160
     160
     159
     157
     145
     144
     161
     156
     149
     163
     147
     141
     163
     163
     163
     164
     138
     154
     182
     160
     134
     165
     143
     130
     175
     162
     145
     148
     167
     130
     146
     161
     140
     153
     182
     166
     206
     202
     191
     188
     170
     166
     135
     154
     156
     150
     131
     136
     142
     143
     156
     137
     171
     134
     152
     151
     148
     147
     156
     142
     142
     135
     155
     141
     149
     153
     148
     154
     150
     155
     144
     121
     166
     135
     150
     150
     141
     142
     151
     151
     123
     141
     164
     136
     142
     145
     137
     157
     150
     135
     168
     161
     137
     164
     122
     147
     156
     134
     134
     151
     148
     132
     142
     138
     150
     141
     134
     133
     147
     151
     140
     151
     155
     139
     147
     153
     144
     144
     148
     149
     146
     127
     133
     153
     140
     121
     117
     157
     134
     126
     144
     164
     148
     133
     110
     142
     141
     127
     138
     131
     165
     137
     110
     152
     145
     146
     150
     186
     226
     363
     449
     637
     686
     609
     458
     335
     228
     153
     134
     132
     138
     141
     133
     128
     158
     137
     119
     128
     116
     123
     120
     116
     140
     118
     133
     144
     110
     119
      99
     110
     128
     137
     124
     119
     106
     132
     130
     115
     119
     107
     134
     107
     118
     118
     141
     116
     103
     138
     110
     117
     119
     146
     156
     123
     109
     120
     122
     149
     136
     125
     127
     116
     109
     111
     118
     113
     113
     154
     135
     130
      98
     120
     130
     134
     109
     120
     100
     119
     109
     122
      99
     117
     138
     118
     130
     130
     127
     124
     119
     125
     133
     123
     112
     112
     116
     110
     109
     114
     129
     124
     118
     163
     154
     148
     144
     140
     127
     107
     106
     120
     124
     109
     108
     111
     100
     116
     122
     113
     117
     105
     106
     123
     115
     110
     123
     111
     112
      95
     112
     101
     119
      98
     137
     102
     126
     128
     142
     114
     114
     122
     121
      99
     107
     113
      99
     119
      96
     124
     120
     111
     100
     101
     113
     108
     109
     103
     120
      96
     111
      92
      96
     117
      85
     111
     106
      99
     109
      91
     100
      94
     102
     103
      97
     106
      98
      95
     105
     112
     122
      92
      99
     103
     102
      97
      97
     113
     100
     103
     132
      94
     120
     104
      98
     107
     121
      92
     116
     106
      78
     106
      98
     117
     103
     121
      94
     115
     102
      93
      77
     108
     110
      96
     100
     116
      75
      89
     100
      88
      89
     115
     102
     102
      95
      92
      92
      96
      91
     115
     117
      78
      87
      88
      98
      99
      86
      95
      92
      88
     109
     119
      88
      97
      85
      94
     115
     102
      87
      84
      80
      98
      89
     105
     110
     100
     107
      87
      78
      86
      79
     108
     100
     103
      88
      95
      86
      64
      97
      95
      97
     121
     125
     131
     155
     153
     167
     153
     123
     102
      98
      94
      85
      99
      83
      79
      81
     120
     110
      81
      83
      99
      90
      95
     106
      91
      82
      93
      91
      85
      80
      81
      88
      86
      77
      68
      77
      88
      83
      84
      83
      80
      88
      95
      91
      93
      84
      78
     102
      73
      83
      94
      85
      79
      77
     109
      81
      92
      87
      83
      85
      93
      77
      72
      81
      81
      75
      81
      80
      70
      81
      79
      99
      91
      87
      92
     100
      89
      73
      75
      73
      93
      89
      75
      71
      97
      86
      76
      78
      77
      85
      71
      66
      99
      76
      78
      69
      72
      76
      82
      67
      79
      77
      87
      74
      74
      83
      90
      92
      86
      77
      83
     103
      82
      74
      83
      67
      68
      66
      79
      86
      83
      73
      77
      66
      81
      73
      78
      90
      74
      80
      77
      62
      74
      63
      87
      78
      70
      74
      83
      79
      84
      79
      83
      55
      66
      69
      97
      83
      87
      87
      66
      60
      82
      82
      83
      78
      71
      77
      73
      50
      69
      70
      73
      89
      72
      65
      92
      73
      58
      75
      81
      82
      66
      75
      65
      73
      70
      79
      61
      75
      68
      58
      60
      72
      77
      69
      78
      80
      82
      74
      73
      70
      66
      61
      83
      62
      74
      83
      64
      67
      68
      58
      71
      70
      75
      74
      90
      68
      66
      91
      73
      66
      64
      84
      71
      72
      58
      65
      72
      71
      78
      47
      75
      61
      71
      91
      71
      69
      66
      74
      78
      48
      62
      67
      48
      71
      75
      64
      59
      72
      78
      68
      54
      60
      78
      69
      81
      70
      67
      78
      66
      56
      63
      65
      75
      85
      65
      73
      75
      68
      58
      66
      67
      68
      58
      52
      65
      62
      60
      75
      62
      59
      67
      74
      73
      57
      62
      67
      73
      87
      56
      56
      58
      68
      80
      62
      68
      72
      63
      60
      62
      71
      77
      72
      81
      73
      81
      64
      66
      67
      65
      74
      64
      68
      54
      60
      63
      55
      67
      66
      70
      62
      60
      63
      52
      73
      57
      67
      57
      72
      66
      65
      70
      66
      62
      58
      39
      63
      63
      58
      83
      58
      50
      66
      56
      68
      63
      57
      46
      53
      52
      61
      54
      42
      51
      42
      61
      66
      58
      65
      67
      56
      63
      55
      63
      54
      65
      69
      68
      55
      50
      47
      59
      63
      78
      66
      64
      63
      56
      58
      71
      73
      44
      71
      59
      59
      57
      55
      61
      51
      59
      68
      54
      69
      54
      66
      72
      49
      66
      56
      49
      59
      66
      55
      55
      61
      54
      68
      63
      65
      56
      49
      57
      62
      50
      59
      64
      53
      48
      60
      56
      45
      50
      46
      70
      69
      64
      59
      53
      47
      57
      49
      59
      44
      59
      77
      62
      55
      58
      52
      51
      67
      45
      55
      60
      62
      50
      74
      57
      72
      64
      57
      57
      44
      42
      59
      53
      53
      50
      49
      64
      63
      49
      49
      54
      50
      57
      50
      67
      60
      54
      43
      58
      54
      65
      56
      57
      53
      63
      53
      56
      66
      66
      57
      45
      55
      58
      54
      59
      54
      58
      57
      45
      49
      38
      52
      51
      47
      53
      49
      49
      59
      53
      45
      56
      51
      47
      44
      65
      54
      54
      53
      44
      48
      42
      37
      45
      55
      62
      35
      47
      76
      61
      57
      64
      59
      64
      69
      57
      60
      51
      48
      46
      50
      49
      51
      56
      48
      52
      49
      60
      42
      55
      42
      47
      56
      56
      48
      53
      51
      53
      61
      49
      43
      56
      35
      41
      52
      57
      61
      44
      54
      58
      33
      41
      45
      48
      49
      55
      49
      46
      67
      45
      47
      60
      57
      38
      67
      51
      50
      46
      52
      50
      47
      55
      48
      60
      51
      51
      41
      59
      49
      66
      66
      69
      72
      82
      78
      84
      58
      43
      57
      42
      51
      50
      51
      54
      47
      40
      42
      40
      38
      48
      47
      49
      43
      47
      42
      50
      38
      47
      58
      44
      47
      45
      37
      41
      48
      55
      42
      33
      54
      52
      44
      44
      48
      49
      43
      44
      56
      53
      41
      36
      46
      45
      48
      55
      62
      44
      47
      46
      57
      48
      58
      36
      53
      52
      45
      44
      42
      46
      35
      35
      49
      53
      47
      52
      55
      46
      43
      52
      38
      29
      55
      47
      63
      58
      36
      43
      49
      48
      43
      53
      39
      36
      40
      48
      34
      34
      30
      47
      55
      49
      40
      48
      52
      38
      39
      40
      51
      48
      51
      49
      53
      33
      56
      51
      44
      43
      45
      35
      50
      40
      40
      34
      38
      47
      54
      31
      45
      42
      36
      33
      49
      49
      45
      41
      31
      51
      45
      49
      41
      39
      33
      38
      41
      47
      42
      37
      46
      48
      45
      42
      37
      39
      48
      36
      32
      37
      38
      46
      46
      53
      50
      34
      38
      45
      43
      46
      55
      37
      47
      48
      28
      45
      42
      44
      43
      37
      49
      43
      39
      47
      42
      38
      35
      45
      54
      35
      49
      35
      34
      41
      38
      52
      41
      43
      44
      42
      34
      44
      40
      48
      56
      57
      34
      45
      46
      36
      43
      40
      36
      37
      41
      31
      27
      47
      40
      47
      37
      41
      41
      29
      41
      40
      40
      36
      37
      43
      46
      39
      30
      32
      37
      47
      37
      34
      40
      41
      51
      31
      43
      31
      35
      34
      32
      36
      30
      39
      39
      43
      27
      44
      44
      21
      47
      29
      33
      41
      49
      41
      41
      30
      36
      45
      45
      38
      29
      45
      31
      39
      38
      41
      38
      41
      41
      41
      31
      45
      32
      31
      44
      34
      44
      50
      41
      36
      49
      36
      43
      39
      45
      36
      39
      56
      42
      38
      33
      34
      42
      32
      38
      35
      42
      46
      35
      45
      31
      31
      35
      28
      42
      47
      41
      39
      33
      41
      36
      40
      21
      49
      36
      40
      35
      32
      32
      38
      31
      36
      31
      39
      36
      53
      37
      33
      50
      38
      36
      33
      37
      48
      44
      34
      38
      36
      34
      38
      34
      29
      26
      37
      47
      30
      40
      37
      40
      36
      51
      32
      41
      30
      36
      36
      34
      33
      35
      37
      33
      38
      29
      45
      40
      40
      32
      38
      33
      44
      44
      42
      39
      34
      37
      42
      37
      45
      32
      38
      43
      37
      30
      42
      34
      30
      30
      43
      41
      31
      38
      30
      34
      34
      38
      40
      24
      17
      29
      29
      32
      34
      38
      35
      38
      37
      30
      30
      39
      33
      37
      33
      46
      28
      37
      39
      45
      52
      47
      40
      50
      44
      32
      35
      43
      34
      38
      48
      27
      41
      32
      40
      35
      34
      35
      32
      38
      39
      27
      32
      28
      35
      33
      37
      34
      26
      27
      26
      29
      36
      31
      28
      32
      38
      28
      32
      37
      26
      33
      39
      38
      26
      25
      29
      27
      31
      36
      32
      38
      36
      42
      28
      33
      29
      37
      31
      34
      31
      30
      37
      41
      35
      26
      20
      20
      31
      39
      36
      36
      24
      33
      42
      30
      31
      28
      39
      39
      30
      28
      31
      35
      27
      23
      31
      30
      29
      37
      25
      36
      43
      38
      32
      35
      32
      30
      32
      35
      32
      35
      30
      27
      30
      38
      35
      36
      39
      31
      27
      34
      32
      32
      30
      32
      31
      35
      26
      32
      26
      32
      34
      30
      32
      29
      34
      28
      31
      33
      25
      20
      31
      29
      29
      36
      41
      41
      25
      38
      35
      36
      35
      35
      36
      31
      36
      28
      24
      38
      35
      38
      32
      37
      31
      32
      38
      40
      29
      36
      36
      37
      36
      35
      39
      28
      32
      28
      35
      38
      37
      31
      33
      20
      32
      24
      30
      33
      28
      26
      23
      29
      27
      30
      33
      40
      42
      38
      29
      30
      27
      37
      30
      34
      35
      40
      30
      25
      31
      26
      26
      29
      34
      27
      36
      32
      32
      31
      34
      26
      22
      34
      22
      25
      24
      20
      31
      33
      23
      21
      38
      27
      29
      27
      25
      33
      27
      26
      28
      36
      39
      29
      41
      25
      23
      33
      30
      21
      33
      28
      32
      29
      35
      28
      35
      32
      32
      32
      29
      37
      37
      37
      24
      22
      27
      26
      35
      22
      34
      33
      22
      33
      29
      35
      39
      24
      22
      34
      39
      32
      25
      26
      27
      32
      24
      23
      28
      30
      30
      30
      29
      29
      28
      41
      33
      32
      28
      35
      34
      25
      23
      38
      37
      31
      23
      30
      25
      27
      34
      33
      18
      25
      38
      34
      26
      22
      33
      34
      32
      33
      25
      32
      33
      29
      26
      38
      28
      24
      29
      27
      23
      33
      36
      21
      20
      19
      27
      25
      22
      22
      22
      20
      24
      22
      26
      21
      24
      31
      20
      23
      28
      29
      40
      36
      26
      32
      22
      28
      35
      26
      30
      35
      27
      31
      33
      27
      30
      31
      26
      23
      26
      22
      30
      42
      43
      30
      25
      26
      31
      31
      34
      25
      24
      27
      27
      31
      35
      38
      37
      34
      37
      30
      27
      40
      32
      36
      39
      43
      57
      63
      59
      81
      81
      90
      78
      84
     106
      73
      99
      85
      79
      75
      74
      71
      48
      54
      50
      34
      37
      42
      34
      30
      38
      33
      29
      26
      34
      29
      33
      34
      18
      24
      37
      25
      12
      25
      21
      31
      23
      28
      28
      26
      29
      28
      28
      29
      23
      34
      24
      21
      27
      30
      24
      23
      22
      31
      22
      27
      27
      18
      29
      35
      26
      26
      21
      28
      34
      24
      26
      26
      26
      22
      30
      31
      21
      26
      35
      25
      20
      37
      29
      32
      17
      19
      32
      38
      26
      30
      22
      35
      31
      33
      17
      29
      28
      26
      28
      35
      27
      36
      20
      22
      18
      29
      25
      29
      28
      26
      26
      27
      24
      23
      32
      26
      22
      30
      24
      29
      30
      28
      24
      22
      24
      25
      33
      33
      27
      35
      20
      28
      30
      29
      25
      19
      28
      28
      32
      38
      25
      22
      33
      26
      31
      21
      16
      32
      25
      30
      29
      29
      35
      27
      31
      27
      20
      20
      26
      23
      30
      16
      19
      22
      19
      28
      18
      31
      25
      34
      24
      27
      26
      28
      26
      30
      25
      20
      28
      26
      19
      26
      26
      29
      23
      13
      21
      31
      23
      21
      18
      24
      23
      17
      22
      29
      22
      19
      26
      26
      31
      17
      33
      25
      16
      23
      19
      39
      19
      20
      27
      30
      27
      26
      27
      33
      31
      26
      19
      22
      19
      32
      21
      21
      31
      24
      15
      25
      27
      25
      25
      20
      22
      36
      28
      27
      24
      22
      29
      22
      22
      34
      29
      26
      28
      28
      30
      14
      27
      27
      19
      30
      27
      27
      26
      22
      23
      21
      27
      24
      22
      24
      20
      24
      33
      23
      29
      32
      23
      26
      22
      30
      23
      22
      30
      23
      27
      27
      22
      31
      21
      20
      27
      21
      33
      21
      24
      25
      30
      31
      22
      20
      20
      30
      26
      25
      31
      20
      29
      28
      18
      23
      25
      29
      20
      20
      32
      21
      28
      30
      30
      26
      30
      21
      24
      26
      18
      24
      23
      25
      22
      18
      20
      23
      18
      17
      28
      21
      23
      24
      26
      24
      22
      21
      18
      27
      23
      28
      26
      31
      17
      15
      25
      28
      22
      28
      20
      19
      25
      17
      19
      30
      18
      26
      28
      27
      22
      18
      19
      19
      30
      27
      27
      27
      14
      12
      33
      28
      29
      27
      29
      31
      26
      27
      24
      40
      40
      51
      54
      48
      31
      37
      51
      28
      28
      36
      25
      24
      23
      20
      22
      22
      21
      25
      25
      11
      21
      18
      24
      29
      23
      20
      25
      20
      15
      27
      32
      28
      19
      24
      27
      23
      23
      23
      22
      27
      21
      21
      11
      20
      18
      28
      21
      25
      21
      22
      24
      26
      17
      22
      37
      16
      29
      24
      24
      21
      18
      21
      19
      29
      20
      23
      22
      33
      16
      24
      14
      25
      36
      22
      21
      26
      25
      23
      20
      24
      13
      29
      21
      19
      18
      17
      34
      16
      24
      29
      23
      23
      20
      25
      21
      36
      23
      26
      26
      30
      21
      33
      19
      20
      27
      14
      18
      33
      21
      12
      30
      24
      13
      22
      20
      23
      23
      20
      24
      21
      15
      11
      32
      21
      26
      28
      21
      24
      27
      28
      34
      40
      33
      36
      43
      43
      53
      56
      45
      38
      35
      28
      27
      28
      19
      17
      18
      15
      20
      22
      27
      15
      21
      28
      24
      21
      31
      28
      27
      28
      27
      18
      24
      33
      26
      27
      30
      27
      23
      16
      20
      21
      19
      24
      24
      27
      22
      13
      27
      19
      28
      24
      16
      16
      18
      24
      17
      24
      13
      18
      26
      23
      15
      23
      31
      26
      17
      25
      13
      19
      23
      22
      25
      18
      22
      22
      27
      13
      26
      32
      23
      14
      24
      16
      19
      22
      30
      17
      13
      30
      29
      21
      25
      27
      18
      23
      22
      23
      31
      17
      27
      14
      19
      20
      22
      22
      22
      21
      20
      25
      18
      16
      19
      19
      22
      23
      23
      20
      22
      28
      12
      18
      22
      22
      11
      23
      12
      22
      18
      20
      23
      16
      16
      17
      16
      16
      22
      16
      28
      32
      16
      24
      21
      22
      22
      26
      23
      18
      24
      20
      13
      18
      18
      15
      16
      17
      24
      20
      17
      21
      18
      17
      12
      24
      21
      23
      23
      20
      20
      18
      20
      34
      14
      16
      26
      28
      21
      21
      17
      19
      23
      15
      24
      24
      25
      22
      21
      23
      24
      15
      17
      15
      16
      20
      24
      20
      22
      18
      26
      14
      24
      21
      14
      17
      25
       9
      16
      19
      18
      12
      16
      17
      12
      14
      26
      19
      15
      15
      16
      12
      16
      21
      21
      23
      13
      18
      21
      16
      18
      19
      22
      17
      24
      16
      24
      25
       7
      14
      23
      11
      20
      24
      20
      17
      18
      21
      19
      16
       7
      18
       8
      19
      17
      10
      18
      21
      21
      18
      19
      22
      16
      12
      15
      16
      21
      18
      18
      24
      16
      19
      19
      14
      18
      13
      27
      20
      24
      17
      18
      14
      15
      24
      13
      24
      28
      17
      18
      20
      32
      22
      21
      18
      12
      12
      28
      23
      17
      25
      19
      22
      12
      18
      19
      15
       8
      16
      21
      18
      10
      20
      12
       8
      17
      22
      23
      16
      18
      24
      21
      21
      13
      11
      17
      21
      15
      26
      13
      18
      17
      21
      20
      17
      17
      22
      23
      14
      22
      17
      17
      16
      26
      14
      20
      19
      15
      16
      13
      17
      23
      19
      19
      19
      13
      23
       9
      16
      20
      11
      16
      20
      23
      15
      15
      17
      25
      16
      13
      18
      19
      17
      17
      19
      20
      17
      10
      18
      13
      19
      21
      25
      13
      18
      19
      23
      14
      12
      20
      13
      19
      23
      23
      19
      19
      18
      19
      14
      16
      10
      18
      26
      16
      22
      17
      15
      20
      15
      10
      12
      11
      18
      18
      22
      11
      10
      15
      18
      23
      12
      17
      19
      15
      20
      11
      18
      21
      15
      22
      13
      25
      17
      13
      16
      21
      23
      16
      15
      19
      12
      21
      14
      23
      17
      14
      14
      16
      15
      15
      20
      22
      22
      16
      19
      21
      13
      17
      15
      17
      11
      28
      16
      19
      17
      21
      22
      11
      24
      22
      18
      19
      10
      17
      17
      17
      13
      15
      17
      16
      19
      20
      14
      16
      17
      25
      24
      17
      13
      17
      26
      15
      17
      25
      19
      23
      16
      11
      14
       9
      15
      18
      22
      10
      11
      19
      15
      14
      25
      24
      22
      14
      10
      16
      24
      22
      14
      11
       9
      20
      19
      23
      26
      21
      23
      13
      19
      14
      17
      16
      12
      21
      16
      14
      17
      21
      28
      15
      13
      17
      15
      17
       9
      23
      17
      23
      17
      16
      13
      12
      15
      19
      14
      14
      10
       9
      24
      13
      20
      18
      18
      17
      13
      14
      13
      18
      15
      12
      13
      20
      16
      23
      15
      18
       9
      12
      14
      14
      18
      22
      17
      12
      19
      24
      14
      18
      20
      21
      24
      15
      23
      29
      20
      24
      28
      16
      16
      19
      22
      21
      17
      14
      15
      20
      10
      22
      22
      20
      17
      17
      17
      29
      20
      22
      16
      19
      20
      12
      20
      17
      19
      23
      21
      16
      18
      20
      17
      13
      14
       9
      17
      15
      15
      13
      19
      21
      16
      12
      16
      16
      13
      14
      15
      16
      22
      12
      18
      14
      22
      14
      18
      20
      23
      13
      20
       9
      17
      15
      22
      17
      27
      12
      20
      21
      14
      13
      18
      18
      21
      25
      20
      18
      11
      13
      13
      16
      19
      15
      15
      14
      17
      20
      18
      16
      16
      14
      11
      19
      20
      18
      11
      20
      14
      12
      20
      20
      16
      17
      21
      18
      13
      14
      15
      17
      13
      15
      23
      14
      14
       7
      15
      22
      23
      17
      23
      14
      18
      18
      18
      14
      15
       8
      16
      17
      14
      20
      12
      23
      13
      18
      16
       9
      14
      17
      15
      22
      17
      17
      15
      14
      18
      17
      12
      14
      15
      15
      11
      19
      18
      16
      16
      17
      13
      22
      20
      17
      18
      19
      20
      17
      12
      13
      20
      13
      10
      18
      17
      22
      16
       9
      21
      17
      16
      18
      25
      18
      16
      15
      10
      17
      18
      20
      15
      19
      12
      13
      23
      10
      21
      17
      25
      13
      19
      21
      15
      17
      19
      13
      19
       8
      22
      11
       6
      14
      18
      18
      13
      21
      14
      23
      14
      15
      11
       8
      12
      20
      17
      17
      15
      15
      20
      26
      16
      18
      15
      21
      19
      10
       8
      17
      15
      23
      25
      15
      15
      16
      20
      10
      20
      16
       9
      15
      12
      15
       8
      17
      23
      12
      12
      16
      16
      15
      13
      13
       8
      12
      15
      15
      24
      14
      22
      10
      14
      19
      10
      13
      12
      15
      15
      12
      15
       8
      19
      16
      16
      17
      26
      15
      14
      19
      19
      13
      10
      16
      11
       8
      14
      15
      14
      15
      10
       9
      12
      21
      12
      18
      13
      16
      16
      17
       8
      24
      17
      12
      16
      16
      18
      13
      15
      14
      18
      12
      18
      22
      12
      28
      20
      20
      18
       7
      13
      15
      17
      20
      18
      19
      18
      10
      13
      10
      12
      18
      16
      11
      15
      11
      14
      11
      17
      18
      13
      10
      12
      14
      12
      11
      13
      14
      14
      17
      12
      15
      16
      17
      17
      13
      21
       9
      13
      22
      18
      17
      24
      18
      17
      20
      12
      12
      11
      14
      15
      13
      16
      12
      10
       9
      16
      12
      11
      12
      10
      15
      17
      19
      14
      19
      21
       9
      17
       9
      13
      15
      12
       8
       9
      14
      12
      11
      10
      17
      12
      13
      19
      12
      14
      23
      13
      13
      12
      13
      13
      12
      16
      14
      10
      10
       9
      11
      12
      17
      18
      17
      17
      18
      10
       5
      11
      19
      18
      15
      13
      17
      19
      26
      20
      31
      32
      33
      45
      41
      54
      60
      47
      69
      58
      58
      42
      40
      33
      25
      19
      12
      14
      14
      11
      12
      17
      18
      12
      15
      13
      17
      17
      10
      13
      13
       9
      19
       9
      17
      18
      18
      10
      16
      12
       9
      10
      12
      11
      13
      15
      10
      14
      10
      16
       4
      16
      10
       8
      17
      10
      16
      11
      17
      20
      14
       8
      11
      16
      12
      14
      17
      13
      14
      13
      15
      11
      16
      11
      14
      10
      21
      11
      14
      12
      12
      16
      15
      13
       9
      14
      14
      11
      14
      16
      20
      14
      13
       6
      19
      14
      14
      15
       6
      15
      12
      16
      22
      12
      10
      14
      15
      16
       7
      13
      14
      11
      12
      17
      15
      10
      10
       9
      16
       9
      13
      11
      16
      15
      14
      16
      10
      11
      12
      11
      15
      15
       7
      17
      10
      11
      13
      14
      12
      19
      18
      21
      13
      12
      16
      15
      14
       7
      14
      20
      19
      16
      13
       9
       8
      11
      11
      13
      10
      17
      14
       8
      15
      16
      13
      10
      16
      24
      21
      12
       7
      17
      15
      16
      18
      16
      16
      13
      11
      15
      14
      14
      14
      12
      10
       9
      12
      10
       8
      13
      11
      12
      19
      17
      15
      12
      14
       5
      14
      18
       7
      12
      17
      20
      12
      11
       7
      11
      12
       7
       9
      13
      17
      21
      20
       8
      15
      12
      18
      11
      11
      12
      12
      14
      12
       9
      13
      18
      13
      15
      15
      10
      13
      12
      11
      14
      11
      18
      15
       6
      18
      14
      21
      11
      12
      11
      21
      21
      13
      12
      20
      16
      17
      17
      13
      14
      12
       9
      13
      12
      21
      22
      10
      11
      22
      14
      14
      16
      12
      16
      16
       7
      17
       3
      11
      12
      16
      14
      14
       3
      12
      11
      12
      14
      10
      13
       8
      19
      12
      15
      13
       9
      15
      13
      12
      12
      16
      14
      18
       6
      15
       8
      10
      12
      14
       9
      13
      12
       7
      15
       7
      13
      14
      15
       8
      12
      14
      13
      13
      14
       9
      17
      11
      10
       5
      15
      11
      16
       8
       9
      10
      16
      14
       8
      13
      10
      11
      13
      12
      14
      12
      18
      16
      14
      12
      14
      12
      14
      16
      15
      10
      13
      15
      17
       6
       8
      14
       8
      12
      15
      10
      19
      17
       9
      19
      13
       5
      12
       7
       8
      12
      10
      15
      11
      12
      11
       5
      11
      15
      17
      10
       8
      15
      10
      13
      16
      17
       5
      10
      11
      10
      13
      12
       5
      10
       9
      10
      13
       9
       8
      15
      16
      19
      12
      12
      29
      14
      15
      12
      10
       7
      10
      10
      10
      15
      16
      12
      13
      13
      15
      11
      14
      23
      15
      12
      19
       9
      12
      17
      18
       9
      10
      17
       8
       8
      13
      13
      18
      10
      14
      14
      11
      10
      11
       9
      17
      15
      14
       6
      22
      17
      12
      13
      10
      10
      10
      17
      10
      10
      14
       9
      13
      14
      13
       7
      14
      14
       9
      10
      15
      11
      13
      14
      11
      15
      12
      16
       9
       6
      13
      11
      14
      11
      11
      19
      11
      11
      10
      10
      12
      18
       7
      14
      14
      17
       6
      12
      12
       8
       7
      13
       8
      17
      15
      11
       8
      16
      14
       9
      11
      17
      11
      21
       7
      12
      28
      18
      16
      15
      23
      21
      24
      24
      26
      22
      23
      17
      21
      16
      12
      12
      15
       9
      14
      15
      13
      12
      13
       8
      11
      17
      12
       5
      18
       9
      17
      11
      10
      12
      10
      10
      17
       8
      11
       6
      13
       8
      14
       8
      10
       8
      10
      11
      12
       9
       7
      16
       5
      11
       9
      12
      12
      10
      10
      14
      13
      10
       9
       8
      16
      11
       7
       9
       5
      13
      15
      14
       8
      10
      10
      12
       9
      14
      13
      17
      10
      16
      13
      14
      12
       7
      13
      11
      13
      11
      13
      12
      15
      10
      15
       8
       8
       5
      13
      14
      13
       9
       9
      18
      15
      12
      12
       7
      18
      17
       7
      10
      19
      10
      11
      10
      14
      10
      13
       8
      11
      15
      13
      11
      13
      12
      13
      13
      12
       9
      14
      13
      13
      11
       8
       8
      11
      17
       7
      11
      15
      14
      11
      13
      15
       6
      12
      13
      11
      13
      10
       9
      11
       9
      15
       9
      10
       6
      12
      10
      14
       7
      12
       6
       4
      14
      12
       7
      11
       8
      14
      16
       5
       6
      11
       7
      12
      17
      13
       9
      13
      12
      10
       7
      10
       9
       9
       7
      11
      13
      11
      11
      10
      23
      15
       7
       6
      14
      15
       9
      11
      12
      17
       9
      16
      10
       9
      10
       9
       7
      11
      10
      10
      15
      11
      11
       6
       7
       2
      14
      18
       8
      13
      12
      11
       7
       9
       7
       3
      13
      14
       7
      16
       5
       7
       6
      10
      15
       7
      15
       9
      14
      15
      13
      15
       9
      11
      10
      11
      13
      15
      14
       8
      13
      14
       7
      12
       9
      11
      11
      13
       9
      19
       9
      13
      16
       8
      10
      12
      12
      14
      12
       9
      14
      16
      17
      15
       7
      17
      10
      14
      19
       9
      16
      10
      14
       9
      13
       9
       7
      13
      14
      13
       6
      10
      17
      24
      21
      21
      20
      19
      29
      24
      16
      17
      23
      18
      15
      14
      14
      14
       6
       6
      10
      11
       5
       9
      13
       7
      11
      12
      10
       9
      11
       9
      16
      10
      13
      12
      13
      13
       8
      16
       8
      13
      12
      15
      12
      10
      11
      13
       6
      10
       2
      13
      10
      11
      10
      10
       8
      13
      12
       7
      10
       7
      14
      13
      14
      12
      16
      11
      13
      11
       8
       5
       7
       9
      12
       8
       8
       7
       6
      12
       5
      11
       7
      12
       9
       4
       9
      14
      13
      10
      15
       9
      14
      12
      15
      12
       9
       9
       3
       7
       8
       8
      13
      11
      11
      10
      12
       5
      11
       9
      10
      11
       8
       5
      11
      10
       5
       7
      11
      11
      15
      10
       6
      13
      11
       7
      10
       9
      12
      11
      14
      14
       4
      10
       9
       9
      11
      16
       5
      10
       8
       5
      12
      11
      12
       5
      12
       2
      13
      15
      11
       5
      17
      13
       7
       9
      15
      16
      13
      11
       9
       9
      11
      10
       8
      17
      14
       6
      16
      16
       7
       8
      10
      10
      13
      14
      12
      18
       6
       7
      12
      12
      11
      12
       5
       9
      10
      16
      11
       5
      15
      13
       7
      11
       9
       8
      15
       6
      14
      13
       8
       8
      11
      11
       8
      13
       4
      11
      11
       6
       7
       9
      13
      11
      13
       6
      12
      13
       4
       8
       9
      13
       9
      15
      10
      10
      14
      10
       9
       8
      11
      11
      10
      12
       7
      11
      16
       9
       7
       3
      12
       7
       9
       7
      11
      10
      11
      13
       6
       7
      18
      13
      11
      10
      12
      10
      11
       7
       9
       7
      13
      13
      11
       9
       5
      14
      11
      14
       9
       9
      17
       7
       9
       7
       8
       9
      10
      11
      13
      10
       6
      13
      10
      13
      11
      15
       9
      10
       5
       8
       7
       8
       4
      11
       8
       8
       4
      12
      14
      13
       5
       8
      12
       9
       7
       9
      10
      14
      11
       7
       6
       9
      12
      12
      10
      15
       6
       7
       7
      13
       9
       7
       9
       9
       7
      11
      11
      10
       8
       9
       8
       9
       7
      10
      11
      13
       5
      12
       9
       8
       9
      12
       8
       7
      11
      12
      10
      13
      12
       9
       8
       6
      11
       8
       5
      13
      17
       3
       7
       7
      11
      17
      12
      13
      11
      10
       8
      10
      10
      13
      11
       8
       5
       8
       8
       7
      12
       7
      10
      12
      14
      13
       5
       7
      12
       6
      12
      13
      11
       8
       5
      10
      10
      10
       8
       6
       4
      10
      13
      10
      11
      10
       7
      10
       5
       3
      12
      11
       8
      20
      12
      11
      11
      13
      10
      13
       6
       7
      11
       8
      14
      11
      17
       9
       7
       7
      10
      10
      11
      14
      10
      11
       6
      16
      15
      11
      14
       6
      10
      13
       5
       9
      10
       8
       9
      11
      14
       9
      18
       5
       9
      12
      11
       5
      11
       7
       8
      13
       8
       9
       7
       7
       9
       8
      15
      13
      11
       6
      11
      14
      13
      13
      10
      10
       5
      10
       8
      12
       9
       7
       5
      11
      10
      11
       8
      10
      14
       8
       9
       7
      13
       9
       9
      11
      13
      18
       7
       9
       8
       7
      13
       3
      12
       9
      11
       9
       7
      11
       3
       7
       7
       8
       7
       6
      12
      13
      10
       9
       8
       8
      16
      10
       8
       8
       5
      10
       6
      13
      11
      10
      11
      11
       9
      14
       6
       6
       6
      12
      14
      10
      16
       9
      14
      18
       8
      19
      19
      12
       9
      10
      10
      10
       9
       5
       6
       6
      11
      10
       8
       6
      15
      12
       6
      10
      10
       9
      11
       6
      13
      10
      10
       3
      12
       9
       8
       5
       7
       9
       7
       8
      12
       8
      11
       9
      12
       9
      15
      10
      11
      10
      15
       7
       4
       9
       7
      14
      11
       7
      14
       7
       8
       5
       8
       9
       9
       3
       5
      11
       8
      14
       8
       7
       6
       5
      16
       7
       7
       7
       8
      13
      11
      11
      10
      10
       6
      16
       9
      13
      10
      15
      14
      12
       5
       8
       6
       9
      13
      11
       6
       8
      11
      15
      10
       6
      15
       4
      10
       7
       8
       8
      13
       8
       6
      11
      12
       7
       7
      11
       9
      12
      13
      13
      10
       8
       9
      11
      10
       9
      11
       6
      11
       7
      11
      11
      15
       7
       7
       6
      10
      11
       7
      11
      12
       9
       6
       7
       8
       6
      10
       8
       6
      10
       7
      14
      13
       7
       9
       7
      11
      11
       8
      11
      11
      11
      10
      12
      13
       6
      12
      11
      11
      11
       5
       9
       9
      10
       9
      15
      12
      15
       8
      10
      15
      12
      13
       7
       9
      12
       9
      14
      11
      12
       9
      20
       8
       5
       9
      12
      10
       5
      13
      13
      13
      11
      15
       9
       8
      10
       5
      10
      13
      12
      12
      12
      13
       7
       7
       4
      11
       3
      10
       8
       7
      11
       9
       9
      14
      11
      10
       3
       7
      14
      11
      11
       7
      13
      16
      17
      14
      16
       9
      15
      21
      14
      16
      14
       7
      11
      17
      12
      18
      18
      15
      11
       8
      10
      10
      11
       5
      10
       7
       8
       5
       4
      13
       8
       6
      10
       6
       5
      12
      10
       9
       8
       7
       7
       7
      13
      14
       7
       8
       7
       8
       9
      11
       7
      12
       7
      10
       6
      10
      12
       9
       9
       7
       9
       5
      15
       9
      11
       8
       5
       6
      13
       6
       4
      13
      11
       6
      11
      15
       8
      16
      10
       9
      13
      11
      12
       8
       9
       7
       7
       6
       7
      12
       5
       6
       8
       6
       6
       6
       8
       8
      18
       4
      10
       6
      11
       7
      11
       9
      11
       8
       6
      18
       9
       6
      11
      15
       9
      12
       8
       3
       6
       5
       8
       9
      11
      11
       7
       6
       5
       7
      12
       7
       8
       8
       9
       7
       4
      10
       7
       9
       9
      11
       3
      10
       9
       6
       7
       8
       8
      13
       9
       7
       4
      10
       6
       9
       8
       6
       5
       7
       9
      10
       5
       4
      11
      10
      10
       6
       7
       7
       8
       5
       8
      10
       2
       8
       9
       8
      10
      11
       9
      15
      12
      11
       7
       6
      16
       6
       8
       6
       9
      15
       9
      15
       6
       5
       6
      10
       8
      10
      10
      10
       8
      13
      12
       9
      12
       9
       8
      10
       8
       6
      11
       7
       5
       9
      14
       9
      10
       5
      10
      10
      10
      12
       7
      13
       8
      10
       7
       9
       9
      11
       8
      11
      13
      11
       8
       8
      14
       3
       9
      10
      10
       6
      12
       8
       6
      11
       9
       6
      11
       9
       4
       6
      12
      12
       7
      17
       9
       4
       7
       5
       6
      15
       8
      12
       6
      11
       6
       8
       9
      15
      15
       7
      14
      13
       7
       7
      11
      15
      10
      14
       9
      13
       8
      14
      15
      11
      11
      12
      16
       9
      13
       9
      10
       6
       8
       8
       9
       9
       7
      10
      10
       9
       8
      10
       9
       7
       6
       2
       5
      11
      13
      10
      12
       8
       6
       8
       7
       7
       7
       9
       7
       8
      10
       7
      13
       9
       9
      12
       6
       8
       8
      10
      14
       6
       5
      19
      10
       5
       3
       9
      11
       3
       8
       5
       7
       6
      11
       7
       7
       6
      10
      14
       9
       8
      10
       6
       8
       8
       9
       9
      11
       5
      10
       4
       8
      12
      11
      12
       8
      14
      11
      11
      11
      12
       6
      14
      11
       9
       9
      15
       5
       4
       6
       9
      15
       9
       6
      13
      13
       5
       7
       9
       5
      11
       3
       8
       9
       6
       5
      10
       8
       7
       4
       9
      10
       7
       4
       7
       7
      11
       6
       6
       6
       7
      11
      12
      19
       6
      10
       9
      10
       8
      13
       9
      11
       9
       9
       9
      11
      13
       7
       7
       6
       7
      11
       7
       7
       5
      11
       8
       9
      11
       9
       8
       6
       5
      14
       8
       4
       7
      13
       5
      11
       8
      13
       5
       9
      10
      11
      10
       7
      11
      11
       7
       9
       5
       9
       8
       5
      10
       8
       5
       7
       8
       5
      11
      14
       8
       7
      10
       6
       7
       8
       7
       9
       3
       8
       8
       6
      13
       8
       5
       7
       8
      10
       8
      11
       9
       3
       8
       8
      12
      11
       6
      11
      11
       5
       6
       9
      12
      12
      10
       6
       4
       6
       5
       6
       6
       9
      11
       6
       8
      15
       4
       7
       5
       6
       5
       8
      10
       7
      18
       7
       8
       7
       9
       9
       9
       9
      10
      11
       5
       7
       8
      11
       6
       6
       6
       8
       6
       6
      10
      12
      10
      14
       7
       4
      13
       6
       7
      10
       9
       9
       7
      11
      10
       5
       7
       4
       8
       7
      13
       6
       9
       5
      11
       4
       7
       8
       6
       8
      11
       7
       4
       8
      12
      10
       9
       4
       9
       7
       9
      10
       9
       6
       8
       8
       9
      11
       4
      11
       9
      11
       5
      13
      11
      11
       8
      13
      13
       8
       8
      11
      12
       8
      10
       9
       9
      11
      12
       4
      11
      14
      10
       8
      14
       6
      13
       6
      11
       5
       5
       6
       9
      11
       6
       3
       8
       7
       3
       6
       7
       4
       5
       5
       6
       8
       7
       8
       6
       5
       8
       4
      12
       7
       6
       6
       7
       7
      12
       2
       8
      17
       8
       6
       7
       4
       4
       6
       4
       7
       9
       9
       8
       8
       5
      11
       7
       9
       4
       5
       7
      10
       5
       8
       8
       3
       6
       2
       8
      10
       4
      10
       9
       3
      10
       6
      10
      11
       6
       5
       6
       5
       9
       8
       5
       1
       4
       9
       6
       9
       7
       4
       8
      10
       8
       7
       6
       8
       6
      11
       3
      12
       7
       5
       8
       3
       9
       3
       7
       6
      10
       5
       4
       5
       5
       4
       7
       3
       5
       6
       6
       5
       7
       8
       9
       2
       6
       6
       4
       7
      16
       6
       2
       4
       7
      10
       3
       3
       6
       5
       8
       8
       9
       5
       7
       5
       3
       5
      11
       4
       6
       3
       1
       4
       6
       6
       4
       9
       2
       4
       8
      12
       5
       6
       7
       6
       6
       6
       6
       9
       5
       4
      10
       7
      11
      10
       8
       5
      10
       5
       8
       7
       6
       8
      10
       5
      13
       6
       8
       9
       7
       6
       9
       5
       2
       8
       9
       5
       7
       9
       6
      10
      12
       5
       4
       5
       9
       6
       5
       5
       4
       6
       2
      10
       7
       7
      10
       5
      10
       7
       2
       3
       5
       5
       4
       3
       2
       6
       6
       4
       8
       7
       5
       3
       5
       5
       5
       8
       5
       7
      10
       6
       6
       4
       5
       4
       5
       5
       4
       3
       5
       5
       4
       5
       8
       6
       8
       6
       4
       6
       7
       8
       7
       5
       9
       6
       7
       4
      10
       8
       3
       7
       2
       6
       7
       4
       9
       6
       6
       4
       7
       4
       8
       3
       6
      12
       6
       7
       5
       8
       2
       3
       6
       8
       8
       4
       5
       8
       5
       9
       6
       3
       4
       7
       4
       6
      11
       6
       4
       4
       3
       7
      10
       7
       4
       7
       9
       4
      10
       6
       5
      12
       5
       6
      11
       5
       5
       6
       7
       5
       6
       5
       9
       4
       5
       4
       6
       7
       5
       4
       7
       7
      14
       6
       2
       8
       2
       7
       6
       1
       5
       6
      10
       5
       6
       5
       5
       4
       2
       3
       7
       5
       4
       8
       5
       3
       2
       7
       4
       6
       4
       4
       3
      10
       4
       5
      11
       3
       5
       8
       6
       5
       6
       9
       4
       1
       4
       6
       3
      11
       5
       5
       6
       3
       6
       5
       3
       5
       4
       5
       4
       2
       7
       3
       8
       6
       4
       5
       5
       7
       4
       4
       8
       7
       5
       6
       6
       5
       5
       2
       3
       2
       4
       9
       8
       6
       4
       3
       5
       4
       3
       8
       5
       3
       2
       7
       9
       6
       4
       2
       3
       6
       7
       2
       5
       2
       7
       6
       6
       4
       5
       2
       5
       8
       7
       1
       9
      11
       6
       4
       4
      10
       8
       3
       2
       3
       5
       9
       8
       7
       7
      14
       5
       6
       6
       6
       4
      13
       8
       7
       9
       7
       7
       7
       7
       7
       7
       7
       2
       7
       3
       9
       3
       9
       5
       3
       3
       5
       2
       5
       3
       7
       9
       2
       6
       8
       6
       4
       6
       7
       4
       3
       5
       7
       4
       3
       5
       7
       6
       4
       2
       8
       5
       2
       5
       3
       5
       4
       2
       2
       1
       5
       2
       3
       5
       5
       7
       2
       3
       0
       6
       3
       3
       9
       3
       8
       7
       8
       2
       5
       4
       3
       5
       6
       4
       7
       2
       3
       4
       6
       6
       4
       6
       1
       2
       5
       8
       4
       3
       7
       5
       6
       3
       3
       2
       8
       8
       4
       4
       6
       5
       5
       5
       4
       8
       4
       4
       3
       4
       5
       3
       7
       8
       4
       7
       4
       7
       2
       6
       3
       4
       4
       4
       4
       7
       9
       8
       7
       7
       5
       7
       5
       6
      10
       4
       6
       3
       0
       6
       4
       5
       1
       4
       5
       4
       2
       2
       1
       2
       2
       6
       5
       6
       4
       4
       4
       6
       3
       7
       6
       4
       2
       3
       4
       3
       3
       4
       2
       3
       6
       7
       7
       5
       7
       4
       3
       1
       3
       3
       3
       5
       4
       1
       3
       6
       2
       4
       1
       2
       5
       4
       3
       1
       4
       9
       3
       5
       7
       3
       4
       2
       3
       3
       5
       4
       3
       9
       4
       1
       4
       3
       4
       4
       4
       4
       3
       5
       7
       2
       4
       7
       3
       2
       7
       2
       8
       7
       5
       6
       4
       5
       6
       5
       5
       6
       5
       4
       2
       2
       6
       4
       2
       6
       1
       8
       4
       1
       5
       6
       2
       3
       4
       2
       6
       4
       6
      11
       5
       5
       1
       4
       1
       4
       9
       2
       5
       7
       2
       6
       6
       2
       2
       3
       8
       5
       2
       4
       5
       4
       4
       1
       5
       4
       8
       4
       5
       5
       4
       4
       3
       6
       3
       2
       3
       4
       7
       3
       4
       3
       4
       3
       9
       5
      10
       3
       4
       1
       5
       7
       4
       5
       4
       2
       2
       4
       2
       4
       3
      11
       4
       5
       8
       2
       6
       2
       4
       3
       7
       3
       5
       4
       1
       4
       3
       5
       4
       1
       5
       9
       3
       2
       2
       2
       6
       3
       8
       3
       4
       5
       4
       7
       4
       7
       3
       3
       4
       4
       9
       5
       9
       3
       6
       2
       4
       6
       3
       3
       3
       3
       7
       3
       3
       5
       4
       6
       4
       9
       6
       7
       5
       9
       2
      10
       3
       6
       7
       7
       6
       5
       8
       6
       3
       6
       2
       2
       7
       5
       7
       1
       3
       7
       8
       7
       4
       2
       6
       4
       3
       3
       1
       3
       2
       4
       6
       2
       7
       2
       3
       4
       3
       4
       5
       5
       6
       6
       3
       3
       3
       7
       7
       4
       4
       3
       5
       3
       3
       2
       7
       9
       5
       4
       8
       2
       2
       7
       5
       6
       3
       8
       4
       5
       3
       4
       3
       5
       3
       2
       5
       6
       4
       5
       2
       3
       5
       6
       4
       8
       5
       1
       3
       5
       3
       5
       6
       1
       4
       5
       5
       4
       6
       7
       4
       5
       7
       2
       4
       4
       0
       4
       4
       9
       4
       7
       6
       4
       6
       1
       3
       6
       2
       3
       5
       2
       1
       3
       2
       4
       6
       2
       4
       4
       5
       4
       2
       5
       2
       1
       5
       4
       2
       6
       5
       8
       3
       5
       2
       2
       1
       2
       6
       6
       2
       3
       5
       6
       4
       8
       2
       3
       3
       2
       6
       4
       2
       6
       5
       5
       3
       3
       3
       4
       3
       2
       7
       2
       3
       7
       2
       3
       6
       3
       4
       1
       1
       5
       7
       7
       2
       4
       2
       0
       8
       4
       5
       4
       3
       2
       6
       7
       7
       5
       6
       6
       6
       3
       1
       2
       0
       5
       1
       1
       2
       5
       3
       5
       5
       5
       5
       4
       2
       9
       1
       2
       5
       3
       4
       3
       1
       2
       4
       5
       3
       3
       1
       2
       6
       4
       6
       3
       5
       6
       4
       3
       3
       3
       4
       6
       8
      10
       5
      10
       8
       7
      12
      10
       9
      11
      14
      10
      23
      24
      18
      20
      31
      29
      47
      40
      51
      60
      85
      86
      77
      67
      70
      66
      71
      70
      68
      81
      73
      50
      43
      37
      29
      20
      15
      12
      17
       3
      10
       6
       4
       3
       4
       1
       0
       4
       1
       3
       4
       2
       0
       1
       2
       3
       1
       2
       5
       3
       3
       4
       2
       1
       3
       2
       2
       1
       2
       3
       7
       3
       2
       2
       1
       4
       4
       5
       3
       2
       2
       1
       2
       2
       3
       2
       4
       0
       0
       3
       8
       1
       4
       3
       3
       3
       4
       3
       3
       0
       1
       4
       6
       5
       0
       7
       1
       3
       1
       2
       3
       1
       3
       1
       6
       2
       2
       3
       2
       2
       2
       4
       1
       3
       2
       4
       3
       3
       3
       1
       3
       3
       1
       6
       2
       4
       1
       3
       2
       2
       0
       3
       4
       5
       4
       2
       1
       1
       6
       5
       3
       1
       1
       0
       3
       2
       1
       5
       5
       2
       3
       1
       2
       1
       3
       3
       6
       0
       1
       1
       5
       4
       2
       0
       2
       2
       4
       3
       3
       3
       4
       4
       2
       0
       4
       1
       1
       5
       2
       3
       3
       3
       4
       1
      10
       4
       2
       4
       4
       4
       2
       4
       1
       4
       5
       1
       1
       3
       1
       5
       3
       3
       4
       3
       2
       2
       1
       4
       1
       2
       2
       2
       6
       2
       2
       0
       6
       4
       6
       4
       3
       5
       3
       5
       4
       2
       2
       1
       2
       1
       3
       2
       4
       3
       1
       3
       1
       3
       2
       3
       1
       3
       0
       5
       3
       3
       1
       3
       2
       7
       1
       2
       2
       4
       1
       5
       2
       3
       4
       0
       4
       3
       3
       2
       1
       5
       3
       4
       3
       3
       1
       2
       5
       1
       4
       4
       3
       0
       3
       2
       3
       5
       6
       2
       2
       4
       2
       4
       3
       1
       1
       4
       4
       3
       1
       3
       1
       3
       2
       4
       2
       2
       4
       3
       4
       1
       3
       1
       0
       0
       2
       0
       4
       2
       2
       2
       2
       4
       1
       3
       4
       2
       2
       2
       4
       1
       1
       1
       1
       5
       8
       2
       4
       1
       5
       3
       4
       3
       1
       1
       4
       5
       1
       4
       2
       2
       3
       3
       2
       1
       2
       3
       2
       0
       1
       1
       1
       5
       2
       4
       2
       1
       3
       0
       2
       2
       2
       7
       4
       2
       3
       1
       2
       4
       4
       0
       2
       2
       4
       2
       2
       4
       2
       3
       3
       6
       1
       2
       5
       2
       3
       3
       6
       2
       3
       0
       1
       4
       1
       2
       3
       5
       2
       3
       3
       3
       5
       1
       3
       4
       3
       1
       1
       4
       3
       4
       2
       3
       4
       4
       2
       2
       1
       2
       4
       5
       1
       1
       1
       6
       4
       3
       2
       2
       4
       3
       2
       2
       2
       0
       0
       4
       1
       1
       0
       2
       5
       6
       4
       3
       3
       5
       1
       1
       3
       5
       2
       1
       4
       2
       1
       2
       3
       3
       3
       2
       0
       5
       3
       0
       3
       3
       3
       2
       0
       3
       1
       1
       1
       3
       1
       3
       3
       3
       4
       0
       3
       2
       2
       1
       1
       4
       4
       1
       3
       4
       1
       4
       2
       2
       2
       3
       2
       7
       4
       2
       4
       3
       0
       2
       2
       2
       3
       4
       1
       2
       3
       0
       3
       2
       1
       3
       2
       0
       1
       0
       2
       3
       5
       2
       3
       4
       3
       3
       4
       2
       3
       1
       1
       7
       5
       1
       1
       1
       3
       2
       5
       5
       1
       4
       3
       1
       5
       3
       0
       1
       4
       2
       2
       0
       0
       2
       3
       5
       1
       2
       1
       1
       2
       2
       1
       2
       1
       2
       2
       2
       3
       4
       4
       2
       0
       4
       4
       1
       4
       2
       1
       2
       5
       3
       1
       0
       0
       0
       0
       0
       0
       0
       0
       0
       0
       0
       0
       0
       0
       0
       0
       0
       0
       0
       0
       0
       0
       0
       0
       0
       0
       0
       0
       0
       0
       0
       0
       0
       0
       0
       0
       0
       0
       0
       0
       0
       0
       0
       0
       0
       0
       0
       0
       0
       0
       0
       0
       0
       0
       0
       0
       0
       0
       0
       0
       0
       0
       0
       0
       0
       0
       0
       0
       0
       0
       0
       0
       0
       0
       0
       0
       0
       0
       0
       0
       0
       0
       0
       0
       0
       0
       0
       0
       0
       0
       0
       0
       0
       0
       0
       0
       0
       0
       0
       0
       0
       0
       0
       0
       0
       0
       0
       0
       0
       0
       0
       0
       0
       0
       0
       0
       0
       0
       0
       0
       0
       0
       0
       0
       0
       0
       0
       0
$ROI:
1
4146 4168
$PRESETS:
None
0
0
$ENER_FIT:
0.196194 0.194904
$MCA_CAL:
3
1.961942E-001 1.949036E-001 3.834765E-008 keV
$SHAPE_CAL:
3
0.000000E+000 0.000000E+000 0.000000E+000
