$SPEC_ID:
HFNG Beamline
$SPEC_REM:
DET# 2
DETDESC# EasyMCA
AP# Maestro Version 7.01
$DATE_MEA:
04/13/2018 15:20:46
$MEAS_TIM:
155908 155916
$DATA:
0 8191
       0
       0
       0
       0
       0
       0
       0
       0
       0
       0
       0
       0
       0
       0
       0
       0
       0
       0
       0
       0
       0
       0
       0
       0
       0
       0
       0
       0
       0
       0
       0
       0
       0
       0
       0
       0
       0
       0
       0
       0
       0
       0
       0
       0
       0
       0
       0
      17
     536
     651
     627
     578
     566
     605
     628
     664
     644
     638
     650
     655
     619
     608
     656
     665
     620
     607
     570
     637
     559
     561
     550
     595
     579
     572
     586
     601
     527
     556
     556
     547
     534
     557
     540
     535
     520
     567
     504
     540
     537
     508
     514
     503
     562
     530
     542
     535
     524
     567
     520
     487
     475
     527
     498
     547
     539
     540
     533
     498
     487
     481
     456
     484
     511
     501
     516
     484
     468
     466
     505
     461
     486
     470
     493
     455
     483
     508
     473
     501
     430
     426
     437
     499
     458
     457
     439
     467
     434
     452
     442
     434
     419
     431
     423
     425
     398
     437
     446
     449
     393
     413
     431
     390
     431
     396
     409
     430
     375
     443
     410
     411
     412
     418
     449
     433
     416
     398
     407
     392
     385
     385
     428
     389
     396
     403
     417
     377
     422
     404
     372
     368
     396
     389
     400
     412
     406
     392
     370
     386
     388
     387
     396
     393
     359
     413
     360
     390
     386
     349
     371
     362
     370
     397
     381
     371
     323
     361
     362
     394
     320
     381
     365
     357
     348
     368
     392
     385
     366
     358
     361
     326
     346
     379
     334
     349
     384
     349
     348
     331
     323
     366
     335
     364
     349
     348
     324
     384
     354
     312
     354
     355
     341
     314
     353
     346
     362
     339
     372
     340
     359
     331
     332
     354
     362
     339
     331
     328
     342
     327
     353
     342
     323
     316
     348
     345
     359
     303
     364
     337
     335
     353
     324
     331
     336
     334
     318
     329
     350
     336
     266
     360
     335
     328
     354
     338
     321
     394
     336
     341
     306
     327
     351
     291
     362
     339
     334
     369
     353
     340
     336
     325
     353
     323
     328
     301
     357
     354
     331
     345
     313
     326
     358
     345
     323
     337
     359
     357
     317
     359
     358
     340
     344
     361
     356
     393
     395
     375
     371
     357
     397
     352
     343
     348
     328
     315
     342
     347
     332
     346
     347
     343
     348
     358
     311
     313
     314
     323
     378
     319
     351
     348
     307
     370
     340
     342
     335
     355
     350
     338
     369
     327
     339
     334
     370
     342
     354
     343
     364
     357
     382
     395
     425
     517
     695
     786
     797
     644
     519
     415
     366
     391
     404
     426
     610
     844
    1141
    1177
    1017
     706
     442
     345
     339
     387
     324
     328
     333
     325
     354
     328
     339
     317
     335
     357
     313
     320
     333
     318
     330
     347
     328
     307
     300
     331
     317
     328
     288
     328
     319
     357
     356
     320
     324
     334
     310
     295
     330
     301
     327
     339
     356
     336
     408
     470
     580
     623
     682
     684
     694
     591
     498
     370
     336
     303
     343
     316
     334
     330
     354
     435
     509
     426
     389
     345
     319
     302
     311
     309
     291
     290
     319
     318
     326
     325
     339
     326
     299
     316
     298
     294
     244
     322
     299
     307
     354
     363
     450
     422
     454
     427
     417
     403
     354
     355
     282
     302
     284
     302
     305
     292
     305
     289
     299
     292
     302
     328
     295
     268
     317
     308
     315
     287
     270
     299
     301
     269
     310
     304
     285
     306
     301
     298
     278
     303
     297
     281
     290
     269
     283
     290
     273
     291
     279
     270
     273
     292
     309
     298
     304
     305
     300
     315
     311
     290
     282
     317
     273
     328
     342
     298
     332
     303
     331
     338
     333
     294
     331
     295
     302
     307
     295
     317
     309
     291
     318
     264
     316
     287
     302
     314
     298
     277
     313
     298
     307
     305
     291
     273
     286
     317
     293
     284
     315
     301
     283
     314
     315
     299
     297
     310
     289
     318
     266
     290
     326
     291
     286
     312
     267
     296
     295
     322
     299
     321
     313
     316
     301
     271
     272
     299
     263
     320
     341
     270
     319
     274
     264
     269
     304
     284
     301
     295
     294
     292
     285
     306
     254
     281
     309
     313
     306
     314
     323
     309
     325
     302
     319
     310
     282
     274
     292
     296
     288
     345
     292
     291
     280
     258
     272
     286
     278
     293
     293
     263
     314
     319
     289
     303
     287
     276
     286
     322
     310
     288
     282
     296
     279
     294
     300
     291
     291
     270
     282
     286
     295
     294
     323
     299
     295
     287
     310
     299
     265
     313
     281
     263
     309
     268
     288
     267
     314
     302
     312
     296
     339
     252
     296
     286
     268
     291
     289
     267
     305
     284
     267
     326
     276
     293
     276
     303
     308
     304
     262
     283
     297
     308
     282
     286
     277
     290
     271
     283
     262
     316
     288
     280
     317
     292
     286
     265
     250
     290
     259
     317
     286
     295
     288
     283
     281
     259
     277
     293
     284
     274
     270
     313
     306
     289
     393
     432
     460
     418
     374
     319
     321
     265
     272
     261
     276
     263
     260
     285
     274
     250
     292
     272
     234
     269
     253
     250
     268
     281
     279
     287
     284
     249
     257
     262
     265
     273
     284
     255
     257
     257
     272
     266
     290
     271
     290
     269
     249
     288
     259
     252
     260
     265
     260
     255
     263
     240
     261
     244
     257
     282
     257
     252
     275
     255
     252
     279
     261
     280
     272
     259
     257
     281
     249
     259
     236
     268
     255
     269
     246
     249
     280
     265
     271
     273
     261
     264
     262
     270
     260
     261
     266
     238
     248
     251
     271
     247
     259
     245
     230
     255
     256
     247
     267
     290
     304
     333
     339
     313
     322
     260
     278
     241
     244
     253
     246
     244
     224
     244
     250
     257
     281
     204
     248
     238
     259
     243
     261
     273
     239
     246
     244
     228
     236
     240
     261
     255
     231
     254
     219
     230
     258
     237
     229
     243
     271
     244
     252
     224
     227
     252
     262
     229
     224
     244
     207
     240
     225
     259
     251
     248
     232
     240
     258
     244
     245
     226
     232
     243
     246
     228
     239
     251
     250
     240
     228
     248
     222
     232
     247
     204
     228
     232
     207
     213
     235
     209
     246
     225
     217
     255
     206
     231
     252
     242
     227
     214
     237
     215
     186
     238
     230
     210
     264
     237
     239
     219
     223
     256
     217
     248
     250
     240
     217
     219
     248
     257
     284
     361
     532
     789
    1048
    1163
    1057
     732
     474
     348
     245
     222
     204
     226
     195
     184
     250
     198
     227
     225
     213
     233
     194
     230
     222
     201
     189
     211
     214
     229
     197
     200
     209
     195
     219
     212
     210
     191
     218
     208
     208
     207
     199
     207
     182
     218
     208
     219
     181
     194
     222
     215
     218
     231
     231
     226
     208
     195
     204
     216
     189
     199
     176
     196
     201
     183
     200
     203
     207
     207
     195
     209
     226
     220
     208
     200
     198
     211
     197
     212
     200
     194
     218
     204
     214
     198
     207
     228
     203
     223
     220
     207
     188
     195
     222
     188
     216
     210
     187
     193
     196
     206
     208
     243
     244
     257
     264
     246
     213
     176
     191
     184
     185
     178
     196
     172
     208
     165
     184
     180
     178
     196
     199
     181
     182
     197
     189
     183
     153
     178
     173
     180
     186
     193
     157
     206
     208
     172
     201
     206
     222
     174
     169
     182
     157
     169
     183
     185
     198
     181
     175
     175
     182
     170
     199
     169
     187
     181
     180
     174
     190
     166
     173
     155
     171
     202
     156
     181
     166
     177
     167
     168
     187
     163
     173
     200
     190
     150
     187
     174
     152
     164
     179
     168
     158
     174
     180
     190
     191
     187
     177
     165
     150
     174
     184
     175
     178
     167
     162
     184
     190
     168
     160
     181
     160
     178
     163
     173
     130
     182
     178
     157
     153
     174
     155
     171
     181
     156
     152
     167
     169
     145
     173
     163
     168
     147
     161
     156
     144
     177
     182
     140
     151
     156
     150
     140
     158
     163
     148
     147
     185
     155
     164
     149
     143
     156
     188
     165
     128
     157
     168
     162
     155
     164
     163
     163
     165
     140
     167
     158
     151
     145
     187
     171
     139
     166
     151
     163
     163
     155
     149
     145
     156
     193
     229
     257
     270
     288
     248
     225
     183
     165
     132
     152
     127
     149
     147
     174
     144
     142
     159
     166
     143
     163
     148
     165
     139
     166
     153
     160
     150
     128
     164
     143
     144
     147
     122
     145
     149
     153
     136
     138
     120
     134
     144
     138
     133
     152
     137
     147
     146
     152
     168
     150
     133
     141
     131
     128
     140
     128
     141
     148
     131
     115
     150
     149
     137
     135
     154
     130
     141
     141
     125
     147
     148
     147
     161
     139
     143
     160
     116
     133
     125
     150
     129
     138
     147
     140
     110
     143
     146
     143
     119
     126
     128
     147
     146
     146
     119
     123
     132
     113
     116
     124
     114
     125
     139
     128
     125
     148
     127
     134
     133
     123
     135
     125
     127
     122
     138
     147
     127
     116
     121
     130
     123
     137
     154
     124
     133
     121
     130
     123
     130
     140
     129
     124
     133
     120
     131
     131
     141
     114
     139
     130
     161
     109
     118
     144
     123
     120
     106
     116
     123
     136
     125
     130
     120
     112
     139
     120
     121
     116
     119
     154
     121
     121
     127
     145
     134
      96
     105
     119
     132
     131
     108
     122
     120
     124
     108
     127
     114
     118
     110
     115
     138
     140
     123
     142
     127
     113
     120
     118
     121
     140
     129
     112
     127
     125
     123
     116
     124
     113
     143
     105
     110
     128
     120
     103
      97
     145
     123
     123
     120
     138
     109
     102
     113
     114
     129
     107
      92
     106
     121
     127
     115
     115
     128
     108
     104
     111
     126
     122
     126
     103
     119
      99
     122
     140
     114
     115
     114
     111
     100
     105
     106
     112
     109
     115
     121
     116
     118
     129
      93
     120
     113
     111
     108
     110
     118
     117
     120
     119
     125
     127
     104
     114
     100
     102
     102
     115
     100
      99
     122
     121
     110
     108
      90
     106
     116
     102
     106
     120
     107
     109
     114
     112
      99
     108
     107
     128
     126
     100
     102
     111
     128
     109
     149
     140
     123
     109
     103
     115
      93
     101
      97
     110
     104
     113
     111
     106
     101
     106
      99
      98
      96
     109
     121
     106
      95
      93
      95
     121
     100
     100
     111
     119
      96
      97
     102
     113
      94
      92
     107
     118
      91
      86
     127
     113
     112
      94
     108
     102
     107
     121
     105
     107
      96
     109
     113
     109
      93
     105
     107
      82
      95
     106
      95
      98
     114
     102
     100
      93
     110
     106
     107
      96
      93
     109
      95
     119
      98
      95
     110
     105
     104
     110
     105
     104
      98
     104
     106
      99
      79
      94
     105
      92
      94
     101
      97
      94
      81
      82
      86
      93
      88
     100
      87
      97
      90
      97
     115
      79
      98
      90
     103
     114
     111
      86
      92
      93
     100
      92
      87
      90
      98
      84
      91
     109
     103
      78
      93
     102
      95
      84
      86
      84
      92
      94
     101
      89
     113
     101
      94
     103
      96
      91
      97
      93
      88
      87
     103
      94
      83
      85
     112
      88
      81
      99
     102
      84
      94
      95
      94
      87
      81
      98
     107
      96
      91
      96
      92
     114
      83
      98
      95
      93
      77
     100
      94
      74
      90
      96
      78
     106
      93
      88
     106
     101
      83
     112
     105
      93
      97
      96
      72
      83
      87
      91
      95
      91
      88
      72
      94
      78
      75
      91
      90
      95
      87
      99
     101
     105
      78
      87
      85
      99
      82
      84
      85
      85
      82
      96
      93
     114
      92
     117
     116
      84
     104
     106
      98
      93
     106
      84
      70
      67
      73
     103
      80
      69
      84
      73
      71
     110
      93
      79
      91
      96
      87
      84
      71
      91
      88
      90
      71
      88
      82
      76
      91
      78
      85
      76
      88
      84
      82
      82
      87
      80
      78
      73
      84
      82
      70
      83
      90
      93
      88
      86
      78
      94
      83
      81
      91
      92
      83
      75
      72
      74
      82
     105
      87
      83
     106
     104
     121
      99
     119
     133
     132
     137
      97
     111
      89
      88
      87
      86
      76
      73
      67
      81
      83
      67
      82
      84
      78
      86
      75
      77
      70
      72
      80
      68
      74
      79
      63
      70
      68
      71
      84
      81
      71
      69
      87
      86
      68
      88
      74
      86
      66
      69
      80
      77
      75
      60
      81
      65
      75
      76
      69
      68
      81
      81
      73
      75
      73
      74
      82
      65
      76
      73
      67
      55
      61
      76
      77
      73
      70
      77
      70
      68
      73
      57
      73
      64
      74
      75
      76
      65
      82
      66
      67
      85
      75
      74
      74
      57
      63
      70
      64
      73
      78
      68
      63
      78
      66
      78
      84
      72
      68
      81
      74
      79
      82
      72
      57
      62
      58
      68
      73
      80
      69
      61
      53
      74
      61
      75
      78
      68
      68
      85
      57
      77
      79
      80
      75
      64
      69
      78
      69
      63
      66
      56
      66
      77
      77
      77
      65
      76
      62
      83
      63
      64
      51
      68
      63
      68
      73
      81
      74
      94
      70
      69
      69
      71
      80
      57
      78
      74
      71
      63
      69
      61
      81
      77
      70
      60
      77
      67
      60
      66
      58
      61
      72
      60
      66
      76
      68
      72
      74
      77
      74
      76
      68
      68
      73
      66
      78
      71
      66
      73
      62
      75
      83
      63
      70
      44
      96
      72
      72
      76
      88
      67
      57
      61
      66
      85
      62
      68
      68
      68
      74
      58
      75
      63
      65
      71
      68
      77
      76
      66
      79
      68
      69
      77
      67
      63
      64
      62
      77
      61
      75
      75
      61
      74
      61
      56
      72
      44
      61
      62
      64
      68
      68
      60
      65
      63
      70
      63
      74
      56
      66
      66
      64
      74
      54
      68
      72
      60
      65
      51
      55
      65
      58
      72
      57
      76
      60
      70
      61
      60
      81
      53
      79
      72
      66
      66
      65
      50
      50
      83
      78
      57
      70
      63
      64
      60
      60
      56
      54
      59
      69
      51
      66
      71
      81
      60
      68
      54
      47
      56
      57
      71
      55
      71
      51
      55
      55
      61
      57
      64
      71
      50
      66
      61
      65
      66
      74
      63
      78
      59
      68
      67
      66
      67
      66
      61
      64
      67
      64
      55
      63
      63
      53
      59
      68
      68
      63
      51
      72
      62
      62
      69
      65
      76
      53
      59
      61
      50
      66
      66
      57
      43
      46
      52
      62
      65
      59
      69
      64
      62
      75
      54
      62
      48
      58
      68
      65
      69
      58
      47
      48
      60
      59
      71
      60
      56
      55
      75
      60
      60
      48
      58
      45
      55
      56
      68
      69
      54
      75
      62
      61
      55
      51
      52
      53
      51
      72
      68
      48
      54
      58
      58
      53
      51
      48
      61
      58
      46
      69
      54
      61
      61
      61
      54
      71
      78
      69
      76
      78
      74
      68
      58
      56
      61
      56
      64
      54
      57
      49
      56
      48
      50
      74
      56
      49
      55
      64
      55
      61
      58
      60
      65
      64
      50
      56
      59
      70
      72
      55
      46
      57
      59
      66
      51
      55
      64
      59
      50
      67
      49
      64
      60
      59
      67
      60
      60
      58
      57
      54
      55
      66
      59
      54
      44
      52
      52
      56
      61
      67
      56
      54
      62
      49
      52
      41
      67
      42
      42
      63
      74
      49
      55
      41
      56
      55
      51
      59
      53
      54
      63
      58
      51
      37
      48
      49
      57
      54
      61
      52
      55
      48
      57
      43
      49
      68
      59
      45
      63
      55
      60
      38
      56
      53
      55
      53
      61
      61
      61
      49
      43
      49
      54
      47
      44
      57
      51
      51
      49
      53
      58
      60
      51
      45
      66
      50
      59
      56
      52
      49
      51
      51
      62
      48
      44
      60
      51
      55
      44
      50
      41
      53
      53
      52
      64
      55
      56
      61
      61
      62
      48
      52
      67
      53
      53
      56
      64
      52
      48
      39
      58
      52
      56
      54
      54
      47
      44
      50
      51
      62
      63
      56
      56
      54
      56
      70
      58
      57
      53
      60
      52
      36
      53
      48
      51
      42
      48
      55
      55
      64
      62
      64
      50
      48
      61
      56
      44
      50
      51
      44
      53
      44
      44
      56
      54
      44
      49
      41
      45
      49
      50
      56
      53
      61
      57
      59
      60
      60
      53
      44
      45
      58
      55
      52
      49
      68
      59
      44
      60
      47
      61
      40
      54
      51
      51
      39
      52
      59
      53
      40
      47
      50
      41
      51
      52
      45
      50
      55
      56
      55
      43
      60
      48
      45
      51
      42
      45
      45
      43
      58
      45
      53
      52
      49
      58
      58
      43
      49
      33
      58
      47
      35
      46
      48
      55
      55
      58
      41
      46
      53
      52
      52
      56
      61
      61
      34
      56
      57
      48
      49
      48
      45
      63
      46
      49
      63
      56
      67
      43
      43
      48
      50
      41
      46
      47
      34
      51
      51
      51
      48
      47
      48
      56
      59
      47
      44
      33
      45
      54
      51
      66
      54
      57
      53
      54
      45
      50
      46
      45
      41
      55
      39
      54
      32
      50
      45
      53
      45
      46
      59
      42
      49
      39
      50
      49
      54
      37
      50
      55
      39
      42
      57
      55
      53
      53
      29
      53
      58
      35
      52
      51
      59
      51
      52
      43
      65
      44
      56
      44
      47
      44
      36
      49
      38
      48
      47
      59
      52
      52
      52
      50
      57
      64
      69
      91
      88
      98
      99
     124
     129
     134
     151
     149
     161
     164
     143
     150
     140
     123
     117
      83
     100
      91
      74
      72
      57
      57
      54
      59
      58
      52
      60
      56
      49
      47
      42
      50
      50
      40
      58
      43
      50
      47
      39
      48
      41
      48
      45
      49
      43
      51
      47
      50
      47
      49
      41
      43
      50
      39
      45
      32
      46
      43
      45
      44
      54
      37
      31
      38
      37
      50
      38
      46
      46
      40
      41
      54
      49
      61
      40
      54
      44
      37
      46
      40
      42
      41
      43
      45
      44
      37
      39
      40
      45
      52
      40
      45
      51
      48
      37
      39
      45
      48
      38
      41
      28
      49
      40
      35
      47
      46
      34
      46
      36
      39
      48
      45
      46
      33
      46
      46
      41
      48
      41
      52
      49
      53
      39
      38
      34
      44
      32
      42
      48
      41
      42
      31
      46
      50
      64
      37
      38
      40
      38
      40
      41
      30
      49
      48
      49
      45
      46
      38
      39
      49
      41
      47
      44
      32
      40
      38
      38
      42
      46
      53
      35
      46
      52
      45
      46
      33
      43
      43
      30
      39
      42
      48
      35
      48
      36
      56
      31
      39
      41
      48
      38
      41
      46
      51
      39
      41
      59
      49
      37
      43
      38
      36
      36
      35
      40
      37
      54
      37
      39
      38
      44
      44
      41
      33
      45
      43
      31
      36
      45
      42
      30
      45
      36
      43
      37
      50
      30
      45
      51
      31
      39
      44
      30
      51
      31
      39
      35
      33
      35
      57
      48
      32
      45
      38
      33
      42
      54
      38
      46
      39
      49
      42
      37
      34
      49
      38
      37
      33
      44
      49
      38
      30
      40
      33
      41
      39
      44
      37
      41
      49
      43
      35
      48
      44
      35
      43
      34
      36
      45
      33
      39
      43
      37
      46
      39
      43
      34
      30
      43
      46
      46
      49
      47
      52
      28
      32
      31
      39
      39
      38
      49
      33
      35
      32
      40
      33
      35
      49
      41
      39
      38
      28
      34
      34
      42
      45
      44
      44
      40
      39
      41
      52
      30
      33
      35
      51
      34
      43
      33
      37
      46
      40
      40
      41
      34
      44
      42
      38
      34
      43
      44
      40
      42
      31
      43
      37
      41
      30
      44
      38
      32
      39
      31
      41
      37
      41
      32
      37
      36
      36
      36
      42
      44
      37
      43
      45
      56
      31
      32
      42
      52
      47
      39
      26
      28
      44
      26
      40
      52
      53
      34
      50
      55
      59
      58
      56
      60
      72
      84
      75
      68
      68
      53
      41
      50
      40
      30
      43
      34
      24
      33
      42
      44
      37
      48
      35
      39
      35
      32
      39
      41
      32
      37
      45
      29
      40
      33
      35
      33
      39
      35
      33
      36
      52
      35
      33
      32
      32
      34
      51
      50
      47
      38
      42
      37
      42
      40
      32
      38
      41
      38
      45
      38
      35
      36
      36
      38
      28
      29
      34
      36
      28
      38
      42
      28
      44
      26
      45
      41
      27
      47
      35
      26
      33
      38
      37
      31
      38
      32
      33
      42
      29
      36
      37
      41
      38
      37
      39
      39
      38
      39
      39
      36
      32
      37
      36
      35
      33
      35
      37
      42
      31
      36
      37
      40
      32
      48
      36
      36
      42
      32
      39
      36
      33
      39
      37
      36
      47
      41
      35
      35
      41
      35
      36
      43
      39
      40
      63
      54
      93
      78
      71
      86
      94
      80
      76
      54
      70
      50
      53
      43
      33
      37
      47
      41
      41
      35
      33
      42
      30
      37
      32
      46
      52
      30
      49
      54
      44
      40
      44
      34
      40
      43
      39
      36
      30
      34
      36
      34
      39
      21
      23
      40
      33
      25
      19
      40
      32
      38
      39
      33
      25
      33
      33
      44
      30
      36
      24
      41
      24
      38
      42
      39
      36
      38
      32
      35
      27
      23
      43
      29
      48
      29
      29
      28
      31
      38
      30
      37
      28
      37
      18
      27
      27
      36
      40
      28
      39
      36
      31
      35
      40
      33
      33
      29
      37
      36
      34
      27
      32
      37
      34
      34
      32
      32
      38
      32
      40
      38
      31
      32
      23
      32
      30
      33
      35
      38
      24
      36
      36
      33
      31
      23
      32
      38
      21
      39
      33
      24
      34
      38
      42
      36
      34
      27
      39
      31
      24
      34
      30
      34
      25
      31
      19
      24
      30
      32
      33
      35
      33
      35
      38
      21
      29
      23
      33
      22
      26
      29
      34
      17
      22
      47
      30
      23
      22
      28
      34
      30
      32
      29
      43
      36
      32
      31
      39
      33
      34
      23
      39
      33
      42
      34
      29
      30
      37
      36
      33
      30
      24
      37
      36
      20
      26
      34
      40
      28
      21
      26
      38
      33
      42
      33
      32
      29
      26
      29
      40
      30
      26
      19
      32
      30
      39
      40
      38
      46
      43
      28
      28
      45
      28
      35
      30
      30
      38
      29
      36
      20
      44
      34
      30
      25
      30
      40
      29
      34
      33
      30
      46
      35
      37
      31
      30
      28
      30
      30
      33
      24
      31
      28
      27
      27
      34
      26
      31
      28
      33
      36
      24
      30
      25
      32
      36
      43
      28
      27
      37
      28
      30
      34
      34
      36
      42
      39
      26
      29
      46
      25
      26
      30
      28
      32
      25
      32
      41
      42
      32
      34
      37
      34
      30
      41
      27
      31
      34
      24
      33
      27
      26
      24
      36
      35
      35
      32
      39
      32
      32
      32
      27
      32
      30
      35
      29
      31
      34
      28
      35
      35
      31
      23
      26
      31
      16
      27
      27
      34
      28
      30
      27
      31
      29
      25
      40
      27
      32
      32
      29
      25
      28
      37
      34
      41
      29
      33
      37
      34
      30
      30
      32
      42
      28
      29
      24
      37
      37
      28
      35
      17
      26
      41
      25
      27
      34
      33
      41
      33
      20
      27
      26
      29
      35
      34
      24
      34
      41
      28
      34
      30
      29
      24
      35
      19
      39
      29
      31
      30
      32
      39
      36
      28
      26
      38
      29
      29
      26
      29
      28
      22
      27
      34
      32
      28
      32
      27
      42
      24
      27
      34
      28
      36
      23
      40
      28
      29
      31
      35
      32
      34
      28
      27
      24
      25
      28
      26
      32
      31
      28
      21
      35
      28
      38
      32
      41
      29
      34
      31
      34
      35
      27
      31
      27
      29
      29
      28
      25
      29
      37
      31
      46
      34
      35
      26
      27
      25
      48
      33
      25
      23
      31
      32
      27
      20
      26
      35
      17
      37
      38
      17
      28
      34
      27
      30
      27
      24
      25
      39
      33
      29
      34
      31
      24
      23
      28
      32
      25
      28
      31
      32
      24
      31
      29
      31
      30
      24
      33
      27
      32
      26
      31
      29
      34
      23
      35
      28
      24
      37
      17
      35
      28
      33
      31
      27
      29
      32
      26
      25
      31
      43
      19
      35
      33
      32
      30
      31
      25
      22
      20
      19
      35
      28
      32
      33
      34
      29
      35
      32
      34
      24
      28
      30
      26
      27
      37
      28
      31
      32
      17
      37
      27
      30
      24
      26
      31
      27
      36
      22
      31
      23
      30
      26
      17
      22
      40
      31
      24
      29
      24
      32
      26
      29
      33
      33
      28
      35
      29
      29
      24
      32
      32
      36
      37
      44
      44
      44
      31
      43
      48
      46
      29
      29
      33
      29
      28
      28
      31
      32
      26
      22
      34
      28
      41
      28
      34
      36
      32
      39
      30
      23
      36
      34
      30
      28
      31
      40
      20
      27
      24
      27
      26
      38
      27
      24
      36
      16
      21
      26
      20
      30
      27
      25
      33
      29
      28
      31
      26
      28
      27
      25
      27
      25
      28
      26
      32
      25
      24
      21
      28
      28
      25
      25
      24
      24
      27
      14
      30
      20
      31
      21
      35
      39
      29
      27
      26
      29
      28
      17
      23
      33
      25
      25
      40
      22
      25
      32
      31
      23
      20
      32
      21
      30
      34
      35
      37
      27
      38
      38
      24
      26
      33
      27
      23
      36
      32
      24
      26
      21
      23
      26
      31
      27
      21
      19
      31
      27
      28
      26
      35
      25
      17
      26
      35
      30
      20
      24
      20
      26
      25
      32
      37
      33
      39
      21
      22
      25
      24
      16
      23
      29
      29
      29
      26
      18
      21
      22
      27
      27
      30
      27
      32
      25
      23
      32
      26
      31
      23
      27
      37
      22
      36
      28
      19
      25
      39
      32
      30
      25
      24
      24
      23
      25
      26
      31
      22
      18
      28
      26
      33
      28
      28
      28
      20
      25
      20
      32
      31
      40
      24
      30
      34
      20
      33
      27
      21
      28
      29
      33
      31
      27
      26
      19
      23
      19
      31
      28
      30
      27
      23
      29
      33
      30
      26
      31
      21
      32
      23
      28
      23
      27
      34
      40
      24
      27
      33
      43
      33
      28
      28
      33
      21
      39
      27
      25
      29
      29
      32
      26
      26
      25
      19
      31
      19
      21
      24
      32
      35
      32
      22
      31
      34
      26
      36
      31
      26
      34
      23
      20
      25
      20
      32
      22
      30
      23
      16
      27
      24
      23
      21
      24
      23
      23
      34
      18
      14
      27
      26
      32
      26
      30
      34
      26
      17
      28
      17
      32
      19
      24
      20
      30
      15
      27
      26
      22
      25
      25
      23
      24
      32
      26
      26
      25
      22
      13
      26
      27
      23
      33
      26
      31
      31
      33
      28
      22
      21
      21
      33
      26
      33
      27
      32
      20
      30
      25
      20
      31
      28
      24
      31
      30
      26
      20
      13
      23
      32
      23
      22
      23
      24
      25
      21
      20
      31
      19
      23
      20
      24
      19
      24
      32
      23
      22
      24
      22
      25
      27
      24
      34
      27
      27
      20
      26
      22
      23
      18
      24
      34
      28
      29
      20
      24
      25
      22
      22
      26
      28
      24
      20
      25
      24
      17
      25
      17
      24
      18
      18
      27
      27
      23
      26
      27
      21
      26
      20
      35
      27
      28
      24
      24
      34
      27
      21
      27
      23
      33
      29
      25
      27
      26
      17
      26
      31
      24
      22
      24
      18
      27
      24
      26
      28
      25
      19
      27
      28
      26
      28
      23
      19
      24
      26
      30
      29
      34
      31
      28
      28
      37
      30
      47
      51
      43
      64
     106
     101
      94
      92
      82
      92
     121
      82
      60
      54
      51
      55
      36
      28
      17
      29
      21
      19
      18
      22
      17
      12
      19
      16
      20
      30
      26
      25
      20
      24
      18
      25
      25
      24
      29
      27
      22
      22
      26
      28
      22
      25
      22
      23
      25
      23
      23
      23
      24
      13
      20
      22
      12
      19
      14
      24
      22
      16
      15
      25
      23
      21
      29
      17
      25
      22
      28
      12
      18
      21
      16
      16
      11
      20
      18
      21
      18
      23
      22
      22
      23
      30
      19
      22
      24
      21
      21
      20
      28
      22
      22
      32
      28
      20
      36
      31
      25
      24
      29
      23
      21
      22
      29
      27
      23
      19
      23
      18
      25
      31
      23
      16
      23
      20
      18
      20
      20
      24
      21
      29
      19
      26
      16
      18
      25
      19
      34
      18
      15
      26
      21
      31
      13
      16
      19
      26
      21
      28
      25
      13
      20
      28
      23
      31
      22
      26
      22
      25
      14
      15
      13
      25
      11
      20
      31
      23
      15
      25
      22
      23
      21
      25
      18
      29
      26
      25
      28
      30
      25
      26
      17
      19
      14
      17
      19
      33
      18
      24
      17
      30
      20
      23
      25
      21
      22
      29
      22
      20
      17
      22
      27
      25
      31
      22
      19
      23
      21
      22
      20
      16
      25
      19
      28
      29
      24
      18
      24
      15
      17
      17
      17
      23
      18
      20
      24
      19
      21
      14
      31
      18
      25
      22
      29
      22
      21
      24
      23
      21
      33
      20
      20
      25
      18
      12
      19
      25
      17
      30
      32
      27
      19
      19
      19
      23
      19
      25
      24
      31
      26
      16
      30
      21
      22
      23
      26
      26
      28
      31
      24
      21
      29
      21
      33
      23
      20
      18
      25
      22
      12
      23
      36
      25
      21
      21
      23
      14
      19
      21
      21
      22
      14
      14
      35
      22
      22
      22
      21
      23
      23
      20
      17
      20
      28
      20
      13
      28
      20
      14
      20
      25
      27
      21
      27
      25
      19
      23
      25
      15
      26
      23
      22
      26
      21
      24
      23
      24
      27
      24
      18
      27
      31
      22
      22
      22
      11
      22
      19
      17
      26
      25
      24
      29
      15
      17
      26
      18
      19
      26
      26
      22
      17
      15
      26
      23
      21
      17
      21
      22
      34
      21
      27
      25
      15
      14
      23
      24
      21
      29
      24
      25
      18
      21
      20
      31
      23
      29
      19
      31
      20
      22
      24
      22
      21
      19
      20
      28
      20
      27
      21
      20
      21
      19
      19
      21
      22
      26
      10
      24
      16
      15
      16
      28
      29
      22
      18
      22
      22
      21
      22
      15
      22
      13
      19
      23
      22
      23
      20
      22
      20
      22
      31
      18
      15
      26
      30
      22
      27
      27
      18
      22
      18
      20
      28
      18
      20
      18
      22
      20
      18
      25
      23
      18
      20
      24
      23
      18
      19
      22
      21
      19
      22
      22
      11
      19
      22
      20
      22
      24
      23
      19
      23
      20
      22
      15
      26
      26
      21
      21
      21
      23
      18
      18
      19
      17
      19
      13
      22
      26
      17
      15
      24
      21
      20
      22
      18
      19
      22
      33
      21
      22
      21
      20
      19
      26
      17
      17
      18
      28
      23
      25
      14
      18
      21
      23
      20
      17
      25
      16
      15
      20
      21
      25
      13
      17
      22
      26
      14
      17
      27
      26
      34
      36
      36
      32
      35
      32
      36
      39
      37
      46
      53
      47
      40
      42
      26
      38
      27
      21
      24
      16
      16
      23
      24
      19
      24
      22
      18
      10
      14
      21
      19
      22
      20
      10
      17
      20
      28
      14
      21
      27
      20
      22
      26
      25
      18
      22
      21
      18
      19
      22
      21
      20
      34
      17
      20
      21
      20
      20
      16
      19
      21
      12
      21
      16
      32
      21
      14
      24
      19
      18
      22
      19
      22
      32
      10
      25
      21
      14
      24
      23
      18
      20
      20
      20
      17
      24
      20
      20
      18
      29
      15
      20
      19
      15
      19
      13
      22
      23
      22
      14
      11
      21
      15
      17
      11
      21
      21
      23
      17
      20
      28
      20
      17
      18
      17
      17
      18
      20
      19
      17
      19
      25
      18
      22
      29
      17
      28
      19
      17
      23
      24
      19
      19
      20
      13
      15
      18
      19
      22
      20
      25
      23
      19
      13
      21
      16
      16
      12
      20
      21
      19
      22
      12
      10
      21
      24
      16
      21
      13
      26
      18
      14
      17
      19
      17
      24
      18
      20
      20
      20
      19
      24
       9
      25
      24
      24
      14
      19
      24
      29
      23
      24
      22
      19
      21
      19
      22
      17
      19
      18
      22
      25
      10
      16
      22
      16
      23
      24
      23
      18
      17
      16
      24
      11
      19
      25
      21
      17
      20
      17
      22
      23
      15
      27
      19
      17
      14
      15
      23
      19
      20
      24
      19
      13
      20
      16
      13
      20
      10
      21
      14
      13
      18
      22
      18
      19
      14
      21
      23
      19
      23
      16
      20
      19
      12
      16
      16
      22
      20
      14
      22
      14
      13
      17
      18
      29
      14
      14
      22
      25
      13
      17
      17
      14
      15
      16
      14
      30
      13
      16
      19
      22
      14
      20
      23
      19
      18
      16
      16
      18
      20
      21
      29
      21
      19
      27
      19
      20
      29
      26
      16
      21
      21
      16
      22
      26
      28
      26
      25
      21
      30
      26
      32
      26
      26
      25
      31
      27
      32
      31
      29
      32
      22
      17
      17
      23
      23
      20
      21
      26
      17
      17
      18
      14
      19
      11
      20
      25
      12
      20
      20
      15
      22
      19
      21
      15
      16
      21
      15
      13
      20
      17
      18
      13
      25
      17
      16
      18
      18
      13
      15
      17
      18
      19
      11
      17
      24
      15
      18
      15
      15
      19
      16
      14
      15
      17
      16
      13
      19
      20
      16
      22
      17
      17
      19
      23
      24
      27
      17
      15
      20
      18
      11
      21
      18
      20
      17
      22
      26
      20
      13
      19
      17
      15
      19
      14
      26
      14
      22
      18
      20
      17
      19
      26
      16
      17
      15
      24
      22
      18
      12
      23
      18
      12
      16
      10
      17
      15
      17
      17
      23
      17
      17
      14
      24
      15
      12
      16
      15
      23
      18
      19
      17
      14
      13
      14
      18
      15
      11
      26
      29
      17
      16
      13
      18
       9
      19
      19
      17
      10
      20
      22
      21
      19
      22
      22
      18
      13
      17
      19
      19
      19
      13
      23
      17
      22
      30
      17
      21
      19
      11
      30
      11
      22
      19
      16
      17
      20
      14
      18
      15
      15
       8
      21
      18
      17
      23
      14
      19
      24
      22
      17
      16
      17
      18
      19
      20
      18
      15
      12
      13
      20
      18
       8
      17
      11
      21
      17
      13
       8
      16
      15
      18
       9
      21
      15
      15
      13
      17
      17
      15
      16
      17
      16
      15
      19
      18
      10
      22
      18
      18
      11
       7
      18
      19
      17
       9
      14
      20
      17
      23
      16
      12
      20
      19
      13
      11
      18
      17
      21
      13
      17
      13
      19
      11
      18
      15
      19
      12
      10
      19
      21
      14
      12
      12
      12
      18
      15
      16
      21
      12
      15
      19
      23
      12
      16
      26
      18
      12
      20
      15
      23
      11
      19
      16
      19
      15
      12
      18
       8
      22
      12
      15
      14
      12
      18
      15
      21
      10
      13
      15
      16
      16
      21
      17
      18
      23
      14
      26
      11
      15
      20
      17
      15
       8
      16
      16
      13
      19
      12
      17
      15
      15
      19
      10
      21
      14
      22
      17
      17
      10
      16
      15
      21
      20
      21
      27
      15
      25
      17
      14
      14
       9
      15
       8
      16
      17
      10
      11
      18
      14
      16
      16
      12
      15
      20
      13
      18
      14
      15
      20
      12
      10
      20
      17
      21
      18
      18
      11
      15
      14
      12
      17
      13
      17
      19
      14
      16
      23
      17
      20
      15
      16
      16
      18
      17
      12
      14
      20
      25
      16
      12
      13
      19
      13
      19
      19
      19
      11
      17
       6
      10
      16
      21
      20
      14
      20
      15
      12
      15
      20
      20
       8
      18
      22
      18
      25
      13
      20
      17
      17
      13
      15
      10
      15
      18
      16
      20
      13
      23
      15
      22
      20
      15
      19
      17
      18
      17
      19
      16
      17
      17
      17
      11
      13
      14
      12
      18
      14
      17
      20
      17
      14
      13
      11
      16
      19
      15
      22
      11
      17
      14
      19
      17
      15
      15
      18
      19
      14
      18
      17
      19
      21
      17
      12
      17
      19
      19
      18
      14
      15
      17
      15
      10
      14
      15
       8
      18
      22
      21
      19
      17
      25
      10
      21
      16
       9
      14
      10
      14
      16
      12
      15
      16
      23
      17
      17
      16
      24
      18
       9
      19
      15
      11
      20
      15
      15
      21
      17
      17
      17
      21
      10
      22
      16
      15
      15
      15
      11
      15
      13
      19
      11
      15
      15
      10
      15
      20
      18
      12
      15
      15
      12
      22
      13
      17
      23
      19
      14
      13
      13
      17
      11
      13
      16
      14
      19
      18
      13
      11
      20
      16
      23
      23
      16
      19
      24
      19
      18
      14
      15
      20
      16
      17
      11
      15
      17
      10
      18
      21
      12
      18
      12
      18
      11
      17
      16
      21
       9
      22
      20
      17
      18
      15
      11
      18
      23
      15
      12
      19
      11
      17
      21
      22
      19
      12
      14
      18
      14
      19
      14
      15
      17
      13
      15
      16
      12
      12
      20
      12
      13
      12
      18
      17
      20
      15
      23
       8
      20
      21
      11
      26
      19
      19
      19
      21
      17
      12
      17
       7
      22
      11
      20
      18
      17
      15
       8
      13
      12
      14
      18
      13
      10
      18
      13
      14
      13
      15
      20
      10
      15
      12
      15
      15
      19
      14
      10
      12
      14
      19
      17
      14
      16
      16
      14
      14
      11
      17
      14
      19
      19
      18
      13
      20
      19
      20
      13
      14
      11
      16
      15
       8
      11
      13
      18
      10
      11
      13
      14
      21
       8
      21
      19
      11
      11
      23
      20
      10
      21
      14
      15
      23
      14
      16
      12
      19
       9
      13
       9
      13
      18
      16
      16
      14
      16
      21
      18
      18
      11
      19
      17
      23
      20
      18
      15
      19
      10
      16
      21
      18
      11
      10
      16
      15
       9
      18
      17
      14
      18
      20
      21
      15
      12
      17
      12
      16
      15
      16
      15
      17
      13
       9
      19
      17
      16
      16
      21
      16
      20
      17
      16
      22
      20
      28
      22
      27
      22
      28
      28
      24
      37
      33
      40
      33
      36
      21
      22
      13
      17
      16
      13
      16
      11
      15
      12
       9
      19
      17
       6
      10
      18
      13
      15
      16
      23
      16
      13
      11
      18
      14
      11
      10
      15
      15
      10
      22
       9
      16
      19
      24
      11
      13
      18
      13
      18
      21
      15
      16
      13
      18
       8
      19
      15
      15
      17
      11
      14
      18
       7
      14
      13
      13
      21
      16
      20
      21
      25
      13
      15
      16
      16
      18
      13
      14
      11
      17
      24
      13
      15
      16
      16
      13
      17
      12
      12
      21
      17
      12
      11
      13
      20
      12
      25
      18
       9
      14
      17
      11
      14
      20
      14
       9
      15
      15
      17
      12
      16
       9
      18
      14
      15
      10
      14
      15
      15
       7
      21
      12
      15
      11
      14
      12
      16
      15
      12
      17
      14
      15
      18
      15
      13
      13
      14
      13
      15
      12
      11
       8
       9
      16
      11
      17
      13
      19
      17
      17
       8
      15
      18
      14
      17
      21
      21
      14
       8
      17
      22
      18
      19
      16
      18
      11
      20
      15
      17
      13
      14
      20
      16
      18
      15
      14
      12
      18
      20
       7
      12
      20
      16
      17
      14
      19
      12
      21
      11
      16
      14
      24
      14
      14
      14
      18
      15
      18
       9
      17
      18
      11
      19
      15
      21
      17
       7
      24
      11
      10
      10
      12
      15
      24
      18
      13
      13
      17
      18
      17
      12
       8
      16
      16
      14
      14
      19
      12
      13
      12
      11
      15
      13
      19
      19
       7
      17
      21
      17
      15
      15
       7
      14
      12
      20
      11
      13
      10
      13
      12
      13
      15
      14
      13
      11
      12
      13
      16
      14
      15
      16
      18
      18
      20
      15
      16
      17
      16
       8
      22
      18
      20
      15
      17
      13
      16
      17
      23
      25
      26
      16
      15
      13
      15
      13
      15
      18
      17
      13
      18
      20
      14
      16
      16
      16
      16
      25
      11
      13
      14
      11
      16
      13
      14
      11
      10
      15
      22
      20
      14
      18
      10
      19
      18
      12
      25
      18
      12
      16
      18
      14
      17
      14
      11
       9
      21
      14
      21
      17
      14
      16
      11
      18
      13
      18
      18
       9
      19
      12
      15
      13
      20
      18
      27
      15
      18
      16
      12
      17
       8
       9
      17
      27
      13
      21
      14
      11
      15
      15
      17
      21
       9
      19
      12
      13
      11
      15
      10
      10
       6
      15
      11
      13
      13
      13
      11
      15
      15
      15
      15
      11
      13
      11
      12
      12
      22
      18
      14
      13
      14
      12
      13
      19
      16
      11
      14
      17
      14
      16
      20
      19
      10
      16
      15
      19
       9
      19
      12
      10
       7
      10
      12
      18
      20
      20
      15
      15
      23
      12
      16
       9
      12
      26
      15
      12
      22
      14
      16
       8
      13
      17
      17
      19
      16
      13
      17
      18
      16
      15
      15
      13
      13
      14
       8
       8
      11
      14
      19
       9
      17
      14
      11
      12
      16
      14
      11
      12
      13
      16
      20
      14
      16
      11
      18
      12
      17
      11
      13
      16
      17
      14
       9
      24
      13
      18
      12
      12
      15
      13
      15
       8
      13
      17
      17
      16
      14
      14
      16
      11
      13
      12
      14
      18
      16
      18
      17
      20
      12
      17
      15
      18
      11
      16
       8
      13
      12
      18
      20
      21
      13
      15
      13
       9
      10
      13
      16
       8
      10
       9
      11
      13
       7
      13
      11
      10
      15
      24
      19
      19
      14
      20
      16
       8
      12
       9
      18
      13
       9
      17
      16
      15
      12
      16
      11
      14
      12
       6
      15
      20
      14
      16
      10
      14
      15
      10
      10
      16
       7
      13
      14
      11
      16
      13
      15
      11
      11
      17
      11
      10
      18
      15
      12
      16
      17
      16
       9
      20
      17
      19
      11
      19
      14
      10
      12
      17
      14
      12
      16
      20
      18
      10
       8
      12
      13
      10
      13
      14
      16
      17
      19
      19
      18
      18
      15
      24
      16
      26
      27
      14
      21
      13
      25
      18
      12
      19
       9
      17
      15
      10
      11
      14
      14
      12
      13
      14
      17
      11
      17
       9
       8
      14
      11
      16
       8
      10
      10
      16
      20
      18
      12
      10
      11
      13
      16
      14
      14
      10
      11
      15
      14
      11
      10
      11
      15
      15
      14
      13
      12
      10
      15
      13
       9
      16
       7
      14
       9
      16
      13
      15
      10
      13
       7
       7
       7
       2
       7
      12
      13
      13
       4
       8
      12
       7
      12
      11
       3
      12
      11
       4
       7
      19
      11
      13
       6
      19
      14
       9
      17
      11
       9
      12
      10
      12
       8
      13
       9
       8
      13
      13
      13
      11
      10
      14
      12
      13
      12
      10
       9
      14
      10
       8
      12
       8
      10
      11
       6
       9
      10
      15
      16
       8
      13
       9
      10
      14
      11
      12
      12
       9
      10
       8
       9
      12
      12
      13
      12
      11
      15
      13
      13
      14
      11
      14
       8
       8
       8
      13
      17
      14
      12
       9
      11
       7
       7
      11
      10
      10
      10
      13
      12
      11
      11
       6
      10
       9
      13
       8
      12
      14
       8
      10
       4
      16
       9
       9
       5
       9
      11
      12
      10
      11
      12
       9
       7
      17
      13
       8
      13
      10
      14
      11
       5
      10
       8
       9
       9
      12
      15
      12
      13
      19
       9
       8
       7
      10
      11
      16
      13
      15
       9
       7
      11
      10
       8
       8
      10
      14
       6
      14
      11
      14
      10
       9
      11
      12
      10
      11
       8
      14
      13
      15
       9
      10
      15
      11
      18
      12
      14
       9
      10
       8
      10
      17
       5
       7
      10
       5
      12
      15
      12
      10
      15
      13
       8
      14
      12
      12
       7
       5
      13
       6
      11
      11
       9
      13
      10
       7
       7
       7
      10
       8
      13
       4
       6
       6
       2
       6
      13
       8
       7
      10
      14
      15
       7
       7
      13
       5
      14
       7
       5
      12
      12
      11
       7
      10
       7
      10
      13
       5
      11
      11
      12
       9
       5
       8
      11
       9
       3
       7
       9
      15
      12
       4
      12
       9
       4
       5
      12
       4
       8
       6
       9
      10
       8
      14
       9
      15
      17
       6
      13
       8
      14
      10
       8
      11
       6
      10
       4
      14
      12
       7
       6
       6
      16
       9
      13
       9
      10
      13
       8
      12
      12
       9
       6
       8
       9
       8
       8
       9
       8
      12
      10
      13
       7
       1
      12
       9
       6
       8
      10
       6
      10
      12
       5
       8
      11
       6
       8
      12
       9
       8
       9
      12
       9
      12
      17
       8
      13
       6
       9
       8
      14
       7
      14
       9
       9
      14
      12
      10
      11
       1
      11
       7
       8
       5
       6
      13
       7
       5
       8
       8
      11
       4
      12
       8
      12
       5
      10
      14
      11
       8
      15
       4
       8
       9
      14
       6
       3
       7
      13
       7
       9
      12
      10
       9
      10
       9
       7
       8
      12
      10
       6
      12
       5
       9
       8
      13
      12
      16
      11
       7
       9
       8
       7
       3
       5
       7
      10
       7
       6
       9
       8
      10
       7
       9
       9
       9
       6
      12
       7
       2
      13
       9
      15
      10
      10
      11
      16
      17
      15
      17
      12
      21
      13
      16
      16
       8
      16
       5
       9
       8
      10
      10
       9
      15
       8
       8
       7
       7
       9
       8
       5
      12
      10
      11
       6
      12
       9
       7
       7
       9
       9
      13
       9
      12
      10
      12
       9
      11
       6
       8
      12
       6
       5
       8
       9
       6
       9
       5
       9
       5
      10
      10
       4
       5
       5
       8
       7
       8
       5
       8
       8
       8
       7
       9
      12
       8
       7
      12
       5
       7
       7
       7
       7
       5
      12
      12
       8
      10
       7
       2
       9
      10
       9
      10
       4
       8
       7
       4
       7
      13
      13
      10
       3
      13
       4
       3
       3
       6
       8
       6
       3
       7
       9
      11
       8
      11
      12
      12
       6
       8
      11
       8
       7
       6
       7
       6
       5
      11
       7
       6
       3
       8
       6
       9
      12
       6
       4
       8
       8
      11
       4
       9
       5
       7
       7
       9
       7
       4
       9
       6
       7
       5
       8
       8
       9
      10
       8
      10
       7
      10
       6
       8
      12
       9
       3
       8
       7
      10
      11
      12
       6
       6
       6
       7
      12
       8
       5
       7
       6
       3
      11
      10
       4
       6
       6
       9
       5
      11
       7
       4
       4
      10
      10
       8
      11
       7
       8
       5
       9
       7
       5
      10
       7
       6
       6
       5
      10
       6
       7
       7
       9
      12
       6
       6
       7
       3
       8
       9
      10
       7
       5
       7
       6
       9
       3
       4
       3
       3
       7
       2
       4
       9
       7
       8
       7
       5
      11
      13
       9
       9
      14
      12
      12
       4
      14
      11
       6
       7
       9
      12
      12
       9
       8
       9
       8
      11
       8
       4
       3
       7
       6
       8
       4
       8
      11
      11
       4
       3
       3
       5
      11
      11
      13
       4
      12
       8
       7
       5
       9
       3
      11
       9
      10
      13
       5
      10
       9
       9
       4
      12
       3
       6
       3
       6
       9
       4
       4
       7
       3
      10
       7
       7
       7
       8
      10
       3
       9
       7
       3
       4
       9
      11
      10
       9
       7
       6
       7
       8
       9
      12
       7
       5
       5
       7
       7
      11
       6
       9
       5
      10
       8
      10
       6
       6
       3
       6
       3
       9
       8
       3
       7
       9
       5
       8
       4
       7
       5
       4
       6
      12
       5
       8
      10
       8
       6
       9
       4
       8
       7
       6
       6
       4
       9
      13
      11
       9
       8
       8
       7
       7
       9
       7
      12
       9
       7
       6
       6
       7
      10
      10
       5
       6
       5
       5
       9
       6
      12
       9
       6
       7
      13
       7
       8
       3
       4
      14
       5
      11
      12
       8
       9
       8
       6
       8
       8
       2
       7
      13
       6
       7
      10
       8
      10
      11
       1
      11
       6
       4
       7
       6
       3
       4
       9
       8
       9
       6
       5
       4
       9
       6
       1
       4
       9
       6
       6
       3
       7
       6
       3
       8
       5
       4
       7
       6
       7
       8
      10
      11
       8
       3
       8
       6
      10
       5
       5
       8
       7
       0
       5
       9
       6
      11
      10
       6
      13
       9
      12
       4
       4
      11
       4
       7
       8
       7
       8
       2
       5
       9
       7
       3
      12
       4
       7
       4
       5
      11
      11
       5
      13
       8
       3
       7
       4
       7
       8
       6
       8
       8
       7
       6
      10
       8
       5
       7
       9
       5
       3
       6
       4
       5
       5
       7
       8
       5
       9
       5
       8
       5
      11
       4
       9
       9
       9
       8
       7
       8
       9
       7
       9
      10
       5
       8
       3
       8
      10
       8
       9
      11
       2
       7
       7
       2
      10
       6
       9
       9
       7
       3
       8
      11
       7
       5
       9
      10
       4
       7
       3
       8
       4
       5
       7
       4
      10
       7
       7
       3
       7
      10
       8
       7
      11
       4
       4
       6
       6
       6
       1
       6
       3
       8
       3
       9
       2
      10
       3
       5
       9
       5
       7
       7
       3
      11
      11
       9
       6
       7
       9
      11
      11
       5
       7
      10
       7
       6
       7
       3
       7
       7
      13
      12
       6
       6
       2
       5
      13
       6
       9
       8
       5
       7
       7
       6
       7
       8
      12
       4
       6
       4
       7
       7
       9
       8
       6
       5
       6
       3
      10
       8
       5
       8
       9
      12
      13
      14
       7
      11
      11
      13
      17
      15
      24
      25
      15
      29
      36
      44
      49
      54
      79
      83
      95
      99
     113
     112
     117
     119
     132
     131
     118
     149
     139
     120
     114
      97
      74
      78
      68
      47
      41
      30
      17
      14
      12
       3
       5
       5
       7
       6
       4
       8
       4
       3
       4
       6
       4
       6
       2
       3
       5
       1
       6
       2
       3
       4
       2
       2
       4
       4
       3
       6
       3
       5
       5
       3
       3
       7
       9
       3
       2
       5
       4
       4
       7
       4
       5
       3
       2
       3
       7
       7
       7
       2
       7
       5
       5
       3
       1
       4
       5
       0
       6
       8
       3
      11
       9
       4
       5
       3
       7
       2
       8
       4
       6
       3
       2
       2
       6
       6
       2
       3
       5
       4
       0
       4
       7
       5
       4
       4
       4
       3
       3
       4
       7
       3
       4
       3
       5
       3
       5
       3
       3
       6
       6
       6
       3
      10
       3
       6
       8
       4
       7
       3
       2
       6
       7
       6
       3
       5
       4
       6
       1
       5
       4
       3
       6
       3
       3
       7
       3
       7
       6
       2
       2
       0
       8
       1
       6
       3
       4
       6
       4
       3
       3
       3
       5
       6
       4
       4
       7
       6
       5
       3
       3
       3
       7
       6
       7
       6
       5
       6
       5
       6
       4
       3
       4
       4
       7
       5
       2
       2
       5
       3
       4
       2
       4
       6
       4
       2
       4
       6
       4
       4
      10
       5
       6
       4
       5
       5
       5
       2
       6
       5
       4
       2
       6
       5
       6
       5
       3
       3
       4
       6
       4
       5
       5
       5
       4
       3
       7
       4
       2
       6
       6
       9
       5
       2
       9
       9
       1
       5
       0
       1
       4
       4
       2
       5
       5
       4
       5
       7
       7
       3
       7
       5
       7
       8
      12
       7
       7
       4
       7
       3
       5
       8
       6
       6
       6
       6
       7
       4
       7
       6
       8
       5
       6
       3
       6
       3
       4
       2
       1
       2
       3
       4
       3
       5
       6
       4
       3
       4
       2
       4
       1
       2
       4
       0
       3
       4
       5
       5
       5
       5
       6
       6
       6
       4
       4
       2
       2
       5
       6
       2
       4
       4
       6
       2
       2
       4
       6
       5
       5
       5
       6
       5
       2
       4
       5
       1
       1
       3
       4
       1
       3
       3
       4
       4
       2
       6
       5
       9
       1
       8
       2
       3
       5
       3
       4
       7
       4
       5
       7
       5
       3
       9
       2
      10
       5
       7
       5
       4
       4
       4
       5
       8
       3
       0
       6
       2
       5
       4
       3
       5
       4
       6
       2
       5
       2
       5
       4
       4
       2
       4
       3
       4
       5
       9
       3
       5
       1
       4
       0
       4
       4
       1
       9
       3
       6
       8
       6
       8
       3
       4
       6
       2
       4
       3
       2
       3
       5
       4
       7
       1
       5
       4
       6
       3
       6
       7
       6
       2
       5
       3
       3
       2
       1
       2
       3
       3
       3
       3
       6
       4
       4
       3
       7
       3
       3
       4
       6
       7
       1
       3
       4
       1
       0
       1
       3
       4
       7
       2
       1
       4
       3
       2
       6
       3
       3
       7
       4
       4
       3
       4
       7
       7
       4
       6
       3
       4
       5
       4
       2
       4
       2
       6
       2
       2
       7
       5
       2
       3
       9
       3
       6
       3
       4
       5
       3
       3
       6
       5
       7
       4
       3
       6
       4
       5
       2
       4
       6
       6
       4
       4
       6
       7
       4
       1
       1
       2
       4
       5
       3
       4
       2
       3
       3
       7
       7
       3
       1
       2
       3
       4
       4
       5
       8
       4
       6
       2
       3
       5
       5
       7
       2
       6
       6
       3
       7
       4
       9
       4
       8
       4
       2
       6
       4
       2
       2
       4
       3
       4
       3
       4
       3
       2
       3
       5
       1
       2
       6
       8
       5
       3
       4
       7
       4
       4
       5
       1
       0
       5
       6
       0
       3
       8
       5
       4
       4
       2
       3
       3
       2
       4
       6
       1
       0
       0
       0
       0
       0
       0
       0
       0
       0
       0
       0
       0
       0
       0
       0
       0
       0
       0
       0
       0
       0
       0
       0
       0
       0
       0
       0
       0
       0
       0
       0
       0
       0
       0
       0
       0
       0
       0
       0
       0
       0
       0
       0
       0
       0
       0
       0
       0
       0
       0
       0
       0
       0
       0
       0
       0
       0
       0
       0
       0
       0
       0
       0
       0
       0
       0
       0
       0
       0
       0
       0
       0
       0
       0
       0
       0
       0
       0
       0
       0
       0
       0
       0
       0
       0
       0
       0
       0
       0
       0
       0
       0
       0
       0
       0
       0
       0
       0
       0
       0
       0
       0
       0
       0
       0
       0
       0
       0
       0
       0
       0
       0
       0
       0
       0
       0
       0
       0
       0
       0
       0
       0
       0
       0
       0
       0
       0
       0
$ROI:
1
4146 4168
$PRESETS:
None
0
0
$ENER_FIT:
0.196194 0.194904
$MCA_CAL:
3
1.961942E-001 1.949036E-001 3.834765E-008 keV
$SHAPE_CAL:
3
0.000000E+000 0.000000E+000 0.000000E+000
