$SPEC_ID:
HFNG Beamline
$SPEC_REM:
DET# 2
DETDESC# EasyMCA
AP# Maestro Version 7.01
$DATE_MEA:
04/10/2018 14:37:53
$MEAS_TIM:
97073 97078
$DATA:
0 8191
       0
       0
       0
       0
       0
       0
       0
       0
       0
       0
       0
       0
       0
       0
       0
       0
       0
       0
       0
       0
       0
       0
       0
       0
       0
       0
       0
       0
       0
       0
       0
       0
       0
       0
       0
       0
       0
       0
       0
       0
       0
       0
       0
       0
       0
       0
       0
      13
     346
     410
     394
     395
     340
     364
     371
     362
     408
     393
     390
     368
     428
     432
     411
     380
     365
     384
     358
     348
     370
     382
     385
     328
     360
     359
     355
     380
     313
     350
     349
     337
     332
     325
     349
     344
     346
     336
     328
     336
     319
     333
     323
     339
     303
     306
     345
     350
     356
     312
     320
     335
     311
     284
     318
     308
     315
     316
     289
     297
     306
     274
     340
     313
     273
     289
     292
     297
     286
     275
     267
     281
     280
     298
     314
     284
     309
     267
     278
     245
     302
     284
     290
     280
     264
     271
     273
     243
     276
     290
     240
     256
     273
     246
     256
     242
     284
     257
     272
     266
     263
     253
     236
     251
     243
     284
     271
     230
     243
     256
     246
     231
     247
     260
     242
     267
     241
     276
     249
     228
     254
     214
     239
     230
     245
     210
     230
     222
     248
     237
     226
     238
     218
     236
     221
     260
     221
     233
     213
     206
     229
     228
     234
     221
     236
     236
     217
     219
     193
     197
     183
     221
     215
     228
     240
     201
     218
     217
     203
     230
     186
     208
     182
     239
     168
     198
     205
     217
     202
     203
     195
     222
     213
     208
     237
     197
     209
     196
     198
     199
     197
     205
     193
     213
     209
     210
     191
     203
     198
     210
     193
     174
     226
     190
     201
     189
     212
     176
     171
     222
     166
     176
     176
     207
     229
     218
     192
     206
     207
     206
     193
     200
     215
     186
     193
     181
     183
     181
     178
     201
     203
     192
     211
     228
     207
     184
     235
     178
     181
     208
     181
     199
     195
     199
     205
     191
     205
     197
     188
     201
     206
     208
     195
     184
     200
     199
     202
     206
     192
     186
     189
     201
     223
     195
     218
     179
     197
     198
     211
     180
     205
     178
     218
     180
     190
     215
     211
     194
     177
     215
     208
     188
     224
     218
     200
     213
     269
     206
     225
     224
     185
     213
     230
     199
     212
     188
     182
     219
     215
     222
     220
     184
     213
     220
     212
     229
     203
     214
     231
     189
     213
     205
     211
     203
     184
     224
     200
     230
     223
     209
     200
     223
     210
     209
     202
     235
     211
     211
     225
     215
     210
     215
     255
     343
     400
     493
     544
     446
     306
     260
     226
     217
     225
     249
     367
     577
     743
     845
     663
     424
     283
     237
     193
     208
     199
     204
     209
     193
     214
     202
     173
     206
     158
     184
     195
     215
     164
     167
     179
     171
     186
     186
     191
     217
     181
     202
     194
     201
     167
     213
     210
     204
     208
     203
     186
     212
     203
     205
     227
     191
     183
     218
     244
     309
     347
     413
     413
     413
     434
     377
     279
     210
     182
     185
     207
     184
     203
     216
     220
     248
     301
     262
     249
     226
     215
     202
     192
     168
     205
     153
     213
     199
     209
     206
     191
     198
     195
     187
     182
     163
     175
     195
     172
     194
     211
     234
     297
     278
     292
     269
     263
     231
     226
     200
     177
     175
     204
     194
     181
     184
     166
     162
     160
     175
     171
     186
     198
     192
     176
     200
     192
     181
     187
     188
     163
     218
     173
     203
     194
     190
     174
     160
     196
     208
     167
     166
     183
     159
     185
     195
     178
     171
     190
     176
     181
     229
     181
     166
     198
     192
     151
     170
     171
     157
     173
     194
     176
     184
     198
     176
     209
     188
     190
     174
     191
     186
     215
     176
     155
     194
     202
     176
     180
     182
     175
     186
     193
     201
     210
     200
     180
     223
     178
     205
     203
     180
     193
     197
     169
     192
     169
     187
     172
     181
     186
     186
     183
     194
     225
     185
     220
     208
     173
     222
     212
     187
     190
     212
     177
     180
     187
     207
     204
     181
     177
     183
     180
     199
     186
     186
     189
     184
     193
     179
     183
     185
     187
     192
     172
     212
     208
     202
     174
     179
     165
     185
     195
     175
     197
     201
     198
     204
     221
     198
     184
     181
     178
     180
     188
     177
     185
     195
     194
     177
     168
     188
     181
     204
     183
     177
     185
     184
     192
     195
     187
     184
     184
     202
     180
     179
     167
     184
     207
     179
     192
     187
     193
     196
     176
     193
     180
     180
     203
     194
     175
     206
     199
     175
     187
     183
     189
     165
     195
     184
     177
     185
     199
     176
     182
     174
     162
     183
     168
     173
     183
     182
     169
     165
     184
     174
     192
     203
     176
     169
     178
     178
     179
     175
     182
     185
     176
     158
     193
     165
     176
     194
     159
     178
     181
     168
     171
     165
     215
     194
     180
     175
     173
     152
     177
     169
     176
     195
     180
     182
     175
     177
     163
     190
     193
     162
     155
     177
     173
     172
     172
     160
     189
     215
     245
     289
     318
     273
     238
     180
     184
     184
     176
     172
     199
     155
     178
     170
     150
     170
     165
     160
     170
     177
     170
     191
     157
     178
     175
     147
     188
     156
     168
     165
     193
     146
     178
     164
     156
     166
     164
     171
     174
     165
     173
     165
     165
     156
     157
     146
     162
     179
     157
     159
     144
     164
     183
     180
     166
     182
     146
     181
     173
     155
     169
     166
     153
     181
     163
     169
     192
     176
     163
     183
     137
     176
     158
     139
     166
     166
     153
     165
     150
     158
     173
     159
     160
     143
     168
     145
     174
     182
     185
     170
     172
     148
     165
     149
     161
     140
     148
     175
     170
     217
     209
     203
     200
     188
     196
     163
     168
     163
     134
     169
     182
     145
     152
     133
     144
     187
     164
     151
     165
     157
     163
     164
     152
     148
     137
     159
     154
     166
     162
     160
     145
     177
     135
     151
     151
     146
     135
     153
     141
     162
     129
     142
     147
     142
     163
     183
     126
     155
     126
     156
     168
     152
     145
     138
     143
     144
     162
     168
     158
     144
     172
     163
     149
     164
     161
     165
     148
     141
     171
     145
     150
     146
     127
     134
     128
     151
     129
     148
     139
     144
     134
     137
     148
     124
     163
     125
     148
     143
     138
     138
     135
     149
     161
     141
     134
     151
     160
     153
     146
     150
     154
     170
     144
     139
     152
     136
     139
     137
     128
     148
     146
     151
     189
     242
     333
     513
     662
     712
     629
     522
     298
     204
     170
     155
     131
     118
     136
     127
     139
     144
     144
     135
     127
     123
     132
     132
     125
     142
     137
     141
     124
     133
     149
     120
     118
     133
     121
     139
     141
     125
     132
     140
     125
     130
     116
     135
     124
     120
     112
     134
     124
     136
     114
     130
     129
     138
     147
     127
     126
     113
     126
     118
     122
     115
     126
     127
     107
     111
     135
     122
      98
     130
     130
     122
     103
     134
     101
     126
     134
     134
     111
     115
     135
     126
     119
     116
     122
     114
     112
     126
     150
     116
     134
     142
     107
     127
     105
     120
     115
      94
     112
     114
     112
     136
     117
     141
     154
     162
     154
     149
     128
     158
     121
     111
     114
     107
     112
     109
     121
     114
     108
     112
     109
     112
     106
     128
     122
     118
     128
     111
     116
     105
     121
     123
     120
     131
     101
     117
     129
     110
     115
     108
     118
     105
     121
     103
     114
     107
      95
     102
     117
     120
     104
     122
     107
     113
     118
     115
     106
     111
     107
     107
     103
      83
     123
     115
     117
     108
     106
     108
     127
     121
     106
     106
     120
     112
     108
     104
      84
     125
     116
     117
     120
     116
     107
     122
     139
     112
      97
     135
     104
      99
     111
     100
     111
     114
     108
     120
      98
     115
      73
     100
     110
     108
     120
     113
     108
      99
     108
     108
      94
     110
      91
      90
     117
      95
     112
     110
     125
     120
      99
      97
      99
     124
     129
     110
     100
      95
     123
     109
     100
     135
     103
     101
     105
     106
      93
     102
     105
     113
     116
      95
      93
      85
     104
     103
      95
      93
     114
      92
     110
     104
     104
     119
     101
     111
     110
      99
     107
     105
     112
     100
      96
      88
      86
      98
      96
     105
     101
      98
     106
      94
     103
     101
      89
     122
     165
     173
     174
     171
     142
     131
      95
     111
      99
      95
     101
     108
      89
      93
      95
     102
      89
      92
     103
     112
      79
      92
      99
      85
      98
      80
      89
     104
      93
     109
     102
      87
      96
      99
      73
      81
      87
     106
      88
      94
      93
      84
      89
      99
      94
      89
      91
      77
      84
      79
      85
      81
      91
      83
      82
      86
      89
      79
      65
      69
      85
      98
      80
      79
      95
      88
      68
      96
      86
      87
      71
      94
      87
      70
      81
      72
      75
      86
      82
     101
      70
      89
      92
      94
      88
      82
      82
     104
      92
      90
      99
      84
      85
      94
      83
      94
      95
      79
      96
      76
      85
      88
      93
      92
      88
      90
      86
      89
      94
      84
      63
      75
      73
      78
      81
      85
      72
      67
      53
      88
      81
      91
      90
      68
      65
      82
      84
      79
      70
      74
      80
      87
      94
      68
      85
      73
      89
      66
      95
      73
      76
      79
      83
      79
      68
      73
      79
      64
      90
      84
      79
      84
      65
      76
      83
      72
      77
      84
      76
      79
      98
      82
      72
      69
      92
      79
      66
     100
      93
      99
      63
      75
      68
      89
      62
      63
      81
      82
      76
      70
      79
      65
      77
      80
      71
      69
      56
      76
      80
      84
      69
      77
      77
      74
      72
      80
      73
      71
      89
      78
      80
      72
      69
      80
      75
      71
      81
      81
      76
      70
      66
      62
      74
      64
      80
      69
      79
      60
      54
      76
      68
     102
      62
      67
      69
      69
      82
      57
      56
      62
      83
      81
      83
      73
      78
      66
      66
      70
      81
      63
      76
      69
      63
      79
      67
      71
      61
      66
      58
      71
      59
      74
      69
      60
      70
      75
      66
      59
      79
      63
      78
      74
      82
      72
      64
      64
      64
      83
      63
      87
      78
      71
      89
      64
      62
      80
      69
      81
      64
      58
      65
      68
      64
      66
      63
      56
      77
      73
      70
      69
      66
      85
      87
      90
      74
      62
      80
      74
      77
      68
      70
      64
      73
      68
      67
      71
      55
      68
      67
      71
      61
      74
      78
      60
      73
      63
      67
      65
      64
      65
      83
      85
      62
      58
      78
      55
      65
      60
      64
      80
      79
      65
      61
      64
      62
      63
      60
      72
      58
      69
      77
      49
      84
      58
      60
      60
      47
      69
      61
      49
      66
      64
      54
      70
      59
      60
      64
      69
      58
      63
      55
      64
      57
      74
      58
      67
      65
      56
      53
      65
      60
      65
      68
      64
      66
      58
      55
      69
      61
      59
      61
      53
      62
      54
      81
      60
      67
      71
      52
      71
      65
      57
      64
      65
      63
      69
      60
      52
      55
      59
      67
      64
      57
      63
      51
      54
      67
      56
      47
      51
      68
      71
      73
      56
      55
      65
      66
      56
      64
      54
      70
      55
      65
      58
      66
      54
      59
      51
      64
      71
      52
      65
      53
      49
      59
      60
      61
      59
      51
      49
      58
      50
      46
      57
      56
      52
      50
      59
      64
      55
      61
      62
      50
      64
      47
      60
      58
      63
      58
      56
      66
      53
      58
      44
      56
      69
      56
      46
      51
      55
      44
      49
      57
      50
      47
      43
      61
      54
      46
      55
      49
      43
      46
      56
      52
      57
      56
      54
      56
      60
      63
      55
      47
      53
      53
      71
      57
      61
      43
      57
      46
      46
      65
      65
      60
      65
      62
      55
      62
      61
      54
      59
      67
      69
      67
      56
      67
      60
      55
      46
      52
      62
      37
      75
      55
      57
      58
      50
      52
      44
      56
      46
      38
      48
      54
      47
      44
      50
      48
      51
      59
      58
      37
      63
      59
      66
      48
      56
      54
      62
      47
      66
      49
      64
      42
      50
      41
      63
      55
      58
      42
      57
      46
      59
      50
      48
      46
      58
      56
      62
      45
      59
      34
      59
      50
      56
      68
      59
      71
      68
      70
      73
      95
     109
      79
      87
      68
      61
      57
      54
      43
      40
      52
      51
      50
      49
      53
      55
      41
      58
      56
      58
      47
      47
      40
      44
      55
      54
      37
      44
      53
      40
      34
      46
      57
      49
      54
      40
      37
      44
      53
      51
      49
      43
      37
      43
      47
      51
      45
      51
      48
      40
      43
      55
      54
      38
      40
      43
      48
      55
      48
      44
      61
      45
      46
      50
      40
      50
      45
      42
      53
      36
      45
      42
      52
      44
      46
      40
      40
      46
      40
      45
      52
      42
      46
      44
      40
      60
      47
      38
      40
      60
      49
      44
      49
      57
      50
      47
      58
      40
      50
      45
      42
      58
      35
      36
      57
      45
      49
      50
      54
      49
      45
      56
      45
      42
      42
      43
      48
      42
      47
      55
      48
      37
      48
      53
      46
      45
      32
      41
      49
      35
      39
      41
      41
      38
      46
      44
      48
      46
      45
      34
      40
      35
      39
      46
      39
      36
      43
      29
      51
      43
      38
      40
      40
      43
      42
      43
      43
      42
      42
      42
      40
      36
      44
      38
      55
      38
      58
      59
      37
      44
      43
      46
      49
      52
      42
      43
      28
      51
      42
      40
      45
      36
      36
      38
      37
      39
      47
      31
      42
      47
      47
      37
      37
      39
      39
      25
      43
      53
      48
      57
      32
      55
      52
      40
      40
      41
      37
      46
      39
      33
      45
      36
      50
      35
      34
      40
      37
      38
      43
      37
      37
      42
      41
      37
      34
      44
      43
      48
      41
      38
      46
      36
      30
      45
      56
      42
      32
      46
      49
      41
      46
      41
      41
      40
      45
      47
      44
      29
      34
      38
      51
      41
      45
      42
      45
      48
      48
      45
      37
      42
      30
      37
      34
      47
      37
      30
      42
      43
      33
      30
      28
      37
      30
      35
      42
      38
      44
      39
      42
      38
      32
      36
      35
      34
      41
      33
      32
      33
      28
      43
      28
      33
      30
      31
      44
      41
      45
      44
      39
      38
      44
      46
      51
      37
      40
      56
      33
      37
      37
      33
      30
      45
      30
      32
      43
      35
      52
      37
      45
      39
      34
      40
      46
      40
      44
      29
      38
      37
      50
      41
      37
      31
      31
      37
      40
      15
      39
      31
      41
      38
      43
      47
      33
      33
      30
      27
      28
      38
      34
      34
      38
      40
      27
      39
      37
      59
      37
      28
      29
      42
      42
      35
      35
      43
      35
      42
      36
      30
      28
      42
      33
      33
      37
      29
      32
      42
      34
      46
      38
      29
      38
      31
      32
      40
      33
      44
      42
      40
      35
      33
      29
      34
      43
      34
      39
      30
      28
      40
      29
      38
      31
      44
      38
      37
      35
      48
      35
      29
      40
      44
      32
      23
      37
      33
      33
      37
      43
      42
      41
      48
      32
      42
      43
      37
      48
      46
      34
      43
      26
      41
      48
      42
      46
      40
      40
      47
      29
      34
      36
      29
      46
      31
      34
      42
      39
      28
      30
      39
      35
      40
      34
      38
      34
      38
      42
      31
      34
      34
      38
      29
      38
      35
      35
      35
      40
      31
      36
      36
      36
      28
      29
      21
      46
      36
      28
      30
      29
      36
      27
      32
      37
      37
      27
      30
      29
      23
      31
      34
      28
      37
      34
      33
      40
      41
      29
      25
      44
      29
      38
      35
      28
      31
      22
      32
      32
      36
      29
      44
      37
      36
      29
      34
      30
      39
      42
      33
      23
      31
      30
      26
      40
      27
      34
      29
      26
      38
      39
      37
      48
      24
      44
      46
      37
      28
      27
      28
      34
      22
      36
      35
      36
      35
      26
      28
      48
      45
      33
      23
      37
      33
      22
      33
      35
      40
      30
      36
      35
      47
      33
      43
      43
      35
      33
      32
      30
      35
      33
      47
      41
      40
      37
      31
      39
      29
      34
      27
      33
      34
      31
      35
      39
      36
      33
      25
      36
      32
      30
      24
      26
      30
      38
      16
      33
      40
      31
      34
      31
      31
      40
      20
      45
      33
      29
      28
      28
      35
      23
      25
      33
      34
      31
      27
      31
      27
      31
      27
      16
      26
      33
      31
      33
      41
      23
      29
      33
      35
      36
      32
      28
      34
      24
      31
      33
      39
      35
      35
      35
      27
      30
      32
      33
      27
      35
      28
      38
      23
      40
      37
      27
      31
      37
      38
      28
      35
      31
      26
      43
      26
      27
      44
      47
      28
      21
      39
      28
      35
      40
      21
      33
      43
      28
      28
      30
      34
      23
      28
      35
      32
      22
      33
      27
      26
      30
      28
      31
      27
      34
      22
      31
      36
      31
      32
      34
      29
      33
      38
      36
      30
      32
      36
      24
      33
      33
      30
      27
      28
      36
      33
      36
      36
      29
      28
      27
      33
      26
      39
      16
      33
      29
      20
      26
      28
      26
      34
      35
      46
      34
      35
      32
      28
      39
      32
      25
      32
      30
      33
      30
      24
      36
      30
      31
      27
      33
      26
      34
      32
      31
      28
      34
      24
      28
      28
      31
      30
      21
      23
      41
      32
      34
      33
      31
      33
      38
      25
      26
      22
      25
      30
      25
      46
      31
      32
      30
      32
      36
      35
      32
      25
      24
      32
      24
      24
      32
      25
      36
      29
      35
      33
      19
      27
      35
      33
      29
      42
      29
      43
      32
      27
      33
      33
      26
      28
      36
      40
      39
      46
      31
      42
      63
      54
      66
      89
      74
      88
      79
      77
      87
      85
      90
      95
      72
      58
      71
      66
      43
      48
      60
      37
      36
      28
      30
      29
      38
      37
      24
      30
      25
      32
      29
      29
      33
      28
      26
      39
      29
      32
      23
      29
      28
      26
      23
      24
      25
      31
      37
      34
      21
      24
      22
      27
      27
      30
      21
      26
      26
      22
      29
      37
      37
      24
      30
      31
      27
      37
      29
      29
      31
      33
      33
      26
      35
      21
      32
      25
      29
      33
      26
      27
      21
      25
      30
      21
      27
      23
      18
      36
      19
      25
      20
      28
      20
      27
      15
      22
      36
      31
      39
      20
      28
      19
      22
      24
      30
      23
      23
      23
      22
      27
      20
      28
      23
      18
      27
      25
      22
      20
      33
      23
      30
      25
      33
      26
      25
      24
      28
      30
      24
      23
      32
      28
      19
      23
      31
      20
      24
      22
      29
      27
      26
      29
      22
      31
      26
      28
      20
      29
      27
      32
      17
      19
      26
      27
      26
      23
      29
      23
      31
      25
      23
      25
      28
      24
      23
      38
      23
      21
      25
      17
      31
      39
      21
      33
      24
      22
      30
      35
      27
      31
      21
      23
      33
      28
      24
      23
      31
      26
      19
      22
      20
      24
      17
      32
      22
      20
      30
      40
      30
      24
      35
      18
      29
      28
      23
      38
      34
      20
      22
      25
      21
      21
      16
      27
      29
      32
      20
      17
      28
      18
      18
      27
      28
      17
      20
      29
      34
      32
      17
      26
      27
      33
      27
      28
      24
      28
      31
      26
      26
      20
      24
      30
      22
      25
      30
      25
      21
      31
      18
      36
      20
      27
      36
      28
      20
      27
      30
      24
      23
      27
      19
      30
      21
      28
      34
      28
      19
      29
      19
      19
      17
      28
      30
      20
      25
      31
      29
      25
      18
      21
      21
      18
      20
      25
      36
      25
      21
      25
      36
      29
      28
      21
      29
      16
      27
      20
      33
      20
      25
      25
      29
      26
      21
      28
      32
      22
      27
      19
      24
      24
      19
      23
      26
      25
      23
      20
      31
      26
      34
      30
      24
      21
      18
      25
      24
      29
      20
      18
      21
      23
      36
      26
      36
      24
      33
      25
      23
      23
      27
      17
      24
      27
      26
      25
      29
      27
      33
      26
      23
      24
      18
      23
      25
      25
      30
      23
      29
      21
      24
      26
      28
      24
      19
      25
      27
      22
      21
      23
      21
      30
      22
      27
      39
      35
      46
      30
      38
      56
      41
      43
      50
      40
      27
      34
      34
      29
      24
      26
      20
      18
      15
      23
      19
      30
      27
      25
      30
      17
      22
      22
      19
      22
      28
      31
      19
      18
      25
      17
      26
      36
      18
      23
      23
      33
      29
      25
      22
      32
      29
      27
      20
      22
      17
      24
      25
      29
      24
      24
      28
      24
      24
      24
      26
      29
      24
      18
      12
      20
      24
      25
      28
      31
      24
      18
      20
      19
      25
      26
      25
      22
      23
      16
      25
      16
      18
      25
      19
      22
      24
      24
      29
      15
      21
      20
      27
      26
      27
      26
      27
      21
      30
      26
      15
      22
      21
      18
      19
      23
      25
      26
      18
      24
      21
      19
      21
      22
      34
      23
      22
      20
      26
      14
      18
      18
      21
      31
      21
      28
      19
      22
      20
      24
      25
      27
      25
      28
      36
      36
      39
      48
      46
      55
      53
      44
      51
      44
      54
      33
      35
      20
      26
      24
      24
      20
      25
      26
      23
      18
      26
      28
      12
      17
      25
      32
      25
      25
      28
      31
      31
      33
      32
      36
      17
      16
      21
      32
      23
      26
      18
      17
      31
      25
      26
      34
      20
      24
      30
      29
      30
      13
      17
      22
      17
      16
      28
      18
      30
      28
      16
      20
      14
      22
      23
      23
      17
      16
      17
      18
      13
      22
      17
      17
      20
      14
      21
      22
      23
      18
      15
      18
      24
      31
      16
      12
      23
      24
      25
      13
      24
      20
      29
      20
      30
      21
      23
      18
      29
      21
      32
      22
      21
      22
      27
      25
      18
      18
      22
      21
      18
      27
      19
      22
      16
      24
      19
      16
      19
      28
      20
      21
      23
      16
      32
      20
      11
      14
      21
      23
      16
      26
      20
      22
      24
      21
      16
      22
      18
      12
      30
      22
      29
      27
      22
      26
      22
      16
      20
      22
      27
      18
      21
      31
      18
      22
      21
      15
      23
      25
      21
      19
      15
      26
      17
      22
      28
      16
      23
      16
      18
      29
      23
      13
      18
      15
      22
      22
      24
      19
      15
       9
      12
      24
      14
      24
      21
      21
      16
      21
      21
      29
      21
      19
      17
      19
      23
      16
      16
      32
      21
      17
      24
      28
      20
      18
      15
      19
      10
      19
      24
      23
      17
      16
      25
      15
      26
      21
      19
      25
      24
      24
      19
      15
      25
      28
      18
      21
      24
      18
      20
      25
      28
      22
      12
      23
      26
      14
      16
      23
      18
      22
      18
      14
      25
      23
      15
      21
      15
      21
      16
      21
      25
      20
      15
      14
      14
      20
      13
      19
      20
      20
      20
      21
      19
      24
      21
       9
      18
      17
      30
      24
      23
      18
      17
      19
      20
      28
      23
      15
      20
      15
      15
      25
      22
      24
      18
      32
      20
      25
      17
      15
      19
      18
      19
      15
      18
      24
      20
      19
      21
      17
      23
      21
      17
      15
      26
      18
      23
      17
      23
      15
      22
      15
      17
      23
      18
      15
      20
      19
      14
      18
      20
      11
      19
      28
      15
      16
      18
      18
      23
      24
      20
      13
      14
      16
      18
      21
      17
      24
      19
      22
      23
      21
      17
      14
      24
      20
      14
      16
       9
      17
      26
      12
      18
      15
      17
      15
      14
      20
      20
      16
      20
      20
      25
      20
      24
      21
      15
      15
      27
      14
      20
      16
      16
      24
      16
      13
      22
      11
      33
      17
      21
      26
      19
      20
      16
      23
      19
      19
       6
      25
      18
      16
      13
      15
       9
      16
      16
      15
      12
       8
      19
      15
      11
      17
      15
      19
      16
      21
      21
      11
      16
      14
      16
      15
      24
      25
      22
      26
      16
      17
      15
      15
      22
      26
      23
      15
      17
      16
      20
      17
      28
      22
      21
      13
      22
      17
      14
      23
      10
      20
      26
      15
      13
      16
      26
      23
      16
      17
      14
      15
      19
      22
      19
      22
      15
      19
      11
      15
      15
      29
      13
      17
      14
      19
      22
       8
      14
      17
      19
      25
      19
      12
      20
      15
      24
      22
      17
      11
      16
      18
      26
      14
      15
      20
      13
      13
      21
      14
      20
      22
      10
      17
      17
      17
      19
      18
      16
      12
      13
      22
      18
      14
      14
      20
      17
      25
      16
      18
      14
      19
      17
      22
      25
      23
      10
      22
      20
      25
      16
      16
      18
      15
      17
      16
      14
      17
      17
      15
      20
      17
      17
      18
      24
      14
      19
      13
      15
      18
      16
      23
      21
      17
      10
      12
      25
      18
      13
      19
      15
      18
      14
      14
      14
      21
      23
      28
      22
      12
      20
      18
      19
       7
      15
      22
      23
      17
      21
      20
      17
      20
      23
      20
      21
      16
      18
      14
      10
      20
      19
      13
      22
      25
      22
      24
      23
      16
      29
      27
      15
      21
      17
      16
      26
      21
      16
      21
      18
      19
       9
      12
      30
      16
      23
      17
      28
      23
      20
      28
      18
       9
      27
      28
      11
      17
      16
      18
      12
      16
      14
      16
      16
      16
      20
      18
      15
      20
       5
      15
      13
      14
      20
      19
      14
      19
      17
      14
      12
      17
      14
      21
      23
      17
      15
      22
      11
      22
      15
      14
      19
      14
      16
      16
      11
      10
      21
      16
      21
      17
      15
      16
      18
      14
      23
      21
      15
      18
      20
      22
      12
      16
      19
      16
      12
      15
      16
      17
      19
      15
       9
      13
      13
      27
      19
      22
      18
      16
      16
      14
      21
      30
      12
      12
      18
      24
      15
      15
      15
      25
      21
      20
      16
      19
      13
      16
      20
      16
      15
      18
      15
      18
      24
      21
      17
      14
      11
      15
      15
       8
      13
      18
      18
      15
      28
       8
      16
      18
      14
      20
      18
      18
       9
      17
      21
      15
      10
      17
      16
      11
      13
      17
      25
      17
      14
      15
      22
      11
      17
      19
      17
      22
      20
      17
      18
      14
      12
      16
      11
      16
      14
      19
      10
      18
      22
      19
      15
      14
      10
      21
      17
       8
       7
      13
      18
      23
      14
      18
      14
      15
      18
       9
      17
      13
      15
      19
      17
      23
      27
      17
      16
      23
      18
      21
      16
      12
      20
      13
      18
      14
      15
      13
      21
      13
      16
      12
      16
      21
      16
      13
      15
      13
      16
      23
      15
      11
      11
      16
      20
      16
      23
      21
      16
      24
      14
      21
      16
      21
      20
      25
      16
      17
      21
      14
      14
      17
      11
      12
      17
      21
      10
      10
      15
      20
      16
      12
      17
      18
      17
      18
      16
      19
      15
      12
      11
      19
      22
      13
      15
      13
      16
      20
      11
      15
      19
      14
      17
      11
      14
      20
      18
      20
      10
      17
      17
      18
      20
      13
      16
       8
      20
       9
      16
      15
       9
      18
      12
      15
      22
      10
      12
      13
      17
       9
      23
      15
      18
      14
      16
      17
      18
      14
      17
      17
      14
      15
      20
      14
      13
      20
      20
      14
      17
      10
      18
      14
      14
      13
      13
      10
       9
      14
      13
      23
      11
      13
      12
      15
      12
      15
      16
      10
      15
      14
      14
      23
      20
       9
      12
      18
       7
      16
      13
      18
      15
      14
      18
      17
      12
      14
      19
      15
      16
      18
      19
      17
      12
      21
      16
      15
      15
      19
      12
      18
      14
      12
      16
      20
      12
      18
      19
      12
      10
      11
      11
      16
      16
      15
      22
      17
      16
      12
      15
      10
      17
      23
      13
      15
      17
      18
       9
      13
      13
      16
      18
      19
      14
      18
      16
      24
      16
       7
      14
      18
      11
      17
      15
      11
      19
      17
      13
      16
      23
      13
      14
      12
      11
      16
      16
      13
      19
      15
      14
      14
       9
      17
      10
      17
      23
      27
      20
      24
      22
      37
      47
      40
      39
      63
      32
      34
      41
      26
      23
      26
      19
      26
      16
      12
      13
      20
      14
      15
      21
      16
      12
      12
      11
      12
      20
      20
       9
      11
       8
      10
       8
      23
       7
      17
      12
      13
      15
      15
      11
      11
      15
      10
      14
      16
      12
      10
      15
      18
       9
      18
      20
      19
      14
       8
      17
      14
       9
      18
      17
      12
       9
      16
      12
      21
      22
      12
      15
      11
      22
       8
      16
       9
      19
      10
      14
       8
      10
      15
      12
      16
      18
      15
      14
       8
      15
      10
      17
      14
      18
      14
      17
      11
      11
      10
      11
       8
      15
      12
      16
      16
      13
      15
      11
      19
      19
      12
      11
      20
       9
      13
      15
       8
      18
      19
      17
      15
      11
      12
      13
      17
      16
      13
      14
      15
      22
      15
       8
      18
      15
      14
       9
      21
      11
      12
      18
      12
      14
      19
      10
      25
      16
      11
      11
      18
      12
      10
      19
      23
      14
      19
      10
      14
       9
      13
      12
      11
       8
      18
      12
      14
      11
      14
      13
      19
      13
      10
       8
      19
      17
      11
      16
      16
      18
      15
       9
      12
      11
       8
      17
      13
      16
      13
      15
      11
      19
      13
      12
      12
      17
      10
      18
      12
      13
      18
      12
      13
      10
      17
      12
      16
      17
      12
      16
      12
      13
      12
      11
      18
      11
      11
      20
      16
      17
      11
      15
      13
      13
      15
      13
      12
      19
      12
      11
      15
      19
      19
      19
       7
       7
      13
      13
       9
      17
      18
       8
      13
      12
      14
      15
      22
      10
      19
      18
      17
      14
      20
      13
      14
      20
      19
      14
      14
      17
      14
      13
      21
      11
      14
      20
      14
      15
      10
      15
      12
      14
      14
      15
      15
      10
      16
       9
      11
      13
      20
      13
      10
      12
      18
      10
      13
      10
      11
      10
      14
      10
      16
      14
       8
      10
      15
       9
      16
      16
      18
      18
      13
      17
      18
      14
      16
      13
      17
      10
      14
      17
      14
      15
      14
       8
      18
      15
      11
       9
      14
      12
      11
       9
      12
      22
      11
      14
      11
      14
      13
       9
      16
      22
      16
      18
      18
       9
      10
      13
      12
      13
      13
       9
       9
      10
      13
      10
      17
      13
      11
      13
      14
      13
      12
       7
       8
      14
      16
      22
      11
      14
      14
       7
      16
       7
      10
      16
       8
      12
      19
      18
      19
       9
      14
      13
       8
      10
      12
      14
      12
      11
      14
      17
      16
      17
      16
      13
      15
      17
      13
      10
       7
      18
      11
      11
      10
      10
      13
       8
      10
       9
      12
      10
      14
      15
      14
      11
      12
      16
      17
      15
      14
      11
       9
      17
      16
      15
      17
      24
      10
      12
       7
      13
      12
      11
       6
      13
      23
      17
      11
       9
      19
       7
       5
       8
      10
      10
      21
      14
      12
      13
      18
      10
       6
      16
      19
      13
      11
      13
      11
       9
      16
      12
      15
      13
      18
       9
      12
      11
      12
      15
      16
      15
      19
      10
      17
      14
      22
      20
       9
       9
       7
      12
      17
      20
      14
      14
      13
      12
      13
      12
      10
      17
      18
      15
      14
      18
       5
      10
      15
      12
      14
      16
      15
      12
      12
      16
       9
      12
       6
      19
      15
       9
      16
      14
      17
      13
       8
      17
      17
      13
      13
      18
      17
      21
      21
      27
      19
      16
      27
      23
      29
      26
      30
      31
      22
      30
      32
      23
      19
      19
      12
      13
       9
      10
       9
       9
      13
      13
      10
      10
       9
      10
      13
      10
      14
      10
      12
       8
      18
       8
      11
       8
      17
       6
      17
      13
      15
       7
      14
      10
      12
      13
      12
      14
      15
       8
      14
      10
      10
      13
      11
      18
      13
      11
      11
       9
      10
       9
      12
      13
      12
      19
       9
      10
      11
      13
      10
       9
      12
       5
      18
      14
      10
      10
      16
      15
      13
      15
       8
       7
      15
      14
      16
      10
      13
      12
       6
      10
      13
      13
      22
       9
      11
      13
      21
      17
      13
      15
       8
      11
      13
      11
      16
      10
      13
      15
      15
      11
      17
      18
      16
      10
       9
       8
      10
      18
      17
      21
      13
      18
      11
      16
      14
      13
      16
       8
      12
      11
       9
      10
      11
      10
       7
      11
      12
      11
      14
       8
      15
      14
      11
      15
      17
      10
      16
       7
      18
      13
       8
      13
       6
      14
       7
       8
      11
      13
      12
       9
      14
      14
      11
      12
       7
       7
      12
      13
      11
       5
       7
      12
      12
      15
      12
      16
      15
      12
      13
      19
       7
      13
      16
      13
       9
      10
      20
       9
      15
      14
      21
      12
      11
      16
      12
      22
      19
       8
      14
      16
      11
       8
      17
       6
      12
      15
      14
      11
      21
       8
      14
       6
       9
      10
      13
      11
      10
      16
       9
       5
      17
      11
       9
      14
      14
       8
       9
       5
      11
      18
      12
      13
       7
      11
      12
       4
       7
      17
      10
      12
      13
      12
      12
      16
      10
       9
       8
      22
      13
      10
      14
       8
       9
      12
      12
       8
       9
      11
      10
      12
      12
       9
      14
      11
      13
       9
      14
      15
       9
      16
      14
       9
      18
      19
      12
       7
      16
      14
      11
      11
      22
      17
       7
      18
      17
      14
      16
       9
       6
      13
      19
       9
       7
      15
      18
      23
       9
      20
      21
      25
      21
      20
      17
      18
      20
      21
      17
      21
      14
      12
      12
       5
      10
       5
       9
      11
      13
      13
      12
      12
      12
       6
       7
      13
      11
       9
      17
      13
       6
      11
      12
      18
      13
      15
      11
      13
      15
      11
       8
      13
       5
      18
       9
       8
      13
      10
       8
       7
      16
       5
       9
       7
      10
      13
      15
       6
       9
      13
      15
      10
       5
       3
       9
       7
       6
      10
      10
       9
      14
      16
      12
      12
      16
      16
      12
      14
      15
      15
      11
      10
      15
      12
      15
       9
      10
      12
      10
      14
      13
       7
      12
      13
      10
       9
      14
      12
      12
       6
      15
      11
      10
      10
      12
       9
       8
      13
      10
      10
       8
      12
       3
      11
      12
      10
      13
       7
      16
       8
      10
       6
      13
      10
      13
      14
       9
      14
      17
      13
      12
      18
      15
      12
      12
      14
      11
       9
       7
      10
       9
       6
      11
       7
       6
       8
       9
      13
      11
       6
       7
      11
       3
      12
      11
      11
      14
       9
      11
      13
       8
      15
      14
       9
      15
      15
       8
      11
      14
       9
      13
      12
       9
      15
       8
       9
      14
       9
      16
      10
      15
      10
       5
      11
       5
       9
       6
      20
       2
      17
      12
      10
      11
      10
      14
       5
      10
      14
      11
       9
      15
       9
      11
      19
      10
       7
       8
      10
      10
      14
      11
       8
      11
       6
       9
      12
      11
       8
      13
       8
      16
       8
       9
       8
       9
      10
      13
       6
      13
       8
      18
       8
      12
      14
      16
       7
      16
      11
       7
       8
      16
      14
      12
      12
       9
       8
      11
      14
       9
      10
       9
      11
      13
       6
       7
      11
      10
      10
      11
      17
      10
       7
       6
      13
      11
      13
      11
      18
      14
       6
       7
       5
       8
       7
       5
       7
       8
       9
       7
      12
       9
      17
      10
      15
      11
       7
       9
       9
      13
      11
      11
      15
      14
       8
       8
       8
       9
       9
       7
      14
       8
      11
       6
      11
       8
      17
      14
       7
       9
      10
       7
      12
      10
       8
      11
      12
      10
       9
      10
       7
       8
      20
      10
       6
      13
       9
      10
      12
       4
       6
       6
       5
      10
       6
      14
      11
       9
      13
       7
      12
      12
       9
      13
      10
      16
      13
      11
      16
       7
       9
      13
       5
       5
       8
      10
       6
       7
      13
       8
      14
       9
      12
       8
      12
      13
      14
      10
       7
      10
       2
      13
       7
      11
       5
       8
       9
       8
      10
      10
      11
       8
      14
       7
      10
       7
      16
      10
      15
       9
       8
      16
      12
      10
      10
      12
      11
      12
      13
      10
      10
      11
       7
      10
       7
       8
      12
       5
       9
      15
      11
       5
      15
       2
      12
      10
      12
      12
      10
      19
      11
      12
       8
       6
      10
       4
      11
       6
       4
      10
      10
      11
       8
       8
       9
      13
      12
      11
      10
      12
      15
      14
       7
       7
       9
       5
       6
      18
      14
       8
       8
      12
      13
       6
      14
       6
      11
       6
      14
       5
       9
      12
      15
       7
       9
      14
       8
       6
      10
      14
       8
       7
      11
       9
       5
       8
      15
       9
      15
       5
       5
      12
       9
       6
       8
       8
       8
      15
       4
      11
      19
       9
      11
      16
       8
      10
       8
       7
      10
       8
      10
      15
       7
      10
      11
       8
       9
       7
       4
      13
      11
      11
       7
      10
      11
       9
      11
      18
      11
      12
      12
       9
       9
      10
      14
       8
       7
      11
       9
       6
       7
      12
      14
       7
       9
       8
       9
       5
       6
      10
      13
       8
       8
      18
      13
      13
       7
      14
      15
      10
      12
      11
      16
      13
       6
      19
      13
      13
      10
      11
      16
      11
       7
      11
      13
      12
       8
       5
      13
      12
       8
       5
      15
      11
       8
       7
       8
       4
      13
      12
      11
      15
      11
      10
       7
      13
       9
      11
      10
      12
      10
      12
       6
      10
      10
      10
       8
       5
      18
       7
       6
      11
       5
       8
       6
      10
       7
       5
       8
      12
      13
       8
       8
      11
      10
       9
       9
      13
       8
       8
      12
      11
      15
      11
      14
      11
       7
      12
       6
       9
      13
       9
      11
      10
      10
      10
       6
       9
       9
       5
      14
      11
      11
      14
      10
      11
       7
      10
      12
      11
       7
       8
      17
       4
      13
      14
      12
      10
      10
      12
      13
       7
      13
      11
       6
      14
      16
      12
       7
       8
      10
      12
      13
      16
       5
      12
       8
      11
      11
      11
       8
      10
      13
      10
      11
      15
      10
      10
       6
       8
      13
      11
      10
      13
       6
       8
       5
      13
       5
       9
      11
       9
      13
      13
       9
       7
       8
      16
       6
       4
      11
       9
      10
      13
       6
      10
      16
      10
       8
      13
      12
       7
      13
       9
       8
       8
      12
      10
      10
      12
      10
       9
      10
       9
      13
       7
      13
      12
      13
       5
      13
       6
       9
      15
       9
      11
      11
      10
       6
      12
      10
       5
      10
      11
       9
       3
      16
      10
      13
       7
       9
      12
      14
      13
      12
      11
       8
       8
      15
      15
      10
      13
       8
      18
      13
      16
      19
      10
      17
      15
      16
      11
      18
      18
      13
      11
      12
      15
      14
      12
       7
       8
      11
      14
       8
      12
      10
      10
      14
      16
      13
      10
       8
      13
       8
      10
      11
      14
      10
       5
       8
      12
       8
       6
      14
      10
       7
       9
      12
       6
      10
       7
      15
       5
      15
       4
       8
       4
       6
      13
       9
       8
      13
      10
       8
      12
       9
      13
      12
       8
       8
      11
      10
       7
      14
      14
      16
      15
      10
       9
       9
      12
      10
      10
      18
      14
       3
      16
       8
       4
       6
       8
      12
      11
      11
      13
       7
      10
       5
      12
       8
       8
      11
       4
       9
      14
       8
       5
       8
       9
      11
       5
      11
      13
       9
       6
       7
       5
      13
      10
       1
       7
      16
      15
      10
      10
       7
       9
      17
       9
      12
       5
       2
       9
       5
      16
      11
       8
       9
       6
       7
       7
      13
       9
       6
       8
       8
       8
      13
      13
       7
       7
       6
      12
       7
       6
      10
      10
      10
       4
      12
       5
      12
      13
      12
       9
       7
       6
       9
      12
      10
      11
      11
      14
      12
      12
      11
       9
       6
       8
      12
       9
      12
       6
      14
      10
       7
       7
      12
      10
       5
      12
      17
       9
      13
       9
       8
      10
       6
       8
      11
      10
       5
      12
       9
      15
      15
      13
      10
       9
       8
       8
       7
       9
       7
       8
      11
       6
      13
      10
       8
       4
       6
      10
       2
       7
       9
       7
      10
      10
       9
       8
       8
      14
       8
       8
      11
       7
       4
      12
      11
      10
       6
      15
      12
       7
      13
       7
       7
      15
       5
       7
       3
      13
       8
      10
      11
       8
       6
       4
      14
       7
      14
      12
      11
       6
      15
      10
       5
       8
       7
      10
       8
       6
       9
       9
      10
      13
       8
       6
      17
       7
      18
       9
      13
      10
       6
      13
      15
       9
       4
      11
      10
      16
      13
      12
      11
       8
       8
       7
       5
      11
       5
       4
       4
       6
      10
       9
      17
       7
       9
       5
      13
      12
      10
      13
       7
       5
       6
       8
       9
      14
      10
       7
       7
      17
       8
       9
       9
       9
      12
      11
       8
      10
       5
      16
       7
       6
      10
       9
       7
      11
       7
      13
       7
       9
       9
       9
       9
       7
      11
      14
      10
      10
       8
      13
       8
      11
      12
       1
       8
       8
      13
       9
      12
      11
       9
      13
       9
      11
      15
       9
      13
      10
       9
      11
      12
      10
      13
       7
       3
      13
       7
       7
      13
       8
      13
       8
       8
      12
      11
       6
       8
      11
       7
      14
       4
       6
      12
       7
       9
       9
       8
       6
       9
      15
      11
       5
      11
       9
      10
      11
       8
       6
       5
       5
      14
      11
       5
       9
       7
      11
      10
       4
      11
       9
       3
      13
      11
       8
       8
      15
       3
       8
       7
       9
       9
      12
       8
      11
      10
       5
      12
       8
       6
      12
       7
      11
       9
      11
      10
      10
       7
       6
       8
       9
       8
       8
       8
       7
       8
      10
      11
       4
      13
      12
      11
       8
       9
      12
      13
      10
      11
      11
       5
       5
      13
      16
      11
      12
       8
       8
      11
       8
       6
      11
       6
      11
       9
      11
      10
       7
       6
      15
      12
       8
       2
      12
       8
      10
      12
       8
       5
       6
      14
       6
       8
       6
       8
       9
       8
       5
      10
      12
       8
       9
      15
       9
       5
      15
      11
      13
      10
       9
       6
      11
      11
      10
       7
       7
       6
       9
      13
       6
      12
       9
       5
      14
      11
      14
       5
       9
       9
       4
       9
      10
       7
       8
      15
      10
      13
       7
       6
       6
      13
       7
      11
      10
      13
       8
      10
      14
       9
      10
       7
       9
       9
       8
       9
       9
      12
      10
       9
      12
       7
       7
      10
       6
      17
      11
       4
       7
       8
       7
      16
       9
       8
       5
       7
       8
      10
      10
      10
      13
      11
      10
       8
      12
      11
      15
       7
       6
       8
      11
      10
       6
      16
      10
      18
      13
       9
      11
      13
      19
       8
       8
      13
      16
       8
       5
       8
      12
       8
       4
       7
       8
      15
       9
       3
       8
       6
      11
       8
       9
       5
      10
       7
      10
       5
      12
       9
      10
       8
       8
       6
       8
       5
      13
       7
       9
      11
      13
       5
       6
       6
       7
      10
       4
       7
       9
       6
       5
       5
       4
       6
       6
       7
       9
      13
       4
       7
      10
       3
       5
       6
       8
       4
       8
       4
       7
       6
       7
       8
       9
       6
       6
      11
       6
       7
       5
      10
       9
       8
       9
      12
       3
       8
      11
       3
       7
      10
       5
       9
       6
       7
      10
       4
       4
       3
       4
       5
       7
       8
      12
       8
       9
       5
       1
       9
      11
      12
       6
       8
      18
       7
       9
       9
       6
       5
      13
       8
       7
       8
       6
       6
       8
      11
       6
       8
       6
      10
       3
       4
       2
       9
      13
       7
       8
       4
       5
       6
       2
       9
       5
       4
       6
       4
       9
       9
       8
       3
       4
       2
       8
       8
       6
       6
       2
       7
       4
      10
       2
       6
       4
       5
       6
       5
       4
      12
       5
       3
       2
       7
      10
       9
       3
      12
       8
      11
       6
       3
      11
       7
       6
       8
      10
      10
      14
       7
       8
       6
       7
      10
       5
       7
       5
       4
       7
       9
       7
       4
       5
       5
       5
       9
       6
       5
       7
       6
       7
       4
       6
       3
       7
       4
       5
       8
       6
       7
       3
      12
       7
       5
       7
       2
       5
       9
       7
       7
       9
       7
      11
       5
       4
       9
       8
       4
       3
       6
       7
       3
       6
       8
       5
       7
       5
       3
       8
      11
       7
      10
       5
       5
      10
       5
       5
       9
       8
       8
       9
       7
       6
       6
       8
       4
       7
       4
       8
       6
       5
       6
       3
       6
      10
       9
       4
       2
       8
       6
      11
       5
       5
       4
       7
       6
       6
       9
       5
       3
       3
       4
       8
       9
       5
       6
       5
       2
       8
       7
       5
       7
       9
       8
       3
       5
       6
       6
      14
       4
       9
       5
       5
       7
       2
       2
       8
      14
       9
       8
       5
       6
       5
       6
       4
       5
       8
       8
       4
       3
       5
       4
       1
       5
       5
       9
       4
       7
       9
       6
       6
       7
       4
       3
       7
       1
       1
       5
       5
       6
       6
       8
       8
       7
       5
       8
       2
       8
       4
       8
       4
       8
       6
       9
       8
       2
       6
       6
       6
      11
       5
       2
       7
      11
       1
       9
       6
       6
       2
       4
       8
       7
       9
       8
       5
       7
       8
       4
       8
      10
       6
       3
       4
       7
       5
       8
       4
       2
       4
       6
       5
       7
       6
       5
       4
      15
       4
       5
      10
       9
       8
       8
       5
       4
       4
      11
       4
       6
       9
       7
       8
       4
       8
       5
       6
       6
       8
      12
       3
       6
       7
       4
       2
       2
       6
       6
       7
       5
       7
       6
       4
       4
       1
       8
       9
      11
       4
       7
       6
       7
       8
       3
       6
       5
      13
       8
       3
       3
       3
       7
       5
       7
       3
       7
       4
       6
       5
       1
       5
       4
       2
       4
       9
       2
       4
       4
       6
       6
       6
      12
       8
       3
       7
      11
       7
       5
      12
      13
       6
       5
       6
       8
       7
       4
       8
      11
       5
       7
       4
       5
       3
       3
       5
       8
       6
       4
       3
       8
       4
       4
       4
       6
       8
       7
       5
       3
       4
       9
       6
       2
       7
       6
       4
       3
       4
       3
       5
       5
       3
       2
       7
       4
       3
       8
       4
       4
       3
       5
       6
      10
      12
       6
       6
      10
       4
       8
       7
       4
       1
      10
       7
       8
       5
       5
       3
       5
       4
       2
       4
       3
       4
       1
       6
       4
       5
       4
       8
       4
       5
       6
       8
       7
       8
       5
       5
       5
      10
       4
       3
       5
      10
       3
       4
       3
       6
       5
       3
       2
       3
       3
       5
       3
       4
       9
       5
       4
       5
       6
       6
       7
       3
       4
       6
       4
       3
       5
       5
       2
       6
       5
       6
       4
       7
       5
       5
       4
       4
       5
       1
       7
       4
       6
       3
       5
       3
       8
       4
      10
       2
       5
       8
       8
       4
       4
       8
       3
       7
       5
       1
       6
       7
       8
       3
       5
       4
       0
       2
       7
       5
       3
       2
       5
       5
       8
       3
       2
       5
       6
       3
       4
       5
       2
       3
       6
       5
       1
       7
       7
       5
       4
       8
       9
       4
       1
       1
       5
       6
       6
       6
       4
       9
       8
       3
      11
       3
       4
       4
       3
       5
       7
       5
       5
       1
       4
       4
       4
       2
       4
       4
       7
       5
       1
       2
      11
       8
       4
       5
       6
       5
       1
       8
       9
       3
       5
       3
       3
       9
       8
      11
       5
       8
       5
       5
       6
       9
       5
       6
       1
       3
       6
       4
       4
       2
       7
       2
       7
       5
       8
       3
       3
       4
       4
       5
       2
       5
       5
       2
       6
       6
       7
       4
       6
       3
       7
       2
       4
       4
       2
       4
       5
       3
       5
       6
       1
       4
       4
       2
       5
       4
       1
       4
       0
       6
       2
       3
       2
       5
       4
       2
       1
       3
       7
       2
       9
       4
       3
       7
       3
       9
       3
       4
       4
       6
       2
       6
       5
       7
       4
       8
       5
       5
       8
       2
       5
      10
       5
       6
       6
       2
       4
       4
       7
       6
       4
       4
       2
       7
       9
       3
       2
       3
       5
       6
       2
       6
       3
       3
       2
       4
       3
       4
       2
       2
       7
       4
       4
       4
       4
       8
       1
       5
       3
       6
       5
       4
       3
       5
       6
       2
       5
       6
       4
       5
       3
       7
       1
       4
       5
       7
       3
       2
       3
       4
       6
       4
       6
       8
       7
       4
       4
       8
       3
      10
       5
       5
       6
       4
       7
       7
       4
       5
       6
       8
       3
       2
       5
       2
       2
       2
       1
       1
       6
       3
       1
       5
       4
       4
       6
       8
       5
       3
       2
       6
       6
       3
       2
       5
       3
       3
       2
       3
       2
       2
       2
       7
       4
       3
       5
       2
       2
       5
       6
       3
       2
       5
       6
       4
       4
       5
       7
       6
       3
       4
       1
       4
       4
       7
       5
       2
       5
       5
       6
       4
       1
       4
       3
       1
       4
       3
       3
       4
       7
       5
       3
       4
       4
       3
       5
       3
       4
       7
       1
       3
       6
       6
       8
       6
       4
       5
       4
       1
       4
       4
       1
       8
       4
       3
       2
       3
       8
       3
       4
       4
       3
       4
       1
       3
      11
       5
       1
       3
       7
       2
      10
       5
       6
       4
       3
       7
       9
       6
       8
       2
       5
       7
       4
       4
       4
       4
       4
       4
       6
       7
       1
       8
       2
       3
       2
       6
       4
       5
       8
       5
       4
       4
       2
       2
       6
       5
       5
       3
       5
       7
       3
       7
       4
       1
       3
       6
       4
       7
       3
       2
       4
       1
       8
       3
       3
       1
       4
       6
       1
       4
       6
       1
       0
       5
       4
       2
       2
       3
       4
       7
       5
       4
       4
       8
       4
       9
       3
       2
       6
       6
       3
       2
       6
       3
       4
       8
       5
       5
       2
       3
       3
       2
       3
       5
       2
       3
       8
       8
       4
       5
       4
       7
       7
       6
       4
       2
       5
       2
       2
       3
       5
       7
       4
       6
       9
       7
       8
       4
       3
       6
       6
       3
       5
       3
       3
       4
      10
       4
       9
       6
      13
       5
       6
       7
      14
      15
      24
      22
      24
      21
      30
      53
      41
      63
      63
      50
      62
      95
      72
      85
      66
      76
      97
      76
      63
      91
      68
      63
      56
      48
      31
      24
      20
      19
       9
       9
       5
       5
       4
       2
       2
       4
       0
       2
       5
       5
       3
       1
       5
       4
       3
       3
       7
       3
       3
       2
       3
       4
       3
       4
       5
       1
       3
       7
       1
       1
       6
       0
       3
       1
       1
       5
       1
       3
       4
       4
       3
       1
       2
       5
       1
       3
       4
       3
       2
       3
       2
       2
       3
       3
       3
       2
       3
       2
       8
       4
       3
       1
       4
       5
       2
       3
       7
       3
       3
       5
       0
       3
       3
       2
       7
       4
       2
       1
       1
       0
       3
       1
       4
       2
       1
       1
       3
       6
       4
       1
       5
       4
       3
       3
       1
       4
       4
       3
       1
       5
       2
       5
       3
       2
       2
       4
       2
       6
       3
       1
       4
       3
       3
       1
       2
       2
       3
       5
       6
       1
       2
       4
       1
       4
       4
       2
       2
       3
       2
       2
       3
       1
       4
       6
       2
       1
       2
       0
       1
       2
       0
       6
       3
       2
       3
       2
       3
       1
       2
       7
       2
       2
       1
       5
       2
       1
       3
       3
       4
       1
       4
       5
       2
       2
       5
       4
       2
       6
       2
       3
       4
       3
       1
       1
       5
       3
       1
       4
       4
       3
       4
       4
       3
       2
       2
       1
       3
       3
       3
       3
       2
       7
       4
       1
       1
       4
       5
       1
       3
       4
       2
       2
       2
       2
       1
       3
       4
       4
       2
       0
       2
       5
       6
       4
       3
       3
       2
       5
       3
       2
       4
       7
       3
       3
       1
       5
       3
       4
       4
       1
       2
       5
       2
       4
       1
       8
       1
       2
       2
       7
       2
       5
       3
       8
       4
       2
       1
       1
       1
       5
       6
       1
       5
       2
       0
       1
       3
       5
       2
       1
       6
       4
       1
       2
       3
       9
       1
       3
       1
       3
       3
       2
       2
       3
       2
       2
       1
       4
       3
       3
       2
       1
       3
       4
       3
       4
       0
       2
       5
       7
       4
       2
       1
       6
       2
       4
       5
       4
       2
       5
       2
       6
       4
       0
       5
       3
       2
       2
       1
       4
       1
       3
       1
       5
       3
       5
       2
       6
       2
       5
       3
       1
       4
       2
       2
       1
       6
       2
       4
       1
       4
       2
       5
       1
       3
       5
       2
       1
       4
       2
       3
       3
       2
       2
       4
       2
       0
       5
       2
       2
       2
       5
       5
       1
       1
       3
       1
       3
       6
       1
       3
       2
       4
       1
       3
       4
       3
       2
       3
       3
       2
       3
       1
       2
       1
       1
       3
       3
       2
       2
       8
       2
       1
       4
       0
       3
       2
       2
       1
       3
       3
       2
       1
       5
       3
       2
       2
       4
       3
       2
       0
       4
       1
       2
       1
       3
       3
       2
       4
       3
       3
       4
       2
       4
       3
       2
       5
       1
       2
       4
       4
       4
       1
       3
       1
       2
       4
       4
       6
       1
       1
       4
       0
       2
       1
       2
       3
       1
       0
       3
       3
       2
       1
       6
       4
       2
       4
       3
       3
       0
       2
       3
       1
       2
       2
       4
       3
       0
       4
       3
       2
       2
       1
       4
       2
       4
       6
       4
       3
       4
       1
       4
       2
       3
       5
       5
       2
       1
       6
       4
       1
       3
       5
       3
       0
       5
       3
       5
       2
       5
       3
       4
       8
       1
       2
       0
       0
       3
       2
       3
       2
       4
       2
       0
       5
       5
       1
       4
       1
       3
       2
       2
       3
       2
       5
       2
       2
       3
       6
       1
       4
       0
       4
       3
       1
       2
       2
       3
       2
       4
       4
       1
       3
       2
       3
       3
       0
       0
       3
       2
       2
       2
       2
       6
       2
       2
       2
       2
       3
       4
       0
       3
       4
       0
       0
       4
       2
       2
       4
       2
       0
       2
       0
       0
       0
       0
       0
       0
       0
       0
       0
       0
       0
       0
       0
       0
       0
       0
       0
       0
       0
       0
       0
       0
       0
       0
       0
       0
       0
       0
       0
       0
       0
       0
       0
       0
       0
       0
       0
       0
       0
       0
       0
       0
       0
       0
       0
       0
       0
       0
       0
       0
       0
       0
       0
       0
       0
       0
       0
       0
       0
       0
       0
       0
       0
       0
       0
       0
       0
       0
       0
       0
       0
       0
       0
       0
       0
       0
       0
       0
       0
       0
       0
       0
       0
       0
       0
       0
       0
       0
       0
       0
       0
       0
       0
       0
       0
       0
       0
       0
       0
       0
       0
       0
       0
       0
       0
       0
       0
       0
       0
       0
       0
       0
       0
       0
       0
       0
       0
       0
       0
       0
       0
       0
       0
       0
       0
       0
       0
       0
$ROI:
0
$PRESETS:
None
0
0
$ENER_FIT:
0.196194 0.194904
$MCA_CAL:
3
1.961942E-001 1.949036E-001 3.834765E-008 keV
$SHAPE_CAL:
3
0.000000E+000 0.000000E+000 0.000000E+000
