$SPEC_ID:
HFNG Beamline
$SPEC_REM:
DET# 2
DETDESC# EasyMCA
AP# Maestro Version 7.01
$DATE_MEA:
04/12/2018 17:13:48
$MEAS_TIM:
79526 79530
$DATA:
0 8191
       0
       0
       0
       0
       0
       0
       0
       0
       0
       0
       0
       0
       0
       0
       0
       0
       0
       0
       0
       0
       0
       0
       0
       0
       0
       0
       0
       0
       0
       0
       0
       0
       0
       0
       0
       0
       0
       0
       0
       0
       0
       0
       0
       0
       0
       0
       0
      15
     260
     326
     294
     292
     287
     308
     332
     321
     360
     338
     329
     299
     320
     322
     319
     322
     322
     282
     355
     302
     308
     303
     289
     305
     302
     313
     296
     303
     322
     314
     290
     280
     288
     261
     278
     260
     301
     261
     258
     280
     273
     276
     286
     274
     274
     263
     276
     268
     275
     282
     275
     276
     252
     252
     274
     251
     274
     280
     228
     235
     263
     275
     257
     257
     244
     254
     251
     275
     265
     229
     233
     227
     272
     231
     227
     241
     239
     243
     247
     229
     210
     255
     234
     241
     222
     215
     228
     244
     210
     191
     226
     249
     238
     231
     215
     211
     208
     250
     221
     226
     225
     221
     198
     221
     212
     216
     206
     236
     190
     218
     238
     222
     205
     223
     199
     205
     211
     183
     198
     180
     214
     196
     206
     196
     190
     195
     217
     217
     187
     185
     202
     207
     185
     211
     186
     195
     234
     208
     191
     216
     207
     194
     185
     210
     192
     182
     172
     194
     172
     183
     217
     177
     208
     197
     193
     200
     177
     177
     162
     208
     183
     163
     198
     175
     162
     182
     171
     161
     185
     174
     188
     178
     182
     166
     172
     178
     159
     187
     168
     187
     170
     158
     166
     193
     183
     177
     161
     156
     169
     174
     175
     198
     174
     174
     178
     184
     179
     177
     170
     183
     145
     164
     167
     171
     174
     161
     185
     178
     189
     162
     185
     156
     179
     166
     167
     171
     184
     159
     194
     171
     171
     137
     190
     177
     170
     176
     157
     185
     193
     155
     172
     186
     179
     183
     183
     165
     157
     181
     176
     158
     173
     166
     167
     163
     167
     147
     174
     171
     155
     168
     195
     173
     170
     196
     197
     157
     174
     188
     175
     194
     178
     172
     169
     160
     187
     178
     173
     188
     162
     158
     187
     179
     147
     199
     203
     191
     204
     197
     199
     197
     170
     196
     167
     164
     176
     158
     160
     173
     166
     179
     172
     163
     154
     163
     160
     170
     168
     188
     143
     179
     176
     165
     187
     175
     183
     187
     170
     187
     166
     177
     183
     169
     174
     194
     181
     187
     178
     180
     176
     177
     183
     186
     176
     239
     356
     376
     407
     357
     260
     194
     219
     167
     206
     221
     316
     453
     584
     610
     535
     322
     224
     206
     206
     150
     182
     147
     177
     166
     139
     156
     166
     167
     185
     147
     159
     173
     166
     168
     124
     138
     151
     139
     179
     185
     163
     156
     152
     173
     143
     169
     172
     157
     160
     149
     148
     152
     172
     165
     173
     174
     187
     193
     194
     241
     280
     333
     368
     353
     374
     266
     227
     194
     157
     156
     139
     143
     163
     176
     172
     209
     211
     214
     207
     170
     197
     172
     134
     152
     137
     171
     159
     144
     174
     173
     169
     169
     167
     155
     153
     154
     133
     144
     169
     149
     166
     163
     230
     212
     232
     197
     212
     208
     187
     172
     171
     139
     154
     139
     149
     163
     137
     155
     144
     153
     146
     154
     149
     148
     130
     142
     134
     159
     138
     152
     144
     169
     145
     150
     152
     152
     144
     142
     147
     137
     128
     158
     149
     150
     146
     129
     142
     150
     145
     145
     167
     155
     142
     156
     152
     153
     155
     158
     134
     157
     167
     146
     137
     144
     151
     139
     170
     163
     172
     156
     160
     150
     158
     160
     116
     139
     142
     156
     146
     133
     142
     142
     150
     152
     164
     165
     175
     158
     164
     171
     149
     167
     163
     153
     151
     165
     156
     143
     157
     166
     147
     154
     151
     164
     135
     161
     151
     181
     168
     145
     138
     151
     142
     152
     156
     130
     137
     155
     131
     135
     139
     159
     157
     143
     150
     155
     136
     151
     162
     157
     139
     155
     172
     133
     166
     141
     153
     138
     178
     169
     141
     162
     154
     153
     131
     128
     165
     171
     145
     145
     150
     163
     165
     147
     167
     149
     156
     154
     119
     169
     144
     140
     160
     150
     128
     150
     133
     150
     151
     139
     143
     144
     150
     128
     125
     150
     153
     127
     149
     140
     155
     174
     141
     157
     154
     162
     156
     150
     154
     181
     146
     153
     135
     152
     135
     151
     156
     156
     148
     137
     143
     156
     130
     137
     139
     152
     148
     144
     133
     134
     163
     133
     136
     138
     160
     144
     162
     131
     143
     148
     150
     158
     153
     146
     132
     135
     145
     138
     137
     134
     143
     159
     150
     129
     157
     140
     131
     137
     133
     149
     134
     151
     141
     146
     133
     152
     159
     171
     144
     150
     142
     143
     154
     133
     135
     153
     127
     138
     131
     144
     146
     178
     158
     170
     207
     239
     266
     260
     179
     184
     148
     150
     144
     139
     130
     145
     109
     133
     140
     127
     143
     146
     139
     143
     157
     149
     141
     134
     160
     137
     123
     156
     133
     130
     155
     117
     129
     161
     130
     131
     122
     135
     133
     144
     145
     140
     143
     126
     125
     121
     127
     111
     123
     131
     118
     115
     120
     136
     139
     129
     124
     130
     136
     143
     124
     115
     131
     137
     119
     147
     128
     138
     133
     139
     130
     116
      98
     119
     117
     128
     162
     126
     132
     125
     121
     131
     130
     116
     119
     150
     134
     135
     126
     123
     127
     113
     123
     124
     114
     146
     137
     144
     118
     144
     173
     168
     147
     147
     172
     147
     125
     119
     108
     107
     121
     120
     108
     133
     113
     112
     126
     129
     123
     114
     125
     146
     124
     110
     136
     111
     131
     127
     137
     133
     115
     116
     132
     125
     110
     142
     138
     119
     133
     138
     129
     116
     125
     110
     132
     124
     142
     124
     122
     137
     130
     118
     114
     120
     119
     121
     119
     111
     116
     123
     103
      98
     134
     101
     110
     104
     118
     115
     123
      93
     123
     108
     130
     117
     119
     123
     102
      96
     126
     122
     110
     119
     109
     117
     122
     135
     107
     108
     143
     107
     121
     119
     120
     105
     113
     118
     106
     108
     108
     108
     123
     130
     103
     119
     141
     124
     107
     127
     111
     125
     117
     137
     133
     203
     277
     389
     504
     578
     530
     382
     262
     182
     124
     121
      99
      95
      83
     109
     112
      97
      90
      91
     105
     101
     103
      93
     119
      94
     103
     111
     100
     102
     112
     107
     116
     106
      94
     100
     106
      82
     103
     105
      96
     111
      91
     113
     100
      92
     103
      94
      94
     105
      97
     111
     114
     112
     119
     106
      98
     109
     101
      90
      93
     112
      96
     103
      98
      78
      80
     106
      97
      79
     101
     116
     120
     100
      95
      91
     105
      99
     107
      83
     100
      79
     109
      86
     112
      94
      89
     105
      98
      89
     105
     131
      92
     108
      82
     112
      83
      99
      95
     113
     103
      82
      99
     129
     135
     162
     135
     105
     127
     105
      87
      80
      93
      87
      87
      86
      83
      85
     100
      84
     100
     104
      95
     100
     122
      87
     105
      98
      93
      84
     100
      81
      87
      85
      97
      78
      85
      93
      98
      93
      94
      98
     105
      73
      91
      90
      93
      99
      92
      94
      83
      95
      90
      93
      84
     108
      90
      90
      70
      91
      89
      97
      97
      83
     106
      86
      85
      80
      72
      82
      98
     103
      94
      86
      79
      66
      88
      96
      91
     113
     100
      90
      80
     105
      94
     100
      86
      94
     100
      81
      76
      90
      83
      89
      76
      79
      99
      86
     107
      80
      81
      85
      90
      82
      75
      80
      79
      75
      94
      90
      80
      98
      73
      93
      96
      91
      70
     102
      65
      79
      96
      84
      66
      94
      77
      92
      84
     102
      71
      79
      71
      95
      80
      82
     102
      96
      74
      70
      82
      79
     115
      88
      86
      79
      88
      74
      73
      80
      85
      66
      65
      83
      90
      87
      74
      70
      96
      73
      90
      72
      91
      73
      81
      72
      84
      86
      72
      80
      60
      68
      68
      76
     100
      96
     118
     131
     137
     140
     117
     105
     103
      73
      82
      69
      77
      83
      74
      90
      76
      73
      94
      82
      74
      74
      80
      84
      87
      77
      81
      50
      78
      72
      73
      78
      71
      74
      67
      70
      65
      74
      80
      74
      66
      59
      72
      63
      87
      67
      74
      76
      83
      73
      82
      58
      66
      67
      66
      58
      92
      68
      84
      76
      56
      86
      82
      77
      71
      58
      73
      71
      55
      54
      74
      67
      66
      68
      81
      69
      62
      61
      52
      61
      60
      66
      77
      67
      66
      76
      71
      70
      84
      66
      71
      73
      64
      58
      65
      64
      70
      50
      68
      72
      56
      52
      68
      86
      59
      75
      83
      56
      58
      61
      66
      80
      62
      57
      61
      67
      64
      69
      69
      54
      68
      56
      87
      60
      64
      72
      67
      59
      48
      66
      56
      70
      59
      59
      62
      71
      70
      75
      71
      61
      87
      53
      56
      77
      62
      78
      59
      66
      56
      59
      63
      61
      60
      70
      60
      59
      65
      62
      56
      70
      54
      59
      49
      67
      69
      70
      74
      55
      61
      58
      67
      56
      55
      77
      57
      67
      55
      73
      62
      73
      73
      68
      54
      57
      53
      77
      70
      68
      65
      52
      47
      59
      64
      69
      57
      68
      56
      63
      60
      58
      52
      58
      61
      41
      74
      73
      66
      72
      50
      66
      62
      66
      54
      49
      61
      63
      55
      58
      57
      57
      49
      52
      59
      70
      57
      57
      59
      54
      68
      57
      45
      57
      57
      54
      61
      65
      51
      63
      62
      53
      61
      77
      67
      61
      54
      78
      73
      62
      50
      54
      63
      48
      52
      63
      59
      56
      82
      52
      57
      48
      60
      53
      58
      39
      62
      44
      50
      51
      62
      74
      58
      44
      57
      60
      44
      55
      58
      52
      53
      48
      52
      60
      67
      44
      42
      63
      47
      49
      59
      62
      56
      56
      48
      63
      70
      63
      73
      64
      70
      49
      58
      55
      45
      42
      61
      51
      58
      51
      63
      50
      51
      49
      56
      49
      62
      48
      55
      58
      56
      48
      41
      51
      46
      55
      57
      48
      48
      60
      58
      60
      51
      64
      42
      60
      58
      46
      70
      50
      46
      42
      62
      54
      52
      42
      62
      44
      56
      64
      41
      53
      53
      62
      47
      56
      58
      39
      50
      55
      51
      50
      58
      57
      49
      54
      54
      61
      60
      45
      39
      52
      41
      52
      44
      42
      49
      44
      51
      46
      53
      47
      53
      56
      56
      52
      42
      45
      44
      48
      40
      47
      49
      56
      41
      38
      50
      51
      46
      52
      44
      57
      47
      48
      38
      52
      47
      49
      42
      52
      45
      53
      39
      45
      64
      38
      51
      51
      43
      46
      55
      43
      50
      44
      52
      47
      52
      41
      53
      47
      48
      47
      42
      48
      61
      47
      50
      47
      51
      44
      44
      35
      43
      48
      46
      47
      38
      57
      60
      47
      46
      48
      58
      40
      56
      43
      48
      54
      45
      55
      51
      46
      58
      56
      52
      62
      55
      42
      45
      54
      46
      44
      47
      39
      36
      41
      49
      56
      42
      38
      34
      47
      50
      40
      51
      38
      38
      43
      66
      53
      50
      34
      38
      48
      40
      42
      58
      53
      44
      36
      45
      33
      50
      48
      36
      37
      37
      52
      51
      45
      52
      55
      51
      48
      53
      51
      62
      44
      56
      57
      55
      44
      51
      37
      38
      55
      37
      48
      40
      50
      40
      32
      44
      48
      45
      34
      42
      43
      41
      34
      44
      44
      42
      53
      49
      33
      39
      36
      47
      56
      34
      33
      33
      36
      51
      30
      44
      52
      30
      41
      36
      36
      49
      44
      45
      46
      42
      37
      38
      53
      45
      41
      44
      41
      47
      35
      50
      42
      42
      47
      51
      55
      49
      63
      49
      60
      69
      56
      56
      63
      55
      49
      47
      38
      43
      52
      38
      43
      39
      36
      34
      38
      44
      39
      33
      32
      36
      49
      41
      35
      57
      33
      38
      45
      35
      43
      40
      32
      42
      47
      42
      37
      43
      41
      33
      40
      48
      55
      34
      54
      37
      42
      34
      54
      42
      48
      33
      44
      43
      35
      26
      42
      32
      35
      41
      32
      36
      37
      41
      48
      36
      27
      40
      48
      31
      33
      43
      37
      32
      33
      41
      44
      36
      40
      42
      33
      35
      46
      37
      35
      33
      37
      43
      29
      40
      49
      34
      41
      36
      36
      36
      33
      39
      44
      36
      33
      45
      39
      38
      37
      34
      39
      32
      35
      37
      37
      44
      31
      45
      38
      42
      24
      35
      40
      32
      42
      37
      42
      57
      38
      38
      28
      32
      25
      37
      38
      50
      36
      41
      41
      47
      32
      33
      26
      40
      27
      32
      31
      35
      27
      39
      33
      55
      33
      29
      37
      33
      29
      28
      29
      37
      42
      36
      27
      29
      42
      49
      39
      39
      37
      37
      30
      41
      33
      26
      32
      35
      28
      40
      35
      30
      45
      31
      25
      29
      43
      33
      33
      38
      34
      36
      40
      32
      40
      38
      35
      27
      20
      42
      43
      36
      28
      34
      30
      39
      33
      30
      47
      34
      20
      33
      28
      25
      31
      47
      44
      36
      32
      43
      42
      26
      31
      39
      42
      35
      30
      33
      27
      35
      34
      39
      33
      35
      37
      39
      33
      37
      31
      41
      36
      36
      34
      45
      36
      31
      38
      42
      25
      34
      35
      28
      31
      28
      36
      35
      28
      24
      44
      28
      32
      22
      45
      34
      30
      43
      30
      29
      45
      31
      35
      27
      42
      33
      26
      31
      34
      36
      31
      22
      29
      30
      45
      44
      34
      35
      41
      38
      26
      29
      33
      30
      36
      35
      38
      34
      41
      38
      29
      29
      35
      37
      31
      29
      36
      25
      42
      38
      32
      25
      27
      26
      29
      30
      33
      35
      32
      26
      37
      33
      41
      27
      20
      33
      21
      40
      29
      28
      23
      28
      23
      48
      30
      28
      26
      26
      37
      34
      39
      34
      28
      27
      24
      34
      30
      36
      29
      23
      27
      32
      34
      26
      31
      34
      42
      23
      25
      31
      27
      33
      27
      34
      27
      27
      28
      27
      26
      27
      37
      27
      33
      32
      26
      34
      32
      30
      31
      29
      26
      29
      41
      41
      32
      29
      32
      20
      22
      24
      41
      23
      24
      25
      25
      33
      36
      39
      22
      32
      34
      32
      27
      27
      30
      24
      34
      24
      23
      26
      22
      16
      28
      35
      31
      29
      31
      22
      32
      19
      22
      32
      30
      22
      34
      39
      23
      27
      37
      32
      45
      33
      31
      35
      21
      29
      31
      26
      30
      39
      30
      29
      22
      30
      32
      34
      18
      35
      25
      26
      26
      37
      31
      29
      34
      33
      31
      31
      25
      22
      29
      30
      22
      34
      27
      24
      23
      34
      37
      24
      37
      29
      42
      32
      32
      30
      19
      23
      24
      22
      31
      28
      28
      24
      31
      30
      29
      31
      29
      26
      43
      32
      25
      25
      25
      27
      45
      25
      29
      28
      27
      21
      27
      26
      25
      30
      19
      33
      35
      28
      30
      37
      27
      26
      30
      25
      31
      32
      26
      28
      28
      23
      32
      24
      27
      31
      30
      22
      24
      24
      30
      34
      25
      21
      27
      30
      31
      32
      27
      28
      38
      33
      29
      26
      34
      30
      23
      26
      29
      23
      34
      22
      28
      31
      25
      29
      23
      35
      35
      38
      28
      23
      23
      23
      22
      16
      27
      28
      31
      25
      26
      23
      38
      29
      20
      29
      28
      32
      27
      36
      37
      34
      23
      29
      22
      23
      29
      31
      27
      26
      18
      24
      25
      22
      19
      25
      30
      24
      22
      26
      28
      33
      28
      24
      26
      23
      34
      20
      22
      26
      22
      32
      29
      22
      34
      18
      20
      24
      19
      26
      25
      19
      22
      27
      32
      28
      29
      20
      25
      27
      26
      26
      20
      31
      25
      20
      22
      29
      31
      36
      24
      26
      27
      26
      25
      19
      19
      24
      28
      34
      29
      29
      30
      28
      21
      28
      22
      30
      25
      21
      22
      31
      25
      31
      21
      26
      37
      31
      24
      26
      35
      24
      28
      18
      24
      17
      28
      18
      27
      34
      36
      37
      32
      22
      25
      20
      23
      22
      32
      34
      19
      38
      20
      36
      31
      16
      24
      28
      33
      29
      30
      24
      29
      21
      26
      22
      27
      19
      26
      32
      26
      26
      26
      28
      26
      23
      30
      20
      20
      31
      24
      15
      25
      28
      23
      25
      25
      22
      15
      33
      24
      31
      18
      27
      28
      27
      26
      25
      34
      21
      25
      17
      20
      25
      21
      20
      18
      27
      35
      20
      22
      27
      20
      27
      28
      25
      24
      30
      18
      23
      30
      11
      25
      16
      23
      25
      17
      19
      24
      20
      24
      23
      20
      24
      26
      18
      21
      34
      23
      21
      16
      21
      22
      28
      22
      27
      21
      16
      18
      22
      25
      32
      13
      25
      23
      25
      27
      20
      34
      22
      18
      29
      19
      18
      27
      25
      20
      23
      21
      30
      25
      29
      28
      31
      33
      32
      41
      37
      48
      65
      53
      66
      78
      77
      76
      59
      55
      79
      66
      67
      61
      58
      57
      51
      41
      39
      18
      36
      25
      31
      33
      25
      22
      31
      23
      12
      19
      18
      26
      17
      29
      29
      35
      27
      20
      17
      18
      24
      28
      23
      28
      22
      28
      19
      21
      21
      21
      25
      31
      19
      19
      27
      23
      16
      19
      26
      24
      28
      15
      20
      32
      17
      24
      24
      23
      25
      20
      18
      30
      39
      29
      21
      14
      23
      16
      16
      22
      23
      28
      17
      19
      17
      20
      23
      19
      22
      21
      19
      23
      17
      17
      16
      22
      22
      21
      28
      21
      15
      19
      20
      19
      18
      22
      26
      23
      26
      19
      25
      22
      23
      19
      28
      14
      22
      33
      26
      29
      19
      28
      24
      31
      31
      25
      17
      24
      17
      25
      18
      22
      12
      23
      25
      23
      17
      13
      17
      22
      22
      23
      28
      16
      14
      26
      21
      20
      17
      21
      22
      24
      15
      16
      22
      19
      20
      25
      22
      27
      26
      13
      25
      17
      22
      19
      18
      21
      14
      25
      20
      24
      16
      27
      23
      19
      23
      29
      24
      25
      15
      22
      15
      16
      19
      19
      24
      19
      23
      25
      17
      22
      19
      22
      14
      25
      15
      23
      17
      23
      29
      32
      21
      15
      24
      18
      17
      16
      26
      21
      19
      19
      25
      30
      20
      17
      12
      17
      24
      18
      23
      18
      18
      24
      25
      20
      22
      22
      24
      14
      19
      16
      21
      19
      20
      14
      18
      21
      16
      21
      24
      19
      23
      25
      25
      23
      14
      25
      15
      16
      17
      13
      22
      17
      18
      25
      17
      12
      25
      25
      17
      24
      16
      24
      18
      25
      32
      18
      19
      16
      16
      15
      22
      20
      23
      15
      17
      13
      17
      23
      26
      18
      21
      19
      29
      21
      21
      24
      24
      14
      15
      20
      20
      17
      24
      19
      26
       9
      19
      16
      22
      20
      18
      15
      14
      18
      23
      21
      27
      23
      21
      24
      12
      17
      20
      32
      21
      12
      17
      27
      20
      14
      20
      22
      25
      27
      16
      21
      15
      15
      22
      17
      19
      22
      20
      23
      18
      19
      26
      24
      15
      21
      24
      16
      19
      31
      22
      17
      20
      25
      24
      17
      14
      20
      26
      23
      19
      21
      26
      18
      24
      16
      16
      27
      17
      18
      18
      28
      14
      23
      22
      28
      22
      32
      29
      40
      44
      31
      37
      44
      41
      27
      37
      28
      28
      26
      24
      22
      21
      13
      24
      24
      22
      22
      12
      21
      20
      18
      22
      21
      15
      21
      28
      17
      10
      23
      20
      12
      14
      20
      28
      20
      20
      23
      16
      18
      17
      16
      19
      30
      25
      16
      20
      17
      16
      22
      23
      15
      19
      16
      23
      16
      22
      20
      21
      10
      12
      22
      19
      21
      21
      13
      14
      18
      13
      18
      28
      21
      13
      20
      17
      14
      22
      21
      22
      17
      23
      24
      22
      20
       6
      23
      22
      15
      27
      16
      16
      16
      21
      12
      22
      14
      18
      19
      14
      24
      27
      19
      14
      16
      21
      21
      17
      18
      19
      26
      25
      19
      17
      22
      18
      29
      14
      12
      19
      14
      14
      18
      22
      17
      22
      25
      17
      19
      22
      21
      28
      29
      31
      34
      41
      51
      32
      36
      53
      31
      34
      33
      25
      15
      22
      15
      16
      15
      19
      20
      17
      17
      19
      21
      20
      15
      17
      21
      20
      26
      18
      28
      17
      22
      21
      19
      18
      25
      21
      15
      12
      25
      20
      24
      13
      20
      17
      15
      17
      22
      15
      11
      29
      12
      23
      13
      19
      17
      13
      14
      20
      23
      20
      11
      14
      15
      12
      21
      12
      19
      18
      21
      23
      14
      15
      23
      25
      13
      24
      20
      19
      11
      19
      16
      17
      18
      15
      15
      15
      24
      23
      14
      31
      14
      25
      11
       9
      16
      14
      14
      13
      18
      13
      14
      23
      22
      16
      27
      20
      10
      16
      24
      19
      19
      19
      19
      12
      21
      19
      15
      18
      25
      16
      21
      18
      22
      16
      16
      18
      21
      14
      15
      18
      12
      12
      20
      22
      24
      20
      12
      12
      16
      20
      16
      14
      10
      19
      11
      24
      12
      13
      19
      20
      16
      12
      16
      19
      16
      15
      22
      12
      10
      27
      18
      20
      14
      16
      16
      23
      17
      17
      14
      18
      17
      17
      12
      21
      20
      10
      14
      22
      13
      23
      11
      18
      15
      16
      14
      16
      18
      20
      17
      15
      16
      21
      20
      13
      12
      23
      15
      22
      10
      20
      15
      12
      17
      11
      11
      21
      18
      15
      13
      19
      12
      15
      14
       7
      13
      17
      19
      17
      28
      17
      12
      17
      18
      14
      10
      17
      18
      18
      16
      17
      11
      12
      27
      17
       7
       9
      22
      16
      13
      17
      18
      23
      18
       9
      11
      18
      17
      21
      23
      15
      25
      19
      18
      19
      12
      15
      15
      14
      16
      21
      22
      16
       9
      14
      19
      11
       7
      11
      18
      19
      13
      25
      16
      14
      13
      20
      15
      15
      15
      18
      17
      16
      15
       8
      19
      19
      18
      15
       9
      13
      12
      14
      14
      20
      12
      13
       8
      20
      14
      18
      23
      15
      25
      12
      18
      13
      17
      20
      17
      19
       9
      15
      13
      20
      14
       3
      17
      17
      11
      13
      15
      22
      20
      21
      14
      13
      11
      14
      16
      12
      22
      17
      11
      27
      15
      13
      13
      21
      10
      11
      17
      13
      14
      24
      18
      25
      16
      13
      21
      25
      11
      14
      17
      15
      13
      14
      15
      14
      16
      11
      11
      16
      16
      15
      18
      13
      12
      15
      11
      18
       8
      17
       7
       9
      16
      17
      23
      13
      16
      10
      16
      13
      17
      12
      19
      14
      19
       9
       8
      17
      14
      14
      19
      10
      13
      10
      11
      12
      16
      24
      18
      15
      15
      19
      15
      11
      19
      17
      12
      18
       9
      15
      17
      20
      13
      17
      15
      19
      13
      13
      18
      14
      13
      13
      15
      15
      11
      11
      20
      15
      17
      14
      12
      16
      13
      25
      15
      11
      17
      12
      17
      14
      11
      13
       7
       9
      19
      18
      11
      12
      14
      11
      13
      25
      25
      14
      20
      15
      14
      13
      12
      17
      13
      13
      24
      14
      16
      13
      11
      19
      20
      18
      16
      19
      14
      12
      20
      18
      17
      12
      18
      19
      10
       8
      12
      14
      13
      12
      17
      16
      13
      19
      15
      13
      14
      20
      15
       8
      11
      14
      15
       7
      18
      16
      11
      21
      15
      15
      10
      12
      16
      14
      19
       9
      19
      18
      21
      15
      13
      20
      15
       8
      13
      11
       9
      20
      13
      11
      12
      20
      13
      16
       8
      16
      16
      13
      13
      14
      10
      13
      12
      13
      22
      11
      14
      13
      19
      15
      14
      10
      14
      16
      13
       7
      14
      13
      16
      11
      15
      12
      16
      14
      13
      10
      13
      19
      12
      18
      19
      14
      22
      12
      11
      11
      15
      14
      17
      22
      16
       8
      12
      17
      14
      20
      16
      22
      25
      15
      24
      16
      11
      16
      10
      18
      10
      13
      17
       8
      10
      21
      16
      12
      15
      13
      10
      27
      11
      16
      14
      11
      15
      15
      19
      16
      19
      16
      14
       8
      18
      22
      14
      16
      15
       9
      13
      12
      17
      14
      14
      14
      13
      18
      12
      12
       8
      15
       9
      11
      14
      11
      10
       9
       7
      11
      19
      19
      13
      12
      16
      16
      17
      20
       9
       9
      18
      12
      21
      11
       9
      16
      13
      10
      18
      12
      15
      18
      10
      17
      12
       9
      15
      16
       8
      13
      11
      20
      14
      16
      13
      14
      15
      14
      12
       9
      17
      16
      13
      10
      14
      13
       6
      11
      11
      13
      11
      11
      15
      15
      12
       8
      12
      12
      19
      11
      18
      15
      11
      14
      14
      16
      10
      20
      15
      15
      15
      11
       6
      18
      12
      18
      13
      14
      10
      11
      15
      15
      18
      15
      12
      19
      12
      18
      18
      12
      13
      10
      16
       8
      11
      13
       8
      10
      12
      17
      19
      13
       9
      11
      13
       9
      16
      14
      13
      11
      17
      12
      10
      15
      14
      11
      19
      12
       7
      14
      14
      12
       8
      18
      15
      16
      14
      15
       9
      17
      12
      16
      13
      14
      14
      16
      15
      14
      16
      20
      12
      12
      10
      12
      17
       9
      16
      18
       9
      16
       9
      10
      14
      19
       9
      12
      12
      14
      12
      14
      11
      14
      18
      10
      19
      21
      15
      16
      20
      15
      11
      13
      12
      19
      11
      10
       8
      20
      17
      16
      11
      11
      14
       9
      10
       9
      16
      16
      20
      12
      15
      10
      14
      11
      14
      14
      14
      12
      16
      15
      12
      18
      14
       7
      15
       8
       2
      14
      16
      16
      16
      11
      16
      15
      16
      11
      12
      23
       8
      13
      13
      10
       9
      17
       5
      19
      11
      10
       6
       8
      13
      16
       7
      11
      20
       8
       8
      11
      17
      11
      11
      15
      20
      15
       9
      11
      12
      17
      16
       9
       9
      11
       6
       6
      13
      14
      12
      17
      10
      14
      15
      10
      10
       9
      10
      12
      14
      14
      13
       9
      11
      18
      16
      11
      12
      12
      14
      15
      10
       8
       3
       8
      15
      13
       8
      12
       6
       6
      16
      14
      13
       8
      18
      20
       9
      10
      15
      11
      13
      13
      15
      12
       9
      12
      18
      11
       8
      18
      13
      13
      13
      13
      17
      12
      13
      15
      10
      14
      13
      17
      13
      19
      10
      15
      16
      21
      11
      11
      12
      14
      17
       7
      17
      16
      15
      16
      14
      15
      14
      14
      12
      12
      10
      16
       6
       7
      10
      10
      13
      14
      11
      11
      11
      12
      13
      15
      11
      15
      13
      11
      14
       8
      13
      12
       5
      14
      13
      18
      11
      14
       6
      12
      12
      16
      17
      18
      11
       7
      14
      13
       8
      15
      23
      14
      14
      20
      29
      32
      34
      35
      38
      34
      41
      47
      36
      27
      26
      24
      15
      23
       9
      23
       9
       9
      10
      18
      15
      11
      12
      12
      11
      17
      14
      13
      11
      13
      20
      17
      11
      12
      11
      12
       9
      15
      16
      14
       9
      13
       5
      11
      13
      10
      11
       9
      14
      20
      14
      10
      13
       8
      11
      15
      10
      11
      11
      10
      11
      12
       8
       6
       6
      10
      10
      10
       5
      13
      11
      14
      16
      15
      10
      15
      12
      10
      11
       9
      12
      13
      18
      16
      12
       8
      12
      14
       5
      11
      13
      13
       9
      17
      15
       7
      11
      12
       8
      17
       9
      11
      13
      10
       6
      12
      14
      15
      14
      11
      14
      15
       9
       8
      14
      12
      23
      19
      12
      12
      21
      13
       9
      13
      13
      14
       7
      13
       9
       9
      14
      12
       8
       7
       6
      14
      14
       7
       7
      12
      14
      13
      11
      10
      10
       6
      18
       8
      18
      12
      13
      18
      11
      16
       7
      12
       8
      18
       6
      13
      16
       9
      14
      10
      15
      12
      11
       9
      12
       7
      17
       7
      11
      14
       6
       8
      10
      11
      12
       8
      13
       9
       9
      12
      20
      21
      12
      13
      16
      11
       8
       5
       8
      20
       9
       8
      15
      10
       9
      10
       8
      12
      14
      11
      10
      16
      12
      17
      15
      15
      10
      15
      14
      14
      18
      17
      16
      10
      12
       8
       8
      15
      11
      15
      12
      11
       6
       9
       5
      15
       9
      14
       9
       6
       9
      13
      15
      10
      13
      10
       6
      10
       8
      11
       8
      12
       9
       8
      10
       9
      11
      12
      11
       7
       7
      18
      12
       8
      12
      16
      12
      15
      16
      10
      11
      11
      15
      12
       5
       8
      18
       7
      11
       6
      10
       9
       8
       9
       8
       7
      12
      12
      16
       6
       9
      10
      10
       9
      12
       8
      11
      12
      13
      11
      14
      10
      16
      10
      12
      14
       8
      15
      13
       7
       7
      16
      11
      11
       9
      10
      11
      12
       9
       7
      13
      11
      15
       8
       7
      14
      11
       8
       9
      13
       8
      11
      18
      12
       7
      15
      13
       6
      10
      10
       5
      11
      11
       8
      15
       9
       7
      10
       6
      15
       9
      14
      12
      14
      10
      12
       9
      12
      11
      14
       8
       9
      10
      12
       5
       8
      17
      11
       9
      11
       7
       9
      13
      13
       7
      12
       8
      16
      12
      12
      14
      16
       7
      10
      11
       9
      10
      12
       9
      13
       6
      11
      15
      17
      17
      18
      13
      13
      12
      10
      15
      11
       9
      18
      10
      11
      17
       9
       5
       6
       8
       7
       9
      13
      12
      11
      13
       8
       5
       7
      10
       6
      16
      12
      10
      13
       5
      11
      12
      12
       9
       6
       6
      15
      16
       5
      18
      16
       8
      10
       9
       5
       6
      10
      11
      16
       6
       8
      13
       7
      20
      16
      14
      13
      11
      12
      12
       6
      12
      16
      13
      10
      12
      11
      10
       6
       8
      12
       9
      14
       9
       9
       6
      11
      13
      12
       6
      15
      11
      11
      15
      14
      10
      11
      10
      10
       7
       9
       7
       9
      11
       6
      10
       8
       7
       9
       9
      10
       8
       6
      11
      18
      13
      13
       8
       8
      11
      15
      13
      12
      18
       9
      14
      10
      12
       9
      14
      15
      14
      15
      19
      22
      16
      19
      28
      17
      23
      22
      22
      18
      25
      23
      21
      19
      17
      12
      11
      10
       8
      16
       6
       6
      14
      11
      17
       9
       8
      14
      13
       9
      12
       4
       6
       8
      15
       8
       9
       8
       7
      11
       8
       8
       8
       6
      10
       7
      16
       8
      16
      11
       5
       9
      16
      17
       8
      15
      15
      13
       6
       9
       9
      10
      10
       4
      11
      14
      10
      11
      13
       5
       5
      15
      10
      12
       9
       3
      11
       7
      11
      10
      10
       6
      10
       8
       8
       8
       5
       7
      11
      16
      11
       5
      10
      12
       8
      13
       4
       8
       6
      11
       8
       9
      13
      11
       2
       9
       6
       8
       6
      14
      14
      14
      10
       9
       9
       7
       6
       6
      13
      15
      11
      11
      12
      15
      17
       8
      14
       8
       8
      13
       6
       8
       7
       8
      11
      15
       9
      14
       8
      13
      10
       9
      12
       6
      10
      10
       9
       7
       8
       9
       7
      11
      11
      11
       9
      11
       6
       9
       9
       7
       5
       8
       9
       7
       6
       8
      11
       7
      10
       7
      15
      11
       9
       9
      12
       8
       8
      16
      14
       5
      13
       7
       9
      12
      10
      10
      11
       9
       7
       8
       6
       9
       9
       7
       9
      16
      12
      12
      11
      12
      11
       9
       7
      14
       8
      12
      13
       9
      13
       6
       8
      13
      14
       9
       8
       9
      12
       5
       8
       5
       5
       8
      13
       6
       8
      14
       7
      12
       6
       8
       8
      14
       6
       9
      11
       3
       7
       4
      14
       9
      17
       9
       6
       9
       6
       2
      11
      13
      10
      11
      11
       9
       2
      11
      10
       8
      10
      12
       7
       8
      10
      10
      10
       9
      14
       2
      12
      12
       8
      12
      13
      12
      13
      12
      15
      12
      11
       9
      10
       7
      12
      12
       8
       7
      11
       7
      10
      17
       6
       9
       8
       9
      10
      12
      17
      10
      11
      23
      10
      22
      13
      12
      23
      15
      18
      18
      17
       5
      12
      13
       9
      11
       9
      10
      12
       8
       9
      12
      18
       6
      13
       9
       6
      16
       8
      11
      10
      13
       8
       8
       6
      11
       9
      11
       5
      13
      10
       7
       9
      12
       9
       4
       3
      15
      11
      10
      13
       6
      10
      13
       3
       6
       9
       6
      10
      12
       5
       5
      12
      12
      10
       8
       6
      11
       8
       8
      11
       3
       9
       9
       8
      10
       8
       7
       7
      13
       7
      10
       5
      15
       4
       6
       9
       5
      12
       8
       8
       8
       6
       6
       9
      12
       5
       8
       6
       9
      12
       9
      10
      12
       9
       7
       7
      10
      15
      10
      10
       4
       9
      11
       7
       8
       7
       8
       6
       7
      11
      13
       8
       6
      11
       5
       7
      11
      10
       7
       5
       7
       9
      10
       9
       5
      10
      11
       9
       9
      12
       9
       7
       6
      10
       8
      10
       3
      11
       8
       4
       7
      11
       7
      11
       8
       7
       8
       6
       9
       6
       7
      14
       7
      11
      12
      10
       6
       6
      15
      15
      10
      12
      11
      11
      13
      12
       8
       8
       3
      10
       8
       8
       8
      12
      15
       7
       9
       9
       8
      10
      12
      11
      13
       7
       8
       9
      10
       4
      10
       7
      12
      11
       8
       8
       7
       9
       7
       8
       8
      10
       8
       8
       7
       7
       6
       7
      12
       8
       6
       7
       5
       5
      12
       6
       9
      14
      10
      10
       6
       8
       9
       5
      16
      14
      10
       4
       8
       9
      12
       4
       8
       7
       7
       5
       7
      13
      11
       8
       9
       5
      12
      10
       9
      13
       3
       6
       7
      10
       7
       4
       8
      13
       8
      13
      10
       7
       4
       8
       9
      12
       8
       6
       9
      17
      10
      10
       8
       5
       6
      11
       8
       9
      11
       6
      15
       7
      16
       6
       9
      12
       3
      10
       9
       3
       9
       7
       6
       9
       6
      10
      11
      14
      10
       6
       5
       7
       7
      12
       7
       7
       7
      12
       6
       7
      12
       7
       5
      10
       7
       9
       8
       7
      14
       7
      11
       8
       7
       7
       7
      11
      12
      19
       5
       8
       8
       7
       8
      13
       7
       8
       9
       8
       6
       8
       9
      11
      12
       5
       6
       6
      11
      11
       7
       6
       7
       9
       5
      14
       9
      12
       5
       8
       3
      12
       6
      11
       9
       9
      10
       8
       8
       9
      12
       9
       5
       7
      10
       8
       9
      11
       5
       7
       7
       7
      10
      10
      12
      10
       5
      13
       9
       1
      12
       8
      14
       8
      11
       3
      10
       9
       7
       9
       8
      10
       6
      11
      11
       9
       8
       8
      13
       5
       6
      15
      10
       7
       7
      10
       6
      11
      11
       7
      11
      11
      12
       5
      10
      11
       8
       9
       8
       2
       4
       6
       8
      11
       3
       6
      14
      10
       2
      11
       3
       9
       4
       4
       6
      13
       9
       8
       9
       7
       7
       5
      17
       6
       8
      10
       8
       9
      12
       4
      13
       9
       7
       6
      10
       9
       4
       6
       7
      10
       7
      14
       7
      11
       6
      12
      14
       7
       5
       8
       5
       8
       8
      10
      10
      12
       6
       8
       8
      10
       6
       8
       7
       8
       4
       4
       5
       7
      13
       8
       8
       9
      12
       6
       6
      10
       6
       5
       6
       9
      13
       5
       8
      11
       7
       6
      10
       7
       8
       5
       8
       9
       8
       3
       7
       9
      17
       6
      13
       5
      13
       9
      10
       9
       6
      10
       8
      13
       4
       7
      15
       9
       7
       6
       7
       9
       9
       8
       4
       8
       4
      10
      13
       7
       8
      10
       6
       7
      10
      13
       7
       5
      12
       8
       5
      10
       9
      10
      11
       8
       7
       8
       8
       9
       4
      11
      11
       7
       9
       7
       8
       8
       4
       7
       9
       6
      12
       9
       7
       3
       3
       1
       9
       7
       7
       8
       6
       6
      12
      11
      15
       3
       8
      10
       7
      13
       7
       4
       9
       5
      13
      10
       8
      10
       5
       7
       8
       8
       6
       5
      10
       5
      11
      11
       6
       8
      12
      12
      11
       5
       9
       5
       9
       6
       7
      12
      13
       7
      12
      12
      10
       3
       5
       2
       6
       3
       8
       9
       9
       7
       7
       7
      14
       9
       7
       8
       7
       5
       7
      10
       7
      11
      12
      10
       4
       9
       9
      12
       5
      10
       6
      10
      10
       8
      13
      12
       6
       6
       8
       7
       9
      10
      13
       6
       2
       7
       7
      12
       5
      10
       4
       9
       5
       8
      10
       7
       7
       8
       7
       8
       8
       8
       7
       6
       8
      12
       4
       6
       8
       4
       6
       5
      13
       6
       9
       7
      13
      11
       7
       7
      11
       9
      11
       6
       5
      10
      14
      13
       8
      11
       6
       7
       9
       8
       8
       6
       9
      13
       4
       7
       9
      14
       7
       6
       8
       4
      11
       8
       9
       9
       6
       6
       6
      11
       9
       3
       4
       7
      12
       9
      11
       7
       5
       4
      10
       6
       7
       7
       8
      11
       9
       9
      17
      12
      13
      11
      14
      15
       7
      20
      16
      11
      17
      13
       5
       7
      15
       9
       9
       9
       2
       2
       7
       8
       6
       8
       3
       9
       8
      11
      10
       8
       5
       8
       5
      10
       7
      10
       8
      11
       5
       9
       9
       6
       7
       7
       6
      10
       5
       5
      10
       4
       9
       3
       7
       4
       8
      10
      13
       7
       8
       3
       7
       7
      11
       7
      12
       5
       7
      11
       7
      11
       9
       4
       5
       8
       5
       7
       8
       6
      10
       9
      13
       6
      10
       5
      12
       9
       3
       3
       3
       2
       7
       2
       9
       5
       7
      11
       6
       5
       3
      10
       6
      14
       8
       2
       6
       8
      11
      10
       8
      12
       6
      11
       6
       2
       5
       9
       9
       8
      13
       8
       9
       7
      11
       5
       8
      10
       5
       5
       7
       5
       7
       4
       6
       3
       4
      13
       7
       9
       9
       8
       4
       5
       6
       9
       5
       5
      11
       8
       9
      10
       3
      11
       2
       5
      11
       5
       7
       8
       9
       9
       7
       5
       9
       8
       5
       5
       6
       8
      13
      13
       9
      11
       3
      11
      12
       7
       7
      11
       8
       9
       7
       9
      11
       9
       4
      10
       6
       8
       3
      10
       7
      12
       8
       7
       6
       9
       9
       5
       7
       8
      12
       7
       5
       5
       4
       5
       7
      11
      12
      11
      11
       6
       8
       5
      11
       4
       8
       8
       3
       9
       8
       4
       9
       8
       9
       5
       8
       5
      11
       4
      10
       7
       6
       8
       5
       9
       7
      10
       7
       5
       8
      10
      14
       9
       9
      12
       8
       7
      12
       6
       6
       7
       8
       6
       8
       7
       7
       7
       8
       6
       7
       9
      13
       5
       4
      15
      10
       4
       4
       4
       7
       5
       6
      10
       7
       8
      15
      17
       8
      16
       5
      13
      11
       8
       8
      13
       6
       8
       5
      14
       4
       7
       7
      12
       9
       6
       8
       5
       6
       8
      12
      15
      11
       9
       8
       7
       7
       9
      10
       8
      12
      14
       6
      12
      10
       5
       7
       7
       7
      11
       7
      14
       6
       6
       8
       2
       9
       7
       3
      10
       8
       9
       6
       9
       6
       4
       6
       6
      10
       8
       5
       6
       5
       4
       8
       9
       6
      12
       7
       7
       6
       9
       6
       5
      11
       8
      10
       8
       9
      10
       7
      10
       3
       3
      12
      15
       6
       0
       6
       7
       7
       6
       7
       9
       2
      10
      14
       7
      11
       6
       8
       2
       6
       6
       7
       6
       6
      13
      11
       5
       7
       3
      11
      11
       8
       9
       4
       8
       6
       2
       9
       5
       7
       5
       7
       3
       6
       6
       9
       5
       5
       8
       5
       6
       6
       5
       9
      12
       8
      11
       6
       6
      14
       8
      11
       6
       4
       6
       9
       4
      10
       8
      10
      10
       5
       2
       7
       8
       4
       6
      11
       3
       3
       3
       1
       6
       6
      15
       2
       5
      10
       5
      11
       6
      14
       8
       6
       5
       6
       5
       7
       6
      11
       8
       3
      12
      10
       5
       5
       8
       4
       8
       6
       8
      11
       2
       8
      12
       9
       6
       7
       5
       7
       2
       7
       5
       7
      12
       7
       8
       4
       5
      10
       9
       8
       5
       7
      10
       5
      10
       3
       5
       8
       3
       9
       8
      10
       6
       6
       8
       7
       2
       6
       5
       8
       7
       7
      10
      15
       7
       7
       8
       5
       6
       9
       6
       3
       5
       5
       6
       5
      11
       8
      12
      11
       9
       9
      11
       1
       9
       1
       7
       7
       9
       5
       4
       9
       7
       4
       5
       5
       8
       8
       4
       7
       4
       6
       8
       3
       8
       6
       9
       4
       8
      16
      11
       6
       6
       5
       3
       6
       3
       8
       8
       4
       5
       1
      10
      11
       5
       7
       5
       8
       5
       8
       4
      10
       7
       2
       2
      13
       5
       4
       4
      10
      11
       7
       5
      11
       7
      16
       7
       7
      12
       8
       4
      11
       4
      11
       9
      13
      11
       7
       7
       6
       4
      15
      12
       8
       6
       7
       5
       3
       4
       6
       7
      14
       9
       9
       8
       9
       4
       4
       5
       5
       5
       8
       8
       4
      10
       5
      11
       4
       6
       4
      11
       7
       9
       7
       6
       7
       8
       9
       5
       7
       9
       6
       7
       7
       3
       4
       9
       5
       6
       9
       5
       4
       6
       8
       1
       6
       5
       4
       8
       8
       6
       7
       8
       9
       6
       7
       8
       3
       4
       7
       9
       9
       2
       3
       9
       6
       6
       7
       2
       5
       3
       6
       3
       9
       4
       5
       5
       9
       6
       5
       4
       6
       4
       3
       5
       4
       4
       7
       6
       5
       2
       2
       4
       5
       7
       2
       7
       8
      12
       6
       8
       5
       4
       4
       2
       3
       7
       6
       9
       5
       8
       3
       5
       9
       3
       3
       5
       3
       7
       6
       7
       9
       6
       7
       7
       5
       7
       4
       6
       5
       4
       4
       8
       6
       7
       3
       7
       6
       5
       4
       6
       8
       8
      11
       1
       3
       3
       4
      10
       5
       8
       4
       5
       4
       4
       7
       4
       4
       5
       7
       6
       6
       1
       3
       8
       6
       4
       6
       6
      10
       4
       5
       6
       8
       7
       6
       9
       5
       8
       4
       7
       3
       9
       5
       6
       4
       2
       4
       4
       6
       5
       6
       3
       2
       4
      10
       2
       8
       8
       9
       7
       4
       9
       3
       6
       9
       3
       4
       7
       3
       6
       5
       4
       7
       5
       3
       5
       7
       8
       6
       6
       3
       2
       7
       3
       8
       8
       9
       7
       3
       8
       3
       5
       6
       6
       9
       6
       6
       6
       9
       7
       2
       3
       7
       9
       6
       4
       8
       6
       1
       3
       6
       5
       2
       8
       3
       4
       5
       2
       5
       3
       4
       4
       6
      12
       5
       7
       6
       6
       4
       2
       5
       5
       4
       2
       8
       1
       2
       3
       3
       6
       5
       5
       0
       6
      11
       5
       5
       7
       3
       5
       4
       6
       4
       5
       5
       5
       5
       3
       6
       4
       4
       4
       6
       9
       6
       2
       9
       2
       6
       5
       4
       4
       5
       7
       5
       2
       5
      12
       6
       2
       5
       6
       5
       6
       5
       4
       6
       5
       5
       2
       6
       0
       5
       7
      10
       5
       6
       6
       1
       6
       3
       4
       4
       6
       9
       3
       5
       4
       6
       4
       3
       7
       7
       7
       6
       3
       2
       4
       5
       3
       5
       4
       4
      10
       3
       7
       7
       7
       6
       5
       3
       4
       4
       4
       3
       4
       3
       3
       4
       5
       7
       2
       1
       4
       4
       5
       1
       6
       3
       4
       5
       8
       6
       3
       4
       6
       6
       2
       8
       6
       5
       3
       7
       6
       2
       5
       4
       2
       1
       4
       7
       4
       2
       5
       4
       6
       2
       3
       9
       3
       3
       4
       5
       5
       4
       6
       5
      12
       7
       5
       9
       3
       3
       3
       4
       7
       1
       4
       8
       5
       2
       5
       4
       7
       5
       2
       2
       6
       4
       5
       1
       4
       5
       3
       2
       9
       2
      10
       4
       2
       5
       4
       3
       7
      11
      10
       9
       9
       6
       8
       1
       5
       9
       7
       8
       4
       2
       8
       1
       5
       5
       3
       2
       3
       1
       7
       2
       9
       1
       9
       5
       3
       4
       5
       4
       7
       4
       3
       4
       7
       6
       0
       2
       4
       6
       4
       3
       7
       6
       4
       5
       5
       3
       5
       4
       3
       1
       3
       4
       4
       2
       4
       5
       0
       7
       5
       5
       2
       4
       4
       5
       5
       3
       5
       6
       5
       3
      10
       3
       5
       2
       3
       3
       3
       3
       4
       9
       3
       5
       3
       5
       9
       3
       4
       4
       0
       4
       1
       2
       1
       3
       7
       3
       4
       5
       4
       4
       5
       2
       3
       4
       3
       4
       5
       1
       5
       1
       5
       3
       4
       3
       3
       5
       4
       6
       3
       5
       6
       3
       4
       3
       4
       2
       2
       4
       5
       6
       6
       1
       6
       6
       2
       3
       7
       7
       2
       8
       3
       1
       7
       2
       3
       4
       4
       6
       1
       4
       4
       4
       4
       4
       3
       2
       4
       1
       4
       2
       7
       2
       8
       1
       3
       4
       8
       2
       1
       3
       6
       4
       3
       4
       2
       7
       0
       3
       2
       3
       3
       4
       3
       2
       5
       7
       4
       5
       3
       2
       6
       4
       4
       4
       4
       4
       8
       3
       2
       5
       2
       2
       4
       6
       1
       9
       4
       7
       4
       3
       2
       2
       3
       2
       4
       7
       1
       6
       3
       5
       1
       6
       5
       5
       5
       4
       3
       3
       2
       7
       2
       8
       5
       5
       7
       7
       3
       4
       6
       3
       7
       3
       4
       2
       6
       6
       4
       7
       2
       9
       3
       2
       1
       4
       5
       0
       4
       3
       4
       5
       5
       6
       3
       9
       4
       2
       6
       6
       7
       2
       6
       1
       3
       2
       2
       4
       5
       3
       5
       3
       2
       8
       3
       2
       7
       3
       6
       5
       5
       2
       3
       5
       3
       2
       1
       3
       3
       4
       7
       7
       5
       2
       9
       2
       3
       3
       3
       5
       1
       4
       4
       1
       2
       5
       4
       3
       7
       4
       3
       5
       1
       5
       0
       5
       9
       7
       3
       3
       9
       4
       2
       1
       1
       2
       5
       6
       1
       5
       1
       1
       6
       2
       3
       3
       6
       4
       4
       3
       2
       3
       3
       3
       5
       4
       1
       4
       4
       3
       4
       3
       4
       4
       3
       2
       1
       1
       2
       1
       5
       3
       4
       3
       2
       4
       4
       6
       5
       5
       3
       3
       2
       2
       6
       6
       4
       5
       3
       3
       4
       9
       5
       2
       2
       3
       4
       2
       5
       7
       2
       4
       7
       5
       6
       6
       4
       1
       1
       8
       2
       4
       2
       1
       1
       4
       4
       5
       7
       3
       2
       4
       1
       5
       2
       0
       4
       1
       2
       3
       5
       3
       5
       5
       2
       4
       4
       2
       2
       5
       6
       5
       2
       7
       3
       3
       1
       4
       4
       3
       1
       1
       3
       4
       5
       1
       4
       6
       2
       6
       2
       5
       1
       6
       3
       5
       4
       5
       5
       3
       4
       1
       6
       4
       5
       4
       0
       6
       1
       2
       2
       1
       3
       2
       5
       7
       6
       4
       1
       4
       3
       1
       6
      10
       3
       4
       4
       5
       1
       3
       4
       3
       1
       1
       0
       6
       3
       1
       1
       3
       1
       4
       3
       6
       1
       2
      11
       3
       0
       4
       6
       6
       3
       1
       1
       5
       2
       4
       3
       3
       5
       6
       2
       2
       2
       3
       5
       1
       2
       5
       2
       3
       4
       2
       1
       3
       5
       5
       3
       5
       5
       3
       2
       1
       1
       3
       3
       3
       1
       2
       5
       6
       3
       3
       3
       1
       5
       4
       3
       6
       6
       5
       4
       6
       3
       2
       3
       2
       0
       3
       3
       1
       6
       3
       5
       5
       1
       7
       0
       4
       4
       5
       3
       4
       5
       2
       2
       3
       5
       3
       1
       7
       5
       2
       3
       3
       3
       2
       5
       2
       3
       4
       2
       1
       5
       2
       1
       5
       5
       3
       3
       5
       2
       4
       3
       5
       4
       4
       5
       4
       4
       2
       4
       6
       7
       3
       8
       4
       5
      10
       4
       9
       3
      11
      12
      13
      13
      25
      17
      23
      24
      26
      40
      33
      47
      49
      66
      50
      61
      63
      59
      73
      63
      58
      55
      56
      57
      39
      36
      42
      29
      19
      17
       3
      12
       8
       7
       5
       2
       3
       1
       5
       3
       3
       0
       1
       0
       6
       1
       4
       2
       1
       2
       1
       5
       2
       1
       0
       2
       8
       1
       3
       3
       1
       4
       4
       1
       3
       3
       2
       0
       4
       1
       1
       4
       1
       0
       1
       1
       0
       4
       1
       1
       1
       3
       0
       1
       2
       7
       3
       2
       3
       4
       2
       5
       1
       1
       2
       1
       3
       1
       2
       2
       1
       1
       4
       1
       3
       3
       3
       2
       2
       1
       1
       0
       3
       4
       2
       3
       3
       0
       1
       1
       4
       2
       4
       4
       2
       1
       2
       0
       2
       1
       5
       3
       3
       0
       2
       1
       0
       2
       2
       2
       0
       3
       4
       0
       8
       0
       1
       1
       1
       2
       1
       5
       0
       2
       5
       3
       0
       1
       4
       3
       2
       2
       1
       3
       4
       1
       3
       2
       1
       1
       3
       0
       2
       4
       3
       2
       0
       0
       2
       3
       4
       1
       1
       1
       1
       1
       2
       3
       1
       5
       3
       4
       1
       2
       3
       2
       6
       2
       2
       0
       1
       3
       2
       2
       2
       3
       4
       3
       3
       2
       1
       1
       5
       2
       2
       2
       2
       3
       5
       3
       2
       2
       1
       5
       3
       1
       1
       2
       3
       5
       2
       0
       1
       0
       4
       1
       2
       2
       3
       1
       1
       1
       2
       1
       3
       1
       2
       2
       3
       4
       4
       0
       4
       1
       3
       2
       2
       3
       2
       1
       1
       3
       2
       3
       3
       2
       2
       2
       4
       1
       3
       1
       2
       2
       1
       0
       4
       2
       6
       1
       2
       2
       3
       2
       2
       1
       0
       1
       2
       1
       3
       1
       1
       6
       1
       1
       3
       1
       4
       1
       4
       3
       1
       2
       5
       3
       2
       3
       2
       2
       2
       4
       1
       2
       1
       2
       0
       3
       3
       1
       2
       3
       3
       2
       3
       1
       1
       3
       3
       2
       0
       4
       0
       1
       1
       3
       2
       2
       2
       1
       3
       0
       3
       4
       2
       2
       3
       2
       2
       3
       4
       4
       0
       0
       3
       2
       4
       1
       0
       0
       0
       1
       0
       1
       2
       4
       1
       2
       1
       1
       1
       4
       2
       3
       2
       4
       2
       2
       1
       0
       3
       2
       5
       5
       2
       1
       4
       2
       5
       1
       2
       1
       1
       1
       2
       3
       2
       1
       1
       4
       2
       0
       4
       3
       1
       4
       1
       1
       0
       2
       2
       3
       3
       4
       2
       3
       3
       3
       2
       4
       4
       1
       2
       3
       1
       2
       2
       2
       1
       3
       1
       3
       0
       0
       1
       2
       2
       2
       3
       1
       3
       3
       1
       2
       4
       0
       2
       3
       2
       1
       2
       5
       3
       2
       2
       3
       0
       3
       3
       3
       1
       2
       3
       2
       0
       0
       1
       2
       2
       2
       2
       2
       2
       1
       2
       2
       1
       1
       2
       2
       0
       0
       0
       2
       3
       3
       3
       2
       3
       4
       1
       6
       1
       1
       2
       3
       3
       3
       2
       5
       3
       1
       6
       3
       3
       2
       0
       2
       0
       3
       1
       2
       1
       1
       4
       2
       2
       1
       1
       3
       0
       1
       2
       4
       2
       2
       3
       4
       0
       1
       1
       3
       3
       3
       4
       3
       3
       2
       2
       0
       0
       1
       3
       1
       0
       1
       5
       1
       2
       2
       4
       2
       0
       3
       3
       1
       1
       1
       1
       2
       1
       1
       2
       0
       4
       3
       3
       3
       2
       2
       3
       5
       0
       2
       1
       0
       4
       1
       3
       2
       2
       4
       0
       5
       3
       0
       4
       0
       2
       1
       2
       4
       4
       2
       0
       0
       0
       0
       0
       0
       0
       0
       0
       0
       0
       0
       0
       0
       0
       0
       0
       0
       0
       0
       0
       0
       0
       0
       0
       0
       0
       0
       0
       0
       0
       0
       0
       0
       0
       0
       0
       0
       0
       0
       0
       0
       0
       0
       0
       0
       0
       0
       0
       0
       0
       0
       0
       0
       0
       0
       0
       0
       0
       0
       0
       0
       0
       0
       0
       0
       0
       0
       0
       0
       0
       0
       0
       0
       0
       0
       0
       0
       0
       0
       0
       0
       0
       0
       0
       0
       0
       0
       0
       0
       0
       0
       0
       0
       0
       0
       0
       0
       0
       0
       0
       0
       0
       0
       0
       0
       0
       0
       0
       0
       0
       0
       0
       0
       0
       0
       0
       0
       0
       0
       0
       0
       0
       0
       0
       0
       0
       0
$ROI:
1
4146 4168
$PRESETS:
None
0
0
$ENER_FIT:
0.196194 0.194904
$MCA_CAL:
3
1.961942E-001 1.949036E-001 3.834765E-008 keV
$SHAPE_CAL:
3
0.000000E+000 0.000000E+000 0.000000E+000
