$SPEC_ID:
HFNG Beamline
$SPEC_REM:
DET# 2
DETDESC# EasyMCA
AP# Maestro Version 7.01
$DATE_MEA:
04/16/2018 14:24:32
$MEAS_TIM:
84779 84783
$DATA:
0 8191
       0
       0
       0
       0
       0
       0
       0
       0
       0
       0
       0
       0
       0
       0
       0
       0
       0
       0
       0
       0
       0
       0
       0
       0
       0
       0
       0
       0
       0
       0
       0
       0
       0
       0
       0
       0
       0
       0
       0
       0
       0
       0
       0
       0
       0
       0
       0
      10
     302
     373
     316
     302
     338
     328
     320
     344
     333
     380
     401
     350
     376
     330
     333
     368
     360
     369
     324
     308
     335
     349
     307
     323
     331
     318
     327
     321
     332
     311
     362
     287
     293
     309
     306
     351
     281
     310
     294
     325
     271
     290
     297
     298
     269
     288
     275
     286
     332
     274
     276
     301
     297
     292
     288
     291
     300
     281
     284
     260
     255
     280
     279
     294
     280
     262
     260
     274
     251
     245
     266
     263
     253
     240
     264
     269
     270
     260
     239
     231
     285
     202
     226
     229
     293
     260
     251
     259
     252
     228
     234
     254
     255
     253
     240
     271
     267
     199
     252
     267
     248
     232
     254
     231
     220
     245
     189
     230
     240
     212
     243
     204
     243
     201
     257
     230
     239
     228
     227
     234
     219
     229
     224
     219
     220
     214
     188
     215
     214
     217
     192
     234
     220
     217
     217
     175
     236
     227
     212
     184
     222
     191
     200
     210
     193
     185
     186
     194
     214
     205
     200
     196
     203
     208
     203
     197
     183
     182
     180
     181
     200
     206
     179
     182
     212
     203
     212
     201
     214
     203
     183
     176
     207
     208
     195
     213
     179
     180
     184
     216
     184
     197
     178
     190
     183
     203
     182
     176
     189
     182
     202
     194
     186
     184
     183
     177
     208
     177
     182
     185
     175
     180
     197
     196
     182
     200
     212
     202
     192
     162
     176
     185
     192
     188
     181
     191
     194
     191
     194
     197
     206
     182
     185
     157
     190
     179
     194
     205
     182
     198
     189
     184
     218
     150
     208
     196
     176
     188
     182
     176
     207
     171
     186
     213
     166
     197
     189
     200
     202
     168
     183
     204
     171
     205
     209
     175
     185
     165
     182
     191
     170
     176
     202
     186
     206
     188
     194
     175
     191
     183
     201
     198
     173
     183
     193
     187
     227
     244
     232
     193
     187
     188
     167
     193
     192
     216
     191
     187
     216
     207
     179
     191
     168
     190
     183
     180
     210
     177
     199
     192
     191
     186
     184
     201
     196
     160
     183
     172
     178
     197
     221
     210
     183
     188
     210
     200
     221
     193
     213
     187
     203
     199
     230
     286
     372
     449
     457
     403
     277
     249
     190
     183
     196
     240
     332
     491
     596
     638
     521
     390
     248
     194
     194
     162
     188
     175
     183
     192
     186
     164
     181
     178
     185
     174
     187
     188
     173
     169
     175
     173
     172
     176
     149
     192
     177
     161
     186
     184
     189
     198
     170
     153
     168
     168
     153
     169
     179
     153
     166
     156
     170
     176
     175
     231
     326
     341
     426
     365
     349
     351
     255
     235
     188
     190
     149
     150
     173
     185
     207
     252
     269
     227
     207
     191
     177
     166
     161
     171
     147
     154
     163
     169
     187
     190
     183
     168
     195
     164
     178
     155
     158
     160
     153
     177
     192
     237
     223
     233
     220
     218
     205
     220
     186
     173
     177
     152
     166
     164
     158
     191
     151
     169
     149
     171
     172
     181
     201
     161
     162
     125
     156
     137
     151
     153
     166
     152
     150
     162
     157
     165
     169
     167
     149
     152
     170
     175
     158
     167
     144
     154
     171
     146
     165
     151
     164
     172
     139
     185
     152
     132
     156
     158
     164
     156
     174
     133
     151
     149
     165
     172
     180
     176
     173
     145
     176
     163
     152
     166
     158
     187
     153
     147
     161
     150
     157
     141
     150
     161
     184
     192
     147
     182
     170
     160
     189
     171
     161
     169
     186
     180
     166
     161
     166
     169
     176
     148
     154
     156
     159
     173
     168
     168
     161
     165
     189
     138
     168
     160
     159
     143
     178
     174
     161
     166
     180
     127
     170
     150
     156
     165
     157
     179
     175
     175
     155
     160
     161
     160
     142
     144
     163
     148
     158
     173
     147
     141
     136
     177
     148
     160
     159
     171
     150
     197
     146
     172
     162
     155
     161
     179
     160
     157
     183
     174
     169
     170
     184
     150
     171
     170
     176
     164
     161
     165
     168
     176
     172
     161
     143
     176
     185
     157
     158
     173
     157
     171
     155
     145
     155
     157
     156
     172
     152
     183
     167
     169
     162
     170
     160
     154
     170
     157
     173
     137
     152
     156
     146
     149
     151
     169
     145
     141
     159
     153
     155
     128
     167
     165
     165
     170
     157
     143
     174
     157
     163
     153
     162
     166
     161
     143
     147
     149
     153
     150
     155
     151
     151
     158
     161
     165
     152
     135
     168
     148
     139
     169
     168
     161
     167
     174
     153
     150
     171
     143
     166
     152
     126
     163
     176
     154
     169
     142
     175
     162
     157
     144
     145
     187
     231
     226
     257
     220
     188
     165
     164
     139
     150
     145
     150
     147
     136
     144
     138
     147
     151
     130
     136
     146
     133
     145
     144
     155
     137
     153
     147
     137
     141
     149
     151
     131
     137
     132
     154
     177
     150
     140
     146
     153
     152
     177
     136
     151
     148
     143
     148
     156
     162
     138
     146
     147
     140
     164
     146
     149
     180
     130
     120
     138
     136
     144
     130
     154
     160
     157
     140
     116
     124
     150
     135
     143
     137
     149
     147
     152
     133
     110
     143
     155
     164
     143
     137
     136
     142
     137
     141
     131
     143
     158
     144
     128
     134
     124
     126
     155
     130
     142
     121
     142
     175
     187
     191
     185
     177
     168
     144
     137
     139
     144
     142
     136
     131
     144
     133
     150
     122
     126
     140
     157
     146
     137
     109
     149
     122
     122
     126
     143
     144
     108
     141
     117
     132
     131
     117
     121
     128
     127
     124
     128
     123
     134
     110
     135
     137
     138
     122
     142
     117
     143
     126
     129
     136
     123
     111
     129
     122
     139
     114
     129
     132
     134
     124
     131
     116
     136
     117
     139
     141
     122
     115
     118
     129
     115
     123
     128
     129
     142
     138
     117
     135
     116
     138
     133
     133
     108
     130
     136
     117
     124
     127
     122
     123
     102
     128
     117
     122
     136
     131
     115
     139
     114
     133
     126
     123
     117
     125
     129
     135
     130
     144
     150
     174
     241
     307
     417
     562
     621
     545
     396
     261
     173
     139
     118
     132
     118
     117
     118
     132
     126
      97
     102
     119
     115
      99
     122
     114
     112
      98
     113
     128
     103
     103
     120
     110
     114
     119
     114
     120
     128
     101
     118
     116
     121
     104
     105
     126
      97
     122
     108
     109
     112
     119
     105
     107
     106
      93
     121
     124
     109
     115
     103
     102
     117
     137
      99
     118
     125
     124
     115
     115
     108
     106
     112
     106
     115
     112
     101
      99
      87
      97
     109
     119
      98
      83
     115
     109
     111
     125
     114
     122
     116
     110
     125
     121
     107
     114
     102
     116
      83
      94
     130
     101
     109
     114
     114
     144
     137
     143
     122
     118
      87
     118
     133
      99
     113
     116
     102
     102
     118
      97
     123
      86
      86
     100
     130
      98
      91
     100
     106
      94
     110
      97
     106
      92
     116
      87
      86
     100
      84
      94
      97
     110
     104
     101
      99
      89
     108
      99
      95
     106
     102
     107
     109
     123
      93
     121
      81
     101
     108
      91
      94
     103
      97
      99
     114
      86
      84
      99
      82
     100
      99
      88
      86
     100
      92
      99
      93
      99
      90
      79
     110
      84
     102
      99
      97
     100
      79
     104
      87
     102
     104
      85
      73
      90
      96
     105
     109
      99
      94
      92
      94
     121
      96
     108
      90
      97
      98
      97
      79
     103
      84
     101
      90
      82
     103
      87
      76
     106
     110
      81
      86
      96
      86
      87
      95
      94
      86
      94
      85
      95
      99
      79
      85
      97
      87
      95
      97
      79
      94
      93
      99
      83
     103
      91
      81
      81
      90
      82
      80
      84
      84
      80
      90
      95
      80
      88
      87
      90
      82
      96
      70
      98
      79
      92
      89
      91
      84
      81
     102
      97
      93
      89
      94
      96
     129
     141
     155
     123
     152
     122
     114
     106
      90
      87
      86
      79
      91
      86
      75
      97
      89
      79
      87
      90
      85
      80
      71
      77
      79
      79
      79
      78
      76
      84
      64
      95
      84
      85
      90
      81
      78
      90
      86
      67
      85
      63
      77
      59
      76
      82
      84
      85
      86
      87
      78
      73
      65
      74
      78
      65
      70
      78
      85
     106
      65
      87
      85
     107
      79
      88
      81
      81
      62
      71
      78
      61
      62
      65
      67
      62
      84
      76
      99
      79
      65
      73
      81
      77
      79
      81
      74
      68
      85
      77
      83
      68
      72
      68
      75
      68
      67
      88
      63
      71
      63
      69
      73
      75
      69
      74
      72
      69
      83
      55
      66
      82
      66
      61
      73
      57
      69
      62
      85
      57
      66
      81
      62
      74
      74
      95
      69
      69
      62
      43
      63
      64
      64
      68
      92
      68
      72
      72
      73
      61
      59
      69
      79
      78
      64
      51
      68
      76
      71
      63
      62
      65
      57
      59
      63
      70
      69
      77
      60
      77
      63
      63
      58
      77
      73
      56
      74
      67
      74
      84
      77
      68
      59
      59
      70
      56
      63
      71
      59
      68
      74
      68
      61
      63
      71
      56
      57
      70
      80
      57
      79
      64
      70
      66
      73
      68
      66
      71
      64
      64
      82
      68
      91
      64
      68
      61
      68
      57
      61
      76
      67
      67
      64
      69
      65
      62
      53
      53
      57
      75
      62
      70
      57
      58
      51
      69
      55
      57
      64
      50
      65
      54
      60
      62
      71
      70
      64
      66
      65
      83
      55
      59
      64
      58
      58
      65
      68
      63
      76
      61
      74
      48
      64
      70
      52
      62
      62
      62
      57
      58
      62
      57
      75
      66
      68
      59
      56
      43
      75
      61
      53
      62
      65
      52
      61
      68
      52
      52
      66
      65
      74
      54
      45
      64
      54
      53
      52
      57
      65
      57
      64
      70
      73
      86
      60
      73
      72
      69
      54
      55
      55
      55
      61
      48
      46
      56
      80
      69
      59
      66
      55
      60
      55
      55
      54
      70
      58
      64
      62
      61
      57
      66
      68
      62
      56
      48
      65
      67
      63
      49
      67
      59
      60
      55
      59
      53
      56
      44
      57
      61
      53
      56
      53
      52
      55
      53
      68
      48
      68
      34
      50
      54
      67
      40
      52
      40
      58
      51
      47
      54
      54
      56
      58
      50
      58
      49
      59
      56
      65
      54
      57
      60
      48
      40
      48
      69
      57
      64
      62
      51
      47
      56
      52
      51
      51
      59
      41
      48
      50
      59
      68
      54
      51
      49
      42
      44
      45
      57
      50
      56
      60
      54
      60
      51
      46
      61
      53
      49
      54
      46
      53
      51
      56
      57
      47
      55
      64
      55
      43
      51
      59
      49
      51
      45
      59
      56
      36
      53
      61
      40
      48
      51
      52
      58
      54
      65
      59
      56
      52
      47
      45
      43
      55
      40
      52
      53
      58
      69
      43
      60
      51
      52
      54
      51
      54
      56
      54
      40
      54
      56
      53
      49
      67
      52
      53
      54
      52
      43
      65
      40
      56
      37
      49
      49
      42
      50
      49
      49
      41
      54
      39
      66
      44
      38
      48
      53
      54
      54
      30
      44
      56
      41
      51
      40
      46
      54
      58
      58
      46
      52
      42
      46
      71
      49
      42
      44
      50
      45
      48
      50
      66
      55
      52
      58
      68
      58
      54
      55
      60
      60
      54
      54
      47
      51
      44
      55
      51
      48
      45
      46
      47
      47
      45
      45
      39
      48
      47
      50
      51
      44
      42
      49
      49
      47
      53
      42
      54
      38
      54
      46
      34
      37
      43
      44
      47
      46
      42
      35
      37
      34
      49
      47
      56
      48
      46
      46
      40
      50
      41
      49
      41
      38
      40
      40
      49
      51
      47
      50
      60
      56
      60
      64
      58
      86
      64
      71
      65
      64
      59
      56
      51
      40
      45
      46
      36
      46
      45
      55
      53
      40
      39
      32
      51
      40
      37
      48
      40
      46
      35
      38
      42
      52
      38
      45
      40
      57
      46
      49
      40
      38
      41
      46
      43
      48
      40
      37
      47
      36
      42
      38
      24
      30
      54
      53
      41
      36
      47
      41
      37
      47
      40
      48
      34
      46
      28
      41
      46
      54
      37
      35
      42
      43
      39
      31
      29
      55
      43
      48
      55
      52
      43
      44
      47
      38
      34
      33
      34
      46
      32
      42
      43
      38
      39
      41
      32
      40
      41
      39
      36
      39
      43
      32
      46
      36
      49
      40
      36
      39
      45
      39
      40
      42
      43
      43
      39
      47
      31
      33
      38
      30
      32
      45
      42
      40
      54
      47
      37
      39
      41
      33
      31
      47
      41
      47
      47
      39
      32
      40
      39
      37
      38
      41
      31
      37
      37
      43
      39
      43
      43
      42
      36
      35
      44
      44
      47
      33
      41
      36
      51
      34
      39
      45
      37
      36
      39
      40
      46
      54
      53
      36
      40
      35
      36
      42
      46
      37
      38
      41
      34
      37
      38
      42
      31
      38
      45
      45
      35
      43
      36
      40
      34
      38
      45
      32
      32
      27
      37
      35
      39
      36
      46
      28
      35
      39
      30
      45
      44
      47
      34
      47
      39
      33
      35
      32
      33
      36
      29
      37
      37
      40
      43
      29
      40
      24
      32
      32
      39
      36
      38
      43
      34
      32
      32
      32
      40
      28
      40
      28
      37
      42
      37
      28
      37
      41
      42
      30
      34
      40
      28
      44
      40
      44
      45
      33
      41
      44
      41
      38
      26
      34
      33
      40
      32
      37
      34
      40
      32
      26
      41
      37
      28
      32
      35
      44
      37
      31
      39
      44
      53
      20
      40
      23
      38
      25
      46
      32
      41
      32
      24
      33
      43
      37
      36
      37
      36
      31
      45
      41
      42
      35
      31
      23
      35
      36
      29
      37
      29
      39
      32
      41
      30
      36
      29
      36
      30
      34
      17
      33
      43
      29
      33
      35
      34
      27
      45
      34
      24
      27
      26
      31
      31
      30
      42
      35
      45
      33
      33
      25
      34
      38
      44
      31
      23
      44
      35
      33
      35
      32
      33
      36
      37
      43
      40
      32
      33
      34
      34
      41
      31
      38
      34
      40
      34
      36
      36
      39
      37
      47
      45
      42
      39
      27
      29
      27
      34
      33
      39
      31
      34
      30
      29
      27
      31
      31
      30
      36
      29
      25
      24
      32
      30
      30
      33
      34
      39
      35
      30
      42
      33
      29
      22
      29
      34
      34
      33
      34
      33
      42
      30
      37
      36
      31
      28
      29
      33
      39
      47
      30
      25
      36
      35
      28
      33
      41
      40
      42
      30
      39
      35
      42
      29
      23
      30
      28
      30
      29
      26
      35
      28
      31
      42
      33
      26
      30
      48
      31
      31
      36
      38
      36
      34
      32
      26
      29
      35
      35
      32
      18
      31
      25
      46
      29
      27
      24
      27
      32
      38
      31
      31
      24
      22
      30
      37
      25
      34
      19
      34
      37
      30
      32
      47
      21
      18
      34
      29
      30
      36
      34
      25
      31
      28
      32
      27
      26
      37
      25
      30
      23
      31
      25
      25
      29
      31
      25
      28
      31
      27
      28
      28
      25
      31
      29
      32
      44
      24
      50
      26
      34
      31
      39
      27
      37
      33
      36
      25
      23
      30
      13
      36
      36
      22
      31
      21
      25
      26
      26
      48
      39
      25
      31
      37
      17
      34
      19
      29
      36
      32
      33
      26
      24
      29
      26
      26
      26
      35
      27
      30
      23
      25
      31
      34
      23
      28
      32
      29
      27
      34
      32
      31
      25
      31
      38
      34
      37
      20
      28
      35
      33
      40
      31
      27
      24
      26
      29
      31
      34
      22
      25
      35
      30
      28
      20
      33
      25
      40
      30
      30
      35
      20
      19
      32
      34
      25
      28
      31
      27
      27
      23
      33
      34
      23
      30
      32
      28
      32
      32
      29
      23
      27
      29
      25
      31
      22
      34
      26
      25
      32
      28
      36
      27
      33
      33
      30
      23
      27
      22
      33
      24
      31
      24
      30
      27
      26
      33
      26
      23
      24
      22
      23
      34
      28
      32
      29
      22
      41
      22
      40
      24
      29
      22
      25
      27
      21
      26
      32
      41
      25
      30
      25
      25
      18
      28
      24
      28
      23
      35
      26
      35
      28
      19
      24
      28
      31
      29
      24
      26
      28
      18
      34
      26
      22
      33
      20
      29
      37
      20
      19
      27
      28
      35
      33
      28
      27
      32
      30
      27
      23
      37
      32
      26
      29
      24
      20
      29
      34
      24
      34
      30
      24
      22
      30
      32
      24
      25
      32
      27
      24
      27
      21
      18
      23
      32
      29
      26
      23
      28
      25
      22
      35
      35
      37
      25
      26
      27
      31
      33
      27
      26
      25
      25
      27
      23
      29
      21
      29
      25
      20
      27
      19
      39
      19
      31
      29
      29
      40
      42
      29
      25
      30
      31
      24
      22
      26
      28
      30
      23
      18
      23
      26
      31
      26
      31
      26
      21
      22
      19
      26
      20
      34
      28
      24
      25
      25
      25
      35
      21
      27
      31
      24
      16
      29
      28
      29
      27
      29
      36
      37
      43
      47
      36
      43
      56
      54
      66
      78
      69
      71
      75
      93
      89
      83
      94
      84
      69
      68
      66
      60
      56
      35
      41
      38
      34
      31
      25
      24
      34
      30
      27
      23
      30
      21
      30
      28
      20
      29
      29
      27
      26
      23
      27
      18
      26
      28
      22
      23
      25
      34
      30
      23
      21
      25
      29
      22
      23
      21
      47
      33
      26
      38
      23
      24
      25
      23
      25
      23
      22
      20
      22
      33
      22
      34
      23
      19
      24
      28
      22
      17
      27
      21
      25
      32
      22
      24
      20
      19
      34
      29
      25
      22
      18
      26
      21
      19
      20
      24
      27
      17
      20
      22
      19
      27
      22
      21
      29
      20
      27
      17
      23
      24
      16
      27
      26
      29
      34
      20
      20
      28
      27
      19
      24
      22
      17
      14
      28
      25
      18
      21
      23
      26
      22
      14
      25
      31
      22
      19
      25
      32
      35
      20
      14
      30
      22
      28
      23
      21
      27
      28
      26
      31
      19
      23
      23
      28
      22
      19
      28
      25
      20
      26
      25
      31
      31
      29
      19
      21
      26
      25
      16
      24
      22
      27
      25
      22
      23
      28
      16
      18
      19
      25
      21
      28
      21
      22
      15
      26
      24
      26
      20
      21
      21
      16
      31
      30
      20
      31
      24
      21
      21
      32
      14
      26
      21
      22
      16
      17
      13
      17
      30
      24
      21
      24
      25
      28
      20
      19
      21
      24
      27
      21
      24
      18
      21
      20
      23
      21
      29
      15
      28
      29
      27
      27
      14
      22
      21
      12
      21
      10
      29
      19
      19
      22
      24
      17
      22
      17
      28
      30
      26
      34
      24
      24
      23
      25
      19
      22
      20
      23
      22
      19
      28
      25
      20
      17
      23
      25
      17
      22
      21
      23
      27
      23
      19
      14
      15
      23
      18
      17
      27
      21
      21
      17
      19
      27
      21
      18
      23
      19
      27
      20
      20
      26
      17
      29
      23
      24
      22
      23
      26
      22
      25
      24
      24
      17
      25
      19
      19
      19
      27
      22
      21
      23
      21
      30
      20
      22
      17
      16
      15
      17
      22
      22
      20
      21
      13
      16
      15
      23
      22
      29
      17
      21
      26
      22
      21
      22
      18
      21
      17
      23
      31
      18
      18
      19
      23
      26
      22
      24
      18
      22
      27
      18
      12
      21
      17
      23
      20
      12
      16
      22
      20
      26
      30
      25
      18
      19
      24
      22
      19
      29
      26
      30
      30
      15
      19
      22
      25
      35
      33
      39
      38
      49
      38
      32
      31
      33
      22
      24
      26
      24
      23
      20
      22
      22
      27
      22
      11
      18
      23
      17
      18
      20
      21
      22
      17
      15
      16
      31
      26
      29
      15
      22
      25
      22
      17
      22
      18
      18
      14
      23
      20
      23
      21
      28
      15
      23
      27
      18
      19
      19
      17
      19
      25
      19
      15
      15
      15
      16
      19
      16
      24
      26
      18
      20
      14
      24
      21
      22
      20
      18
      22
      18
      25
      23
      26
      16
      15
      26
      31
      15
      21
      22
      21
      20
      21
      20
      17
      22
      22
      22
      16
      26
      17
      18
      27
      25
      22
      14
      20
      18
      22
      25
      20
      26
      15
      25
      14
      15
      15
      26
      21
      19
      19
      28
      21
      17
      31
      15
      18
      26
      19
      25
      22
      15
      28
      19
      29
      34
      27
      27
      34
      43
      44
      53
      34
      45
      44
      44
      32
      39
      20
      30
      21
      17
      23
      22
      19
      19
      21
      21
      21
      26
      24
      20
      20
      26
      29
      29
      21
      29
      21
      22
      22
      29
      31
      25
      24
      24
      17
      19
      23
      19
      18
      23
      17
      16
      29
      13
      24
      19
      16
      14
      27
      16
      19
      23
      20
      24
       8
      22
      14
      15
      18
      15
      14
      13
      21
      15
      24
       9
      23
      18
      17
      19
      21
      14
      21
      22
      16
      25
      23
      18
      21
      27
      20
      26
      19
      19
      17
      19
      18
      17
      16
      19
      14
      21
      17
      28
      17
      20
      17
      15
      24
      17
      22
      25
      23
      13
      11
      16
      18
      20
      24
      24
      23
      22
      20
      18
      18
      14
      16
      23
       9
      10
      18
      20
      19
      22
      18
      18
      11
      27
      16
      17
       7
      17
      11
      16
      23
      24
      14
      22
      19
      13
      19
      20
      17
      19
      25
      25
      17
      14
      20
      20
      17
      14
      20
      17
      20
      18
      20
      11
      20
      25
      13
      15
      19
      13
      12
      13
      20
      17
      17
      16
      25
      12
      20
      19
      14
      24
      27
      17
       8
      19
      17
      17
      23
      19
      16
      12
      25
      17
      17
      22
      25
      16
      14
      16
      16
      21
      14
       7
      17
      18
      22
      20
      26
      18
      23
      18
      21
      16
      21
      12
      25
      18
      19
      18
      25
      12
      18
      17
      18
       7
      19
      25
      19
      19
      19
      16
      20
      19
      21
      25
      17
      19
      20
      20
      24
      18
      18
      10
      19
      12
      15
      12
      15
      18
      20
      16
      12
      17
      20
      24
      14
      12
      21
      18
      16
      23
      17
      17
      14
      14
      24
      10
      18
      22
      23
      16
      24
      25
      17
      27
      24
      15
      16
      17
      21
      23
      17
      16
      20
      14
      12
      14
      20
      16
      18
      14
      16
      19
      19
      22
      16
      21
      14
      13
      16
      25
      23
      20
      20
      15
      12
      17
      15
      18
      19
      15
      16
      16
       9
      17
      14
      21
      14
      13
      23
      17
      22
      11
      14
      17
      26
      20
      17
      19
      15
      19
      18
      12
      15
      19
      15
      16
      18
      21
      17
      14
      17
      14
      14
      17
      14
      13
      16
      15
      19
      17
      14
      23
      16
      16
      11
      17
      18
      19
       9
      18
      18
      19
      17
      14
      15
      14
      16
      23
      15
      10
      13
      15
      13
      15
      17
      22
      12
      17
      10
      18
      20
       8
      13
      10
      24
      18
      20
      11
      14
      22
      17
      12
      15
      16
      21
      20
       7
      20
      16
      17
      12
      16
      22
      17
       9
      19
      18
      12
      21
       9
      17
      11
      18
      11
      23
      14
      16
       4
       7
      27
      13
      15
      22
      24
      10
      10
      14
      17
      13
      18
      13
      13
      13
      16
      14
      19
      12
      15
      16
      22
      13
      15
      18
      16
      14
      12
      16
      14
      16
      17
      17
      17
      16
      13
      14
      19
      17
      15
      11
      18
       9
      12
      21
      12
      16
      16
      18
      16
      17
      14
      22
      17
      14
      20
      16
      15
      22
      21
      19
      23
      15
      11
      17
      19
      15
      11
      19
      17
      16
      12
      20
      21
      18
      12
      20
      17
      14
      10
      13
      18
      21
      15
      12
      23
      23
      19
      20
      15
      15
      21
      20
      11
       8
       7
      14
      15
      22
      16
      20
      14
      16
      16
      16
       9
      17
      21
      17
      16
      13
      16
      15
      14
      17
      22
      19
      11
      13
      11
      25
      16
      18
      17
      20
      19
      14
      16
      25
      14
      14
      19
      17
      11
      19
      16
      13
      10
      11
      20
      12
      15
      11
      11
      14
      14
      17
       8
      18
      18
      16
      13
      17
      15
      22
      17
       8
      14
      17
      22
      12
      23
      27
      16
      19
      12
      17
      15
      15
      22
      19
      18
      19
      24
      14
      17
      20
      16
      21
      18
      10
      15
      11
      12
      15
      18
      17
      23
      14
      25
      13
      11
      14
      21
      16
      19
      20
      15
       9
      15
      14
       8
      17
       7
      15
      12
      17
      20
      16
      15
      20
      18
      13
      11
      15
      16
      15
      13
      10
      13
      17
      16
       9
      19
      21
      15
      10
      17
       9
      12
      19
      16
      14
      11
      11
      14
      16
      11
      12
      17
       8
      10
      18
      15
      13
      15
      13
      12
      23
      16
      10
      13
      10
      12
      12
      18
      17
      13
      11
      15
      12
      12
      10
      21
      17
      21
      13
      11
      18
      10
      20
      17
      10
      16
      17
      18
      17
       9
      13
      14
       8
      17
      17
      12
      12
      18
      18
      11
       7
      17
      18
      12
      17
       8
      15
       9
       8
      15
      22
      12
       7
      22
       6
      11
      17
      15
      16
      15
      15
      18
       8
      11
      17
      13
      13
      13
      12
      16
      15
      12
      16
      10
      15
      17
      15
      13
      20
       8
      14
      13
      15
      16
      16
      14
      14
      18
      20
      11
      17
       9
      17
      13
      14
      15
      16
      16
      25
      17
      16
      16
      12
      10
      11
      16
      11
       9
       7
      16
      13
       9
      12
      13
      16
      22
      17
      10
      13
      17
      18
      15
      10
      16
      13
      10
      11
      16
      11
      14
      11
      14
      17
      10
      11
      20
      15
      14
      10
      17
      13
      15
      14
      13
      14
      15
      15
       7
      21
       6
      20
      19
      21
      11
      21
      10
      19
      15
      20
      13
      16
      16
      23
      12
      18
      10
      21
       9
      18
      10
       8
      18
      15
      17
      17
      15
      15
      16
      13
      13
       6
      14
      15
       9
       9
      12
      13
      18
      11
      17
      19
      11
      14
      14
      15
      15
       9
      10
      14
      14
      17
      14
      17
      10
      18
      12
      13
      18
      10
      13
       7
       8
      17
      16
      12
      13
      10
      15
      10
      14
      16
      15
      17
      11
      12
      14
      14
       9
      19
       9
      20
      12
      16
      19
      16
      13
      17
       9
      16
      12
      10
      15
       6
       9
      14
      23
      17
      16
       9
       9
      11
      15
      19
       8
      15
      17
      21
      13
      12
      15
      15
      12
      19
      12
      17
      12
      19
      16
      12
      15
      16
      15
      15
      14
      14
      19
       8
      17
      22
      14
       7
      16
       9
      15
      14
      16
      20
      12
      22
      23
      17
      20
      12
      14
      13
       9
      14
      17
      11
      10
      15
      15
      13
      12
      12
      14
      12
      12
       6
      18
      10
      12
      18
       8
      19
      14
      11
       6
      19
      19
      11
      13
      11
      14
      12
      14
      11
       8
      15
      17
      15
      12
      16
      13
      12
      13
      23
      18
      18
      15
       9
      10
      25
      10
      13
      12
      14
      12
      12
       8
      13
      11
      16
      14
      11
      21
      14
      16
      23
      20
      17
      20
      25
      37
      28
      32
      48
      63
      70
      84
      72
      71
      63
      57
      58
      61
      47
      47
      19
      32
      13
      14
      19
      14
       7
      13
      14
       9
       9
      10
      13
      13
      19
      14
       9
      18
       9
      15
      13
       8
       9
      11
      11
      14
       9
       6
      14
      14
      16
      18
      16
      12
      10
      13
      14
       8
      19
      12
      11
       8
       9
      16
       5
      11
      19
      13
      12
      17
      11
      16
       9
      16
      12
      14
      12
      13
      12
      15
      13
       9
      18
      10
       9
      12
       8
      20
      12
       9
       9
      15
      12
      13
      16
      14
      12
      16
       8
      16
      12
      16
      10
      12
      12
      10
      13
      12
      10
      14
      13
      13
      14
      10
      12
      14
      13
      11
      14
       9
      14
      17
      11
      14
       8
      19
      12
       7
      12
      13
       7
      10
      11
       9
       6
      12
       9
      16
      14
      14
       7
      11
      16
      15
      13
      17
      11
      11
      16
      14
      13
      11
      12
      12
       5
      12
      19
      19
      16
       7
      13
      18
      11
      16
       5
       9
      13
       9
      10
      16
      18
       5
      12
       4
      11
      14
       9
      11
      18
      12
      12
      20
      11
      17
      14
      13
      18
       9
       9
      10
      11
      16
       7
      11
       8
       8
       6
      11
       9
      16
      12
      18
      19
      14
      11
      10
       6
      11
      12
       8
      17
      13
      16
       8
       9
      13
      17
       7
       8
      16
      12
      13
       9
      12
       9
      10
       7
      12
       9
       8
      16
      11
       7
      20
      12
       9
      15
      12
      10
      10
      13
      20
      11
      17
       7
      13
      11
      13
      12
      11
       9
      13
       9
      13
       8
       9
      11
      12
      10
       9
       7
      17
      13
      14
      13
      11
      13
       6
      12
      14
      17
      20
       9
      12
       8
       6
      12
      10
      20
      10
       8
      17
      14
      11
       8
      11
      10
      12
      14
      15
      13
      11
      10
       8
      14
      14
      11
      15
      20
      14
      14
      16
      15
       8
      10
      13
       7
       9
      11
      10
       9
       8
      11
      11
      12
      14
      11
      17
      21
      12
       9
       9
      10
       7
      14
       5
      16
      11
      16
      12
       7
      15
       9
      10
       5
       5
       6
       9
      11
      10
       6
      10
       9
       4
      18
      15
       9
      13
      15
      12
      18
      14
      10
      11
      10
      13
      19
       7
      15
      12
      12
      13
      17
       4
      11
      10
      12
      14
      10
       8
      11
      11
      10
      15
       9
      15
      10
      11
       8
      16
       9
      12
      19
       9
      14
      11
      15
       9
      14
       7
      15
      20
      14
      11
      15
      18
      14
      14
       7
      13
       8
       6
       9
       8
      14
      19
       9
      11
       6
      12
      13
      17
      12
      13
      12
      12
      13
       6
       8
       6
      13
      12
      14
      15
       9
      10
      11
       8
      12
      10
       6
       8
       8
      12
      15
      13
      11
       6
      16
       7
      10
      13
      10
      12
      11
      15
      13
      13
      15
       9
      11
       9
      14
       9
      16
      11
      11
      15
      16
       9
       7
      10
       8
       6
       9
       8
       9
      12
      11
       5
       8
      16
      14
      11
      11
      17
       8
       4
      15
      12
      12
      12
      12
      11
       9
      15
      13
       9
      15
       6
       8
      12
      15
      13
      12
      11
      12
      10
      11
      15
      16
       7
       8
      13
       7
      14
      13
       9
       9
       9
      14
      13
      14
      18
      12
      22
      12
      11
      22
      15
      16
      20
      22
      17
      18
      23
      26
      16
      17
      15
      19
      11
      13
      19
      17
      19
      13
      16
      15
       9
      13
      14
      11
      13
      12
      13
       9
       9
       8
       7
       7
      10
      16
       6
      13
       9
      16
      11
      12
       9
      11
       3
       8
      15
      14
       6
      11
      15
       8
      12
      13
      10
       9
      10
      10
      12
      12
       6
       9
      11
      10
      14
      11
       5
      13
      10
      14
      11
       9
       8
      16
       9
      12
      14
       6
      20
      11
      11
       9
       7
      15
      10
      10
      12
      15
       7
      10
      13
       6
      12
      10
       8
       8
       7
      11
      12
       8
      10
       7
      14
       9
       8
      13
      12
      13
      13
       5
       9
      17
       8
      10
       7
      13
      10
      10
      14
      15
      11
       7
       5
      14
      13
      10
      10
      11
       9
      13
       8
      11
       7
      14
       9
       8
      14
       6
       9
      11
       4
       5
      11
       7
      11
      14
      11
      12
      10
       9
      11
      12
       5
      12
       9
       7
      14
      12
      13
      15
      14
       9
       9
      11
       9
      14
       9
      14
      10
      10
      12
       5
      13
       9
       8
       9
      12
      12
       5
      12
      14
      12
       8
      11
       7
       4
      13
      12
      14
      14
       9
       8
      13
      13
      15
      14
       8
       8
      14
       9
      10
      10
      14
      11
      10
       8
      11
      17
      15
      10
      14
       5
      12
      10
       9
       7
      10
       5
       8
      11
      13
      12
      11
       9
       8
      12
       8
      12
       8
      11
       8
       5
       9
      14
      12
       8
       6
       6
       9
       9
      11
      13
       9
       5
      10
      10
       5
      15
       7
      17
      10
       7
      13
       8
       6
      14
      12
      12
       8
       4
       8
       7
      10
       7
       8
       5
      11
       3
       8
      11
       5
      10
       8
       8
       5
      11
       9
      13
      11
       6
       9
      12
       7
      11
      13
      10
      16
       9
      14
      11
      15
      15
       7
      12
      12
      10
      10
       9
      18
      13
      15
      20
      18
      21
      15
      22
      16
      20
      20
      14
      24
      12
      18
      15
      13
      12
       6
       9
      11
      10
      10
       8
      11
      10
      14
       7
      12
      10
       4
       9
      12
       7
      10
       6
      12
       6
       9
      14
      10
       9
      10
      10
       6
      10
      11
      12
      10
       9
      15
       9
      14
       8
      12
       9
      10
       9
      10
       9
       3
      19
      15
       9
      11
       6
       7
       7
       4
       8
       7
      11
       9
      14
      11
      11
       6
      11
      11
       4
      14
       8
      14
      13
       8
       9
      13
       8
       8
       8
      16
      11
      11
      14
       6
       8
      13
       9
      10
      10
      10
      11
      11
      11
       9
      16
       9
      12
      13
       9
       6
      12
      12
      15
      12
      15
      10
      14
       5
       7
      10
      12
       7
      10
       8
      13
       6
       8
      13
      13
       9
      14
      16
      11
       9
      14
       9
       2
      12
       8
      12
      11
       8
      10
      11
       7
       9
      13
       9
      11
      13
      11
       7
       8
       9
      12
      11
       8
       6
      11
       8
      10
      11
      12
      13
      10
      16
      14
      13
      10
      15
      11
       6
       8
      13
      13
      12
       9
      10
      11
      10
       5
       9
       6
       5
       6
       9
       9
       8
      11
       9
      12
       7
      10
      12
       8
       6
      13
      12
      10
      10
       6
      11
      10
       8
       7
      13
      12
      10
      13
       5
       8
      11
       4
      10
      15
       4
      12
       9
       8
       3
      10
       9
      11
       9
      12
       4
       9
      12
       5
       7
       7
       7
       6
       8
       9
       9
      10
      10
       9
      10
      11
       4
       7
      13
       6
      12
      12
       5
      10
      12
      12
       3
       8
       9
      10
      10
       7
       9
       2
       4
      13
      13
      13
      10
       3
      14
      14
       8
       8
       9
      11
       7
      12
       7
       6
      14
      10
       9
       9
      10
       8
      10
       8
      10
      11
       8
       8
       6
      11
       6
       5
       7
       9
       8
      11
      13
      12
       6
       9
       9
      10
       5
      11
       4
      12
       9
       8
      11
       9
       8
       8
      11
      10
       8
       8
       8
       9
      13
       6
       6
       6
      16
       8
      10
       4
       9
       5
       2
      14
       8
       5
      16
      11
       8
       8
      12
       9
      10
       7
       6
      10
      11
      10
       8
       9
      10
      13
       6
      12
       7
       6
      10
      14
       8
      12
       7
      12
      12
       8
       9
      16
      13
      12
       7
       5
       5
      11
       9
      12
       8
       7
       9
      14
      10
       8
       8
       3
       6
       6
       6
      12
       8
       6
      14
      11
      10
       6
      10
       7
       8
       6
      10
       4
      17
       8
      12
       8
      11
       7
      10
       9
       5
       9
       7
       8
       5
       2
       9
      10
      11
       9
       4
      14
       7
       9
      12
       6
      11
       6
       7
       7
       7
      12
       7
      12
       9
       7
      17
       4
      11
      12
       7
       4
      12
      11
       9
       6
       9
       9
       7
      10
      16
       7
       9
       6
      11
      13
       7
       9
       9
      10
      14
      15
      15
       7
       8
      14
       8
       8
       8
      10
       7
      12
       8
       7
       8
       7
       8
       7
       9
       8
       7
      10
      10
       9
       8
       5
       6
      11
       5
       6
       8
      17
       5
       7
       7
      13
       3
      16
       5
      11
       6
      10
      11
       7
       4
      11
      10
       6
      11
      12
       8
      11
       7
       4
       6
      12
       8
      13
       3
       9
       8
       8
      14
       8
      13
       5
       8
      10
       8
       5
      11
       7
      11
      10
       6
       9
       8
      11
       8
       8
       7
      11
      12
      11
       7
       4
       5
       6
       6
      10
       8
      10
      14
       6
      10
       4
       7
       7
       7
       3
       4
      13
       7
       9
      16
       9
       6
       7
      14
       6
      17
       9
       9
       7
       8
      13
      12
       5
       8
       4
       5
       5
       7
       6
      11
       8
       9
       7
      12
       9
      17
       8
       8
       6
       4
       9
      10
      11
      11
      14
       8
       5
       9
      15
      10
       8
       9
      12
      12
      11
       6
      12
      12
       5
      12
       8
       3
       5
      10
       8
      10
       6
      14
       8
      12
       5
      10
       8
       4
       8
       8
       6
       7
       8
      10
       8
       9
       6
      15
      12
       8
       5
       7
       6
      11
       7
      13
       6
      11
       6
       5
       7
       9
      12
       5
      15
       9
      12
       7
      12
       5
       7
       9
      10
      12
       8
      10
       8
      14
       8
       7
       6
      12
       9
       8
       6
      15
       6
       9
      10
       9
       5
       9
       7
       9
      11
      10
      12
       9
      14
      10
       8
       3
       8
       7
      12
       7
       7
       8
      12
       7
      11
       6
       9
       5
      14
       5
      12
       9
      10
       4
       4
       9
       8
       6
      14
       8
       8
      13
       9
       3
       7
      10
       9
       8
      20
       9
      10
       7
       6
      11
       7
      15
       9
       7
      12
      11
       6
       8
      11
      15
       5
      10
       6
       9
      14
       4
      12
      12
      12
       9
       4
       8
      12
       8
       7
       5
      11
      10
       5
      11
      10
       5
       6
      10
       6
      10
      13
       6
      11
       7
       8
      12
      13
       8
      13
       9
       8
       9
      14
       9
       8
       9
       9
       8
      10
       8
      11
      14
      10
      11
      16
      12
      11
      15
      17
      14
      11
       8
      10
      11
      12
      11
      10
      12
       7
       5
       8
       5
       8
      10
       7
       4
       8
       6
       9
       7
       3
      13
       7
      12
       3
      15
       8
       7
       4
       8
       6
       4
       5
       7
       8
      13
      14
      12
       6
       9
       8
       7
       7
       8
      10
      14
      11
      10
       8
      10
       5
      11
       9
       3
      10
      10
      10
       8
       6
       8
      11
       4
       9
       8
      10
      14
      11
       8
       7
       2
      11
      11
       2
      10
      12
       7
      10
       5
       8
       9
       5
       7
       7
      11
       4
      11
       6
       2
       8
       2
       7
       8
       3
       8
       6
       8
       9
       9
       6
       8
      11
       5
       6
       8
       5
       5
       9
       9
       7
       4
       6
       6
      14
      10
      11
       8
      13
       9
       8
       4
      13
      11
       7
      10
      10
      12
       5
      12
       5
       6
       6
       7
       9
       9
      10
       4
       8
       1
      10
       4
       8
      17
       9
       7
       8
       1
       6
      12
       2
       9
       6
       9
      11
       9
       6
       9
       8
      14
       6
       8
       5
       3
       7
       6
       4
       8
      15
      10
       7
       8
       7
       8
      10
       7
       8
      14
      10
      11
      12
      10
      13
       5
       9
       5
       6
       7
       8
      11
       6
       2
       8
       8
       9
       6
       6
       6
       4
       7
       7
      11
      12
       5
       6
       9
      10
      12
       8
      11
      13
       7
      14
       5
       9
       6
      11
       3
       7
       8
       5
       7
      11
       7
       9
      10
       7
       2
       7
      13
       5
       9
      10
       7
      12
       7
       5
       9
      10
       8
      11
       6
       7
      12
      11
       4
      11
       6
      13
       5
       8
       6
       7
       7
       8
       7
       5
       6
      11
      12
       4
      10
      10
      11
      12
       8
       8
      12
       8
       8
       8
      11
      10
       8
       6
       8
      12
       5
      12
      11
       8
       4
       6
      10
       5
       8
      14
       8
       4
      14
       3
       7
       8
       7
       4
       4
       9
      10
       7
       8
       3
       9
       7
      10
       7
       4
      11
      13
       8
       6
      12
      12
       7
      10
      11
       9
       4
      10
       7
       6
       9
       6
       5
      10
      15
       8
      11
       4
       4
      10
       9
      14
       8
       5
       6
       9
       7
      12
       8
       6
       8
       3
       9
       7
       5
       5
       6
       7
       9
       9
       9
      12
       9
       8
       9
       6
       9
       6
       7
       4
       4
       4
       3
       9
       9
       6
       4
       9
       9
       4
      12
      11
       7
       7
       5
       9
       9
       2
       4
       8
       6
       8
       9
       6
       8
       5
       7
       6
      10
      13
      10
       4
       4
       5
       6
       7
      11
       7
       9
       2
       8
       9
       7
       8
       9
      12
       9
       6
      10
       8
       7
       8
       9
       7
       3
       9
       9
       1
       8
      13
      12
       7
       6
       7
       4
       5
       5
      10
       6
      10
       7
       6
       4
       9
      12
       9
       7
      10
       7
       6
       8
       7
       8
       7
       7
      14
      14
       6
       8
       7
       6
       3
      13
      13
      14
       9
       5
       7
       5
       3
      15
      10
       7
       7
       8
      12
       7
      11
      12
       9
       8
       7
       2
       6
       5
       6
       7
      10
       8
      14
       7
      13
       4
      10
      10
       7
       7
       5
       8
      16
       9
       9
       9
       8
       7
       8
       5
      13
       9
      13
       5
       9
      13
       8
       6
      16
       1
      12
       8
       8
       8
       5
       6
      12
       8
       9
      11
       7
      10
      11
       8
       8
       8
       8
       9
       3
       7
       4
       8
      12
       9
       8
       6
       7
       6
       8
      10
       7
       6
       1
      10
       5
       9
      10
       7
       6
       5
       5
       6
      14
       7
       9
      12
       4
       7
       7
      13
      12
       8
       7
       8
       5
       6
       2
      11
       7
       9
       8
       4
       7
       7
       4
       8
       8
      13
       7
       9
       2
       7
       5
       7
      11
      14
       6
      15
      10
      11
      11
       5
      10
       8
      10
       9
      16
       9
       6
       9
       9
      11
      10
       8
      12
       6
      10
       7
      13
       8
       7
       8
      10
      12
       8
       9
       5
       8
       6
       9
      11
      10
       6
       5
       7
       8
       4
       6
       3
       7
       9
       4
       7
      10
       3
       6
      11
       9
      10
       9
      10
      10
       5
       5
       8
       5
       6
       1
       8
       5
       6
      12
       6
       3
       9
       7
       4
       7
       8
       3
       8
      10
       2
       5
       7
      11
       6
       4
       7
       4
       7
       4
       8
       5
       4
       6
       3
       5
       6
       7
      12
       5
       8
       5
       5
      13
       5
      10
       6
       9
       4
       4
       2
       7
       7
       7
       3
      11
       7
      11
       4
       9
      12
      12
       6
      11
       2
       6
       4
       6
       5
       8
       6
       4
       2
       6
       6
       6
       3
       9
       5
       7
       6
       6
      10
       6
       8
       2
      10
       8
       3
       5
       4
       4
       9
       6
       6
      12
       4
       9
       7
       8
      11
       6
       4
       9
       4
       5
       5
       5
      14
       4
       7
       5
       3
       6
       6
       8
       8
       9
       5
       5
       8
       4
       2
       8
       4
       4
      11
       8
       7
       8
       2
       4
       3
      10
       7
       4
      11
       5
       7
       9
       6
       9
       4
       9
       4
       8
       2
       8
       7
       3
       8
       6
       7
       7
       3
       6
       9
       5
      11
       8
       4
       7
       7
       4
       4
       9
       5
       3
       4
       6
       7
       7
       5
       4
       6
       6
       4
       8
       3
       8
       6
       9
      10
      11
       5
       3
       9
       7
       3
       7
       6
       6
       3
      11
       5
      11
       3
       7
       4
       9
       5
       5
       5
       6
       4
       2
       6
       3
       6
       7
       3
       2
       5
       1
       1
       4
       5
       8
       4
       7
       5
       9
       7
       4
       5
       3
       6
      12
      11
       6
       4
       3
       4
       8
       3
       8
       5
       5
       4
       6
       6
       5
       8
       5
       3
       3
       4
       7
       5
       9
       5
       5
       5
      15
       2
       7
       7
       4
       1
       4
       7
       5
       2
       4
       4
       4
       9
       6
       3
       7
       6
       5
      11
       6
       4
       4
      10
       5
       7
       7
       6
       5
       2
       2
       7
       4
       3
       1
       4
       3
       6
       2
       5
       5
       8
      11
       5
       2
       7
       1
       2
       8
       3
       7
       5
       4
       1
       8
       7
       5
       5
       2
       7
       5
       4
       6
       5
       7
       5
       1
       3
       6
       4
       6
       3
       4
       5
       5
       6
       8
       6
       4
       3
       9
       5
       7
       4
       5
       3
       5
       6
       7
       7
       3
       4
       5
       7
       8
       6
       6
      10
       7
       2
       6
       5
       6
       4
       1
       8
       5
       3
       6
       7
       5
       5
       5
       6
       6
       5
       5
       3
       7
       7
       5
       8
       6
       8
       3
       3
       4
       4
       5
       3
       5
       5
       6
       3
       6
       5
       6
       3
       9
       4
       3
       4
       8
       4
       5
       7
       8
       4
       4
       4
       4
       3
       3
       1
       6
       7
       5
       3
       3
       4
       4
       6
       6
       7
       2
       4
       2
       4
       5
       6
       8
       5
       3
       7
       9
       7
       3
       4
       6
       3
       8
       4
       8
       5
       8
       6
       5
       6
       3
       6
       4
       4
       9
       4
       9
      13
       6
      10
       3
       4
       5
      10
       7
       8
       7
       3
       6
      10
       1
       6
       2
       4
       3
       4
       4
       9
       6
       4
       4
       4
       4
       2
       4
       8
       2
       6
       6
       3
       3
       2
       5
       6
       3
       4
       2
       4
       1
       3
       7
       4
       9
       3
       4
       1
       8
       3
       3
       2
       4
       1
       7
       2
       3
       3
       7
       2
       2
       4
       4
       3
       6
       5
       5
       6
       5
       5
       4
       7
       4
       7
       4
       8
       5
       6
       2
       3
       5
       7
       2
       5
       6
       2
       1
       8
       5
       4
       6
       3
       2
       3
       8
       6
       3
       4
       5
       3
       2
       6
       3
       5
       6
       5
       4
       3
       1
       7
       2
       3
       0
       3
       5
       4
       5
       3
       6
       7
       5
       3
       5
       5
       4
       1
       2
       6
       1
       5
       4
       8
       4
       4
       6
       5
       2
       6
       4
       6
       5
       4
       4
       3
       6
       4
       4
       5
       3
       1
      11
       5
       7
       5
       7
       1
      10
       6
       2
       4
       5
       1
       6
       7
       5
       2
       5
       5
       8
       4
       4
       3
       3
       2
       7
       5
       4
       2
       2
       4
       2
       2
       5
       2
       3
       3
       3
       6
       6
       3
       2
       2
       5
       3
       1
       3
       3
       3
       2
       4
       0
       5
       3
       2
      10
       4
       1
       3
       2
       5
       3
       6
       1
       3
       4
       3
       6
       2
       3
      11
       3
       1
       3
       6
       7
       7
       9
       5
       6
       4
       8
       9
       4
       8
       1
       6
       1
       2
       2
       0
       3
       1
       5
       3
       2
       5
       5
       5
       3
       1
       4
       3
       0
       4
       4
       0
       4
       6
       5
       5
       4
       4
       0
       4
      11
       2
       4
       1
       3
       3
       8
       5
       7
       1
       2
       1
       8
       3
       3
       2
       4
       2
       3
       7
       6
       3
       4
       3
       2
       1
       5
       4
       3
       3
       1
       7
       4
       9
       6
       4
       6
       2
       6
       2
       2
       1
       4
       6
       7
       1
       1
       4
       5
       6
       3
      10
       3
       1
       2
       6
       1
       1
       6
       3
       1
       5
       6
       1
       3
       3
       8
       1
       9
       7
       4
       5
       5
       5
       1
       7
       6
       6
       4
       3
       5
       7
       3
       2
       3
       3
       3
       6
       6
       3
       4
       7
       5
       6
       4
       3
       8
       5
       5
       3
       2
       4
       1
       3
       5
       2
       4
       6
       3
       1
       4
       4
       6
       4
       5
       4
       6
       3
       6
       5
      10
       6
       7
       4
       1
       2
       4
       5
       5
       5
       6
       2
       1
       9
       9
       1
       4
       2
       3
       3
       5
       5
       4
       1
       2
       2
       4
       4
       4
       6
       4
       3
       1
       3
       3
       4
       4
       6
       4
       6
       6
       5
       4
       5
       1
       1
       3
       3
       2
       4
       2
       6
       3
       2
       3
       3
       4
       0
       2
       3
       3
       5
       3
       8
       4
       0
       3
       4
       2
       3
       5
       3
       2
       2
       1
       3
       6
       0
       3
       4
       2
       4
       3
       8
       3
       5
       3
       4
       3
       4
       1
       6
       3
       3
       4
       6
       3
       4
       3
       5
       5
       3
       5
       4
       3
       3
       5
       5
       2
       3
       3
       5
       4
       1
       4
       2
       3
       5
       4
       3
       5
       5
       2
       2
       1
       4
       4
       2
       3
       3
       1
       4
       4
       1
       3
       5
       2
       4
       2
       3
       3
       4
       3
       5
       5
       6
       3
       4
       1
       4
       2
       1
       4
       5
       1
       4
       2
       5
       5
       8
       4
       5
       5
       3
       4
       5
       1
       5
       4
       5
       5
       3
       2
       6
       2
       1
       4
       1
       1
       3
       2
       3
       3
       5
       1
       3
       4
       4
       5
       4
       6
       1
       5
       3
       5
       7
       5
       4
       3
       5
       6
       4
       4
       3
       5
       6
       4
       4
       2
       8
       3
       5
       5
       3
       1
       2
       4
       3
       5
       6
       2
       0
       0
       5
       3
       6
       3
       7
       3
       3
       4
       2
       2
       1
       7
       3
       2
       7
       2
       3
       6
       6
       3
       3
       5
       6
       1
       5
       6
       9
       8
      14
       4
      10
      14
      10
      15
      27
      29
      34
      29
      36
      51
      49
      52
      54
      70
      55
      65
      72
      72
      68
      65
      75
      63
      42
      37
      44
      38
      23
      20
      16
       8
      10
       2
       4
       8
       4
       5
       3
       6
       2
       2
       1
       3
       2
       2
       1
       2
       1
       3
       3
       2
       6
       3
       5
       2
       2
       2
       3
       2
       0
       0
       4
       3
       2
       1
       3
       2
       2
       1
       4
       1
       4
       0
       0
       3
       4
       5
       5
       4
       4
       2
       4
       1
       4
       6
       2
       3
       0
       3
       2
       1
       3
       6
       3
       1
       2
       0
       2
       2
       2
       3
       5
       3
       1
       1
       3
       5
       2
       3
       0
       5
       4
       0
       0
       4
       5
       3
       5
       5
       1
       0
       2
       2
       1
       3
       4
       3
       2
       0
       1
       6
       1
       1
       2
       2
       1
       1
       0
       3
       4
       3
       0
       3
       0
       2
       2
       2
       1
       3
       5
       2
       5
       4
       5
       3
       2
       4
       1
       1
       1
       6
       3
       2
       2
       3
       2
       2
       1
       3
       3
       1
       2
       3
       0
       3
       3
       2
       0
       1
       2
       3
       1
       3
       2
       1
       3
       3
       2
       3
       1
       4
       2
       3
       3
       3
       1
       3
       3
       2
       4
       8
       6
       2
       6
       3
       1
       0
       4
       1
       2
       2
       3
       3
       2
       3
       5
       3
       3
       5
       1
       0
       2
       2
       2
       4
       3
       3
       3
       3
       4
       0
       3
       3
       2
       2
       3
       2
       4
       3
       2
       0
       4
       1
       4
       2
       1
       2
       0
       4
       2
       3
       2
       5
       4
       2
       4
       2
       2
       1
       2
       5
       1
       8
       3
       5
       1
       5
       3
       1
       2
       3
       8
       0
       1
       2
       4
       2
       0
       1
       3
       2
       6
       0
       3
       1
       3
       1
       3
       3
       4
       4
       5
       3
       4
       2
       0
       1
       5
       5
       2
       2
       0
       1
       2
       3
       4
       5
       0
       2
       3
       3
       3
       3
       3
       5
       0
       3
       2
       4
       2
       1
       3
       6
       3
       4
       1
       2
       1
       2
       2
       5
       1
       2
       3
       1
       1
       4
       1
       2
       3
       2
       4
       1
       3
       5
       2
       0
       2
       2
       1
       3
       4
       4
       1
       1
       1
       3
       0
       2
       3
       2
       2
       0
       1
       3
       3
       1
       3
       3
       1
       1
       1
       2
       0
       2
       3
       2
       2
       3
       1
       4
       3
       1
       2
       3
       2
       1
       2
       3
       3
       2
       5
       3
       2
       6
       4
       1
       3
       0
       2
       1
       1
       4
       0
       6
       1
       1
       0
       3
       3
       2
       1
       2
       2
       3
       5
       1
       1
       2
       3
       2
       1
       1
       4
       0
       5
       2
       3
       0
       3
       2
       1
       2
       0
       3
       0
       1
       1
       2
       1
       1
       1
       1
       2
       3
       4
       1
       2
       1
       1
       2
       4
       3
       1
       0
       0
       2
       4
       2
       0
       3
       1
       2
       1
       1
       4
       3
       3
       0
       4
       3
       2
       2
       4
       1
       3
       2
       5
       1
       1
       0
       0
       2
       4
       3
       2
       1
       3
       0
       0
       1
       3
       1
       4
       1
       1
       3
       1
       0
       1
       3
       2
       1
       3
       3
       1
       0
       3
       2
       1
       0
       2
       2
       2
       3
       2
       3
       4
       2
       1
       6
       2
       2
       3
       3
       6
       1
       3
       0
       3
       0
       3
       2
       0
       1
       3
       2
       4
       0
       3
       2
       2
       2
       3
       3
       2
       2
       2
       1
       0
       2
       3
       1
       2
       1
       1
       3
       0
       4
       2
       3
       1
       3
       1
       0
       4
       1
       4
       1
       1
       5
       1
       4
       2
       3
       4
       1
       0
       0
       2
       0
       2
       2
       1
       2
       1
       2
       2
       2
       1
       1
       1
       5
       2
       0
       0
       0
       0
       0
       0
       0
       0
       0
       0
       0
       0
       0
       0
       0
       0
       0
       0
       0
       0
       0
       0
       0
       0
       0
       0
       0
       0
       0
       0
       0
       0
       0
       0
       0
       0
       0
       0
       0
       0
       0
       0
       0
       0
       0
       0
       0
       0
       0
       0
       0
       0
       0
       0
       0
       0
       0
       0
       0
       0
       0
       0
       0
       0
       0
       0
       0
       0
       0
       0
       0
       0
       0
       0
       0
       0
       0
       0
       0
       0
       0
       0
       0
       0
       0
       0
       0
       0
       0
       0
       0
       0
       0
       0
       0
       0
       0
       0
       0
       0
       0
       0
       0
       0
       0
       0
       0
       0
       0
       0
       0
       0
       0
       0
       0
       0
       0
       0
       0
       0
       0
       0
       0
       0
       0
       0
       0
       0
$ROI:
1
4146 4168
$PRESETS:
None
0
0
$ENER_FIT:
0.196194 0.194904
$MCA_CAL:
3
1.961942E-001 1.949036E-001 3.834765E-008 keV
$SHAPE_CAL:
3
0.000000E+000 0.000000E+000 0.000000E+000
