$SPEC_ID:
HFNG Beamline
$SPEC_REM:
DET# 2
DETDESC# EasyMCA
AP# Maestro Version 7.01
$DATE_MEA:
04/17/2018 14:23:14
$MEAS_TIM:
91498 91503
$DATA:
0 8191
       0
       0
       0
       0
       0
       0
       0
       0
       0
       0
       0
       0
       0
       0
       0
       0
       0
       0
       0
       0
       0
       0
       0
       0
       0
       0
       0
       0
       0
       0
       0
       0
       0
       0
       0
       0
       0
       0
       0
       0
       0
       0
       0
       0
       0
       0
       0
      10
     310
     388
     378
     341
     388
     361
     349
     353
     370
     401
     355
     364
     393
     344
     362
     371
     370
     360
     385
     354
     366
     356
     365
     328
     350
     335
     352
     365
     335
     325
     327
     295
     336
     319
     334
     353
     332
     334
     310
     329
     317
     327
     326
     273
     278
     312
     312
     302
     302
     298
     344
     306
     297
     294
     297
     338
     281
     297
     282
     345
     298
     277
     309
     308
     286
     261
     295
     311
     280
     260
     282
     286
     286
     295
     273
     273
     275
     272
     273
     262
     272
     255
     267
     281
     241
     299
     261
     263
     256
     260
     271
     246
     251
     264
     270
     256
     255
     273
     284
     253
     243
     253
     251
     261
     215
     247
     242
     235
     226
     269
     220
     246
     259
     243
     237
     223
     246
     248
     244
     244
     252
     267
     247
     247
     262
     259
     229
     227
     251
     224
     233
     228
     201
     236
     226
     230
     219
     222
     208
     216
     245
     224
     202
     242
     209
     249
     222
     229
     239
     240
     211
     225
     225
     199
     223
     207
     191
     185
     233
     199
     231
     199
     197
     216
     221
     203
     242
     201
     207
     208
     213
     216
     237
     208
     201
     229
     194
     213
     188
     205
     212
     210
     181
     197
     219
     198
     205
     218
     213
     184
     202
     169
     196
     196
     190
     211
     190
     197
     204
     205
     205
     203
     196
     204
     203
     202
     186
     206
     221
     179
     208
     210
     199
     228
     178
     214
     217
     202
     204
     176
     210
     181
     191
     191
     204
     214
     212
     182
     181
     170
     192
     187
     201
     213
     206
     193
     189
     173
     182
     195
     224
     198
     174
     199
     195
     169
     194
     202
     214
     185
     205
     175
     211
     210
     214
     179
     221
     201
     186
     200
     197
     190
     206
     213
     194
     213
     198
     193
     204
     204
     214
     196
     193
     193
     196
     198
     240
     238
     204
     203
     186
     210
     212
     194
     191
     229
     210
     202
     205
     179
     231
     196
     220
     210
     173
     234
     223
     202
     218
     230
     202
     235
     179
     211
     210
     198
     206
     203
     212
     215
     214
     193
     210
     231
     209
     191
     194
     206
     225
     217
     212
     245
     240
     316
     382
     424
     476
     381
     333
     249
     238
     254
     230
     267
     356
     517
     656
     692
     610
     398
     263
     226
     198
     193
     200
     211
     186
     192
     190
     171
     205
     180
     205
     189
     179
     192
     166
     164
     156
     189
     180
     198
     183
     193
     178
     182
     195
     194
     168
     205
     188
     175
     173
     183
     171
     200
     186
     174
     201
     185
     188
     216
     226
     276
     356
     356
     394
     450
     440
     344
     249
     226
     180
     184
     184
     188
     160
     175
     184
     234
     279
     245
     212
     189
     182
     174
     154
     173
     165
     160
     190
     180
     188
     226
     225
     194
     195
     183
     175
     177
     164
     160
     180
     207
     218
     240
     284
     284
     259
     230
     244
     239
     216
     155
     192
     156
     178
     166
     154
     174
     176
     158
     177
     182
     165
     168
     172
     160
     187
     176
     190
     194
     196
     153
     193
     201
     172
     167
     206
     174
     172
     186
     178
     174
     158
     147
     200
     178
     163
     160
     169
     175
     171
     165
     168
     195
     177
     184
     189
     178
     179
     182
     162
     166
     167
     178
     185
     177
     167
     183
     175
     175
     177
     169
     187
     180
     172
     172
     164
     174
     171
     162
     160
     171
     176
     165
     177
     163
     181
     171
     190
     211
     214
     185
     187
     149
     180
     179
     164
     179
     190
     193
     167
     169
     162
     177
     174
     164
     181
     177
     169
     171
     175
     184
     161
     152
     167
     160
     176
     174
     166
     176
     173
     146
     165
     176
     173
     167
     184
     184
     158
     159
     172
     147
     201
     173
     187
     173
     159
     161
     148
     185
     170
     179
     180
     178
     175
     136
     168
     168
     185
     159
     176
     185
     179
     171
     170
     185
     192
     180
     173
     167
     170
     170
     198
     159
     165
     161
     171
     162
     178
     152
     186
     144
     156
     177
     160
     172
     175
     165
     162
     189
     164
     171
     163
     155
     193
     171
     174
     169
     194
     164
     155
     154
     192
     166
     179
     179
     171
     150
     165
     167
     175
     164
     187
     162
     185
     186
     171
     167
     172
     162
     172
     152
     148
     179
     151
     156
     179
     171
     145
     163
     178
     153
     175
     165
     172
     177
     168
     136
     156
     172
     166
     193
     173
     188
     150
     152
     159
     177
     157
     167
     164
     162
     164
     147
     159
     175
     178
     173
     186
     170
     157
     157
     167
     182
     177
     158
     189
     135
     150
     161
     164
     186
     157
     175
     170
     209
     246
     306
     274
     240
     203
     184
     187
     155
     164
     152
     142
     170
     172
     162
     162
     161
     173
     167
     157
     164
     165
     144
     155
     184
     169
     141
     150
     147
     159
     165
     153
     112
     176
     142
     151
     171
     142
     146
     173
     166
     163
     172
     137
     127
     167
     145
     158
     143
     153
     155
     139
     135
     123
     157
     178
     156
     148
     151
     158
     144
     162
     149
     161
     155
     144
     174
     134
     139
     164
     156
     152
     157
     154
     149
     160
     152
     142
     139
     146
     146
     141
     147
     141
     137
     144
     149
     183
     149
     154
     138
     146
     167
     140
     141
     151
     148
     148
     161
     151
     175
     188
     197
     196
     209
     200
     162
     144
     151
     125
     135
     125
     158
     143
     144
     163
     150
     131
     160
     128
     112
     150
     148
     139
     133
     152
     147
     153
     133
     133
     128
     147
     156
     145
     150
     137
     142
     144
     113
     144
     117
     128
     149
     113
     138
     142
     138
     133
     140
     149
     141
     126
     118
     142
     150
     127
     128
     128
     132
     121
     156
     143
     153
     148
     123
     124
     153
     140
     130
     121
     137
     139
     113
     139
     132
     133
     123
     122
     132
     150
     130
     152
     145
     147
     143
     137
     128
     128
     115
     137
     132
     127
     103
     132
     128
     132
     134
     129
     121
     133
     139
     122
     123
     120
     131
     140
     143
     138
     113
     137
     115
     151
     155
     167
     226
     297
     480
     623
     682
     576
     487
     309
     185
     126
     133
     114
     122
     129
     110
     126
     122
     131
     127
     110
     140
     133
     119
     127
     127
     135
     131
     132
     146
     114
     101
     114
     126
     106
     118
     112
      89
     125
     131
     141
     118
     110
     121
     116
     108
     118
     152
     137
     109
     112
     123
     127
      84
     115
     113
     114
     131
     122
     115
     101
      95
     122
     116
     109
     102
     128
     125
     134
     114
     118
     112
     101
     116
     139
     120
     107
     137
     112
     113
     119
     109
     132
     126
     106
     110
     102
     120
     113
      97
     131
     115
     143
     111
     106
     100
     109
     120
     117
     103
     114
      90
     110
     130
     138
     166
     169
     169
     139
     128
     110
     117
     125
      91
      90
     114
     111
      95
      92
      92
      90
     119
     101
     106
     112
     112
     113
     136
     110
     121
     105
     120
      96
     106
     112
     114
      95
     103
     110
     116
      88
     108
     107
     107
     105
     116
     104
     101
      99
     123
     107
      87
      97
     103
      89
     104
     116
     114
      90
     124
     101
      96
     100
     113
      88
     120
     113
      90
     105
     105
     102
     116
     100
     106
     123
      96
     109
      95
      92
     109
     109
      87
     105
     113
     114
     103
     102
      81
      98
     103
     103
     100
      88
      89
     125
      89
      96
     100
      82
     111
     101
     106
      95
     101
      82
      91
     105
      96
     105
     105
      89
     116
      90
     105
      74
      82
      84
      85
      99
     101
      93
      94
      97
      81
     103
     100
     108
      99
     105
      92
     105
     104
     101
     107
      89
      98
      96
      92
      88
      85
      72
     102
      98
      84
      91
     113
      90
     102
      79
      93
      81
      79
     100
      72
      85
      99
      90
      72
      97
      98
      90
     121
      94
      97
      88
      94
     111
     102
      95
      70
      92
      90
      91
     103
     142
     145
     157
     197
     151
     129
      97
      94
      76
      95
      90
     103
      90
      93
     108
      74
     108
      78
     104
     104
     100
      89
      91
      87
      78
      78
      88
      79
      98
      91
      74
      80
      88
      94
      76
      80
      87
      75
      84
      84
      70
      60
      69
      97
      80
      70
      84
      94
      97
      75
      64
      87
      81
      79
      82
      64
      84
      70
      68
      82
      84
      84
      89
      80
      63
      86
      82
      74
      65
      87
      82
      80
      92
      82
      72
      73
      85
      92
      87
      75
      83
      83
      73
      79
      78
      84
      85
      90
      72
      79
      71
      91
      84
      74
      64
      84
      70
      73
      87
      85
      75
      89
      72
      81
      76
      70
      63
      74
      91
      68
      84
      85
      78
      72
      70
      75
      71
      92
      79
      68
      64
      76
      89
      76
      80
      91
      66
      70
      84
      78
      67
      60
      73
      79
      69
      68
      92
      74
      73
      75
      89
      81
      74
      72
      90
      83
      70
      76
      72
      67
      69
      67
      65
      71
      60
      72
      71
      65
      73
      80
      74
      74
      80
      79
      79
      86
      72
      91
      76
      67
      59
      70
      70
      70
      73
      69
      73
      54
      64
      78
      73
      71
      54
      60
      60
      53
      55
      70
      82
      84
      80
      61
      59
      62
      71
      67
      67
      60
      64
      75
      76
      64
      88
      83
      60
      70
      68
      71
      48
      59
      51
      79
      68
      72
      70
      81
      56
      73
      60
      70
      60
      71
      74
      78
      74
      54
      71
      51
      75
      61
      71
      71
      66
      66
      72
      73
      82
      65
      51
      63
      59
      60
      72
      73
      61
      56
      57
      50
      71
      73
      68
      57
      65
      69
      62
      73
      53
      59
      61
      63
      85
      67
      66
      63
      67
      78
      67
      55
      72
      71
      63
      62
      72
      66
      79
      79
      61
      62
      66
      51
      62
      59
      61
      69
      66
      56
      64
      79
      82
      59
      71
      77
      77
      80
      91
      65
      64
      60
      70
      61
      57
      64
      64
      50
      54
      52
      66
      69
      69
      69
      57
      65
      64
      64
      65
      64
      62
      52
      70
      66
      59
      72
      58
      49
      69
      57
      59
      64
      54
      64
      52
      57
      56
      63
      52
      56
      48
      54
      55
      57
      48
      50
      59
      55
      67
      59
      62
      68
      60
      56
      70
      58
      68
      53
      46
      64
      37
      53
      50
      57
      56
      66
      56
      63
      59
      57
      59
      50
      74
      75
      62
      63
      50
      62
      60
      62
      47
      62
      58
      68
      64
      54
      58
      65
      49
      58
      49
      53
      53
      51
      55
      56
      57
      59
      57
      53
      48
      73
      65
      45
      55
      54
      53
      55
      54
      50
      46
      59
      50
      62
      62
      52
      54
      70
      56
      52
      73
      58
      63
      46
      63
      46
      43
      44
      46
      49
      63
      53
      51
      46
      63
      42
      52
      60
      59
      48
      58
      54
      52
      36
      39
      55
      43
      60
      56
      56
      46
      57
      50
      56
      47
      53
      47
      49
      58
      49
      57
      57
      58
      55
      42
      59
      68
      49
      51
      64
      54
      50
      44
      45
      62
      61
      38
      55
      48
      48
      50
      57
      44
      56
      61
      47
      45
      42
      51
      35
      60
      59
      54
      57
      48
      47
      37
      53
      38
      51
      43
      46
      51
      60
      56
      42
      56
      39
      63
      53
      54
      44
      60
      59
      56
      64
      59
      63
      72
      59
      54
      66
      56
      51
      58
      51
      50
      40
      35
      42
      59
      50
      42
      42
      54
      49
      50
      46
      44
      46
      44
      56
      53
      55
      46
      56
      61
      45
      48
      40
      31
      47
      43
      47
      43
      58
      46
      53
      47
      53
      37
      53
      63
      46
      52
      42
      52
      42
      39
      46
      46
      43
      47
      51
      53
      38
      51
      47
      31
      54
      47
      51
      51
      63
      58
      76
      77
      82
      71
      66
      52
      58
      69
      45
      44
      53
      46
      47
      38
      43
      42
      42
      40
      51
      63
      50
      43
      42
      36
      38
      53
      39
      57
      46
      50
      47
      42
      51
      35
      39
      36
      43
      48
      53
      56
      36
      42
      43
      57
      53
      46
      42
      44
      48
      24
      56
      40
      43
      60
      41
      51
      41
      43
      32
      44
      51
      28
      52
      38
      50
      45
      45
      40
      41
      47
      43
      43
      47
      38
      32
      58
      44
      41
      32
      47
      37
      40
      44
      37
      39
      44
      50
      41
      45
      48
      52
      51
      34
      41
      40
      44
      46
      42
      45
      38
      40
      43
      34
      44
      41
      34
      37
      35
      40
      43
      54
      43
      57
      35
      34
      36
      43
      46
      48
      46
      39
      34
      38
      31
      47
      43
      29
      40
      37
      33
      40
      49
      37
      35
      33
      52
      39
      56
      39
      34
      45
      48
      46
      44
      40
      48
      43
      43
      36
      42
      43
      45
      51
      44
      57
      45
      39
      34
      39
      42
      55
      44
      47
      49
      30
      43
      47
      46
      40
      31
      42
      40
      39
      43
      43
      47
      48
      46
      50
      43
      45
      29
      37
      34
      45
      48
      34
      43
      42
      40
      38
      33
      39
      38
      40
      34
      39
      33
      30
      40
      44
      43
      33
      40
      35
      42
      45
      40
      39
      28
      38
      32
      44
      36
      39
      35
      37
      38
      37
      30
      47
      34
      26
      32
      36
      34
      41
      29
      39
      28
      36
      52
      40
      28
      55
      46
      39
      30
      35
      37
      42
      52
      51
      24
      29
      37
      28
      38
      43
      36
      36
      37
      48
      33
      40
      29
      47
      48
      31
      49
      31
      43
      36
      35
      35
      32
      35
      52
      34
      28
      38
      39
      43
      38
      41
      41
      36
      30
      48
      29
      31
      36
      40
      33
      29
      32
      38
      37
      32
      37
      39
      39
      39
      26
      54
      41
      47
      40
      42
      52
      30
      32
      40
      49
      34
      30
      40
      43
      37
      28
      38
      36
      35
      36
      31
      43
      35
      45
      32
      45
      36
      32
      38
      42
      34
      38
      32
      39
      36
      31
      56
      34
      29
      30
      28
      35
      29
      39
      29
      31
      32
      34
      28
      29
      30
      36
      34
      39
      37
      39
      41
      38
      32
      35
      26
      35
      39
      44
      27
      27
      36
      32
      39
      27
      32
      28
      44
      40
      38
      44
      30
      33
      27
      28
      28
      45
      31
      39
      42
      22
      39
      28
      31
      33
      33
      32
      37
      43
      31
      30
      33
      33
      37
      27
      42
      31
      40
      35
      31
      35
      36
      43
      40
      31
      37
      32
      29
      31
      27
      45
      40
      31
      27
      26
      36
      26
      31
      36
      27
      35
      44
      54
      29
      46
      40
      42
      35
      37
      43
      36
      41
      33
      22
      35
      37
      42
      23
      31
      38
      31
      30
      31
      39
      30
      38
      42
      35
      31
      44
      37
      37
      32
      31
      33
      35
      37
      38
      32
      38
      35
      19
      23
      27
      34
      32
      33
      27
      41
      27
      36
      37
      37
      29
      27
      35
      28
      32
      27
      25
      30
      32
      32
      28
      30
      36
      29
      36
      37
      22
      27
      22
      28
      32
      34
      36
      34
      26
      23
      33
      26
      37
      24
      22
      27
      31
      31
      29
      35
      38
      22
      37
      29
      37
      28
      27
      32
      31
      43
      27
      26
      35
      26
      33
      24
      34
      24
      29
      31
      30
      27
      27
      38
      29
      21
      30
      28
      33
      28
      25
      42
      30
      29
      30
      27
      33
      32
      32
      34
      27
      26
      23
      23
      26
      26
      26
      37
      36
      32
      34
      25
      32
      29
      33
      29
      31
      26
      26
      26
      24
      43
      31
      38
      38
      35
      32
      26
      31
      29
      29
      26
      21
      30
      31
      30
      28
      42
      24
      27
      35
      35
      25
      27
      31
      25
      32
      34
      32
      36
      32
      37
      26
      39
      26
      29
      32
      20
      34
      33
      21
      34
      30
      24
      37
      27
      19
      21
      20
      34
      28
      35
      28
      29
      31
      23
      23
      29
      34
      32
      25
      32
      28
      22
      31
      33
      27
      29
      34
      27
      32
      27
      28
      25
      33
      31
      30
      31
      24
      37
      27
      39
      26
      32
      27
      26
      40
      24
      24
      19
      29
      24
      30
      17
      29
      27
      16
      33
      14
      25
      30
      34
      28
      33
      28
      35
      27
      42
      25
      35
      17
      26
      21
      27
      21
      26
      30
      29
      32
      28
      19
      32
      27
      32
      30
      22
      33
      29
      23
      28
      34
      26
      26
      22
      30
      28
      21
      37
      26
      28
      27
      29
      27
      23
      28
      33
      23
      28
      27
      38
      21
      31
      33
      34
      17
      22
      27
      27
      26
      23
      31
      21
      20
      24
      22
      37
      35
      25
      31
      28
      24
      18
      30
      26
      32
      32
      27
      25
      28
      30
      21
      18
      32
      16
      22
      32
      24
      30
      28
      30
      28
      25
      38
      28
      26
      34
      22
      30
      24
      32
      19
      32
      26
      33
      15
      28
      21
      27
      30
      22
      28
      37
      33
      38
      31
      30
      34
      29
      32
      29
      36
      35
      41
      28
      23
      29
      23
      32
      31
      26
      23
      34
      28
      35
      30
      30
      37
      30
      38
      31
      38
      41
      49
      68
      67
      70
      71
      75
      91
      81
      81
      72
      65
      75
      50
      69
      48
      48
      44
      37
      38
      40
      30
      28
      20
      35
      27
      28
      17
      31
      28
      18
      29
      18
      31
      21
      26
      25
      39
      36
      23
      26
      26
      32
      17
      16
      24
      24
      36
      22
      25
      22
      17
      17
      35
      27
      33
      19
      22
      26
      19
      25
      28
      21
      21
      31
      28
      18
      24
      31
      16
      20
      21
      22
      24
      14
      26
      33
      25
      30
      29
      18
      26
      33
      16
      30
      27
      29
      22
      21
      25
      22
      19
      30
      22
      18
      21
      33
      28
      24
      21
      17
      28
      29
      30
      36
      23
      20
      25
      30
      17
      28
      18
      22
      32
      22
      32
      21
      17
      22
      31
      34
      15
      27
      30
      20
      30
      25
      26
      22
      23
      20
      27
      27
      27
      23
      24
      25
      18
      24
      16
      19
      20
      26
      26
      29
      27
      27
      23
      28
      31
      33
      26
      32
      33
      18
      22
      17
      41
      22
      21
      28
      27
      27
      26
      34
      29
      17
      32
      19
      27
      22
      23
      26
      26
      29
      34
      31
      16
      22
      18
      23
      20
      30
      27
      25
      16
      23
      28
      24
      28
      27
      29
      24
      19
      26
      31
      20
      25
      20
      23
      29
      27
      28
      17
      25
      24
      25
      37
      23
      24
      23
      19
      31
      28
      18
      28
      18
      29
      26
      25
      24
      23
      20
      26
      17
      25
      23
      26
      19
      25
      18
      19
      22
      25
      26
      28
      18
      27
      23
      19
      28
      29
      20
      24
      29
      27
      23
      25
      26
      22
      21
      31
      29
      21
      24
      22
      31
      29
      19
      28
      28
      32
      12
      33
      31
      20
      23
      27
      24
      16
      23
      24
      23
      27
      23
      23
      23
      28
      20
      25
      21
      31
      26
      28
      29
      28
      21
      27
      26
      26
      24
      25
      27
      27
      14
      29
      21
      20
      19
      27
      18
      21
      23
      20
      30
      25
      27
      15
      20
      20
      27
      27
      21
      23
      19
      24
      19
      24
      24
      24
      25
      27
      19
      26
      20
      26
      24
      21
      16
      29
      26
      24
      22
      24
      18
      17
      23
      26
      24
      22
      25
      26
      27
      19
      20
      22
      20
      16
      21
      21
      24
      18
      21
      21
      21
      26
      21
      21
      20
      22
      21
      22
      18
      30
      24
      23
      30
      30
      17
      30
      22
      32
      25
      25
      31
      33
      39
      53
      41
      32
      40
      36
      26
      37
      24
      23
      22
      32
      22
      21
      17
      28
      25
      21
      19
      22
      22
      28
      21
      18
      14
      14
      22
      17
      19
      18
      26
      28
      16
      26
      19
      22
      35
      26
      13
      29
      21
      22
      25
      17
      19
      25
      19
      25
      19
      20
      25
      15
      19
      19
      22
      19
      28
      22
      27
      29
      18
      18
      19
      17
      19
      19
      18
      19
      19
      23
      27
      22
      16
      19
      14
      21
      17
      22
      25
      24
      22
      21
      19
      22
      18
      24
      14
      21
      19
      23
      24
      21
      19
      20
      18
      20
      31
      25
      24
      21
      17
      20
      17
      28
      25
      20
      21
      20
      15
      21
      21
      16
      18
      20
      24
      23
      17
      15
      16
      19
      30
      24
      14
      22
      20
      23
      17
      23
      30
      27
      36
      30
      39
      44
      41
      48
      46
      43
      50
      43
      32
      40
      30
      17
      17
      30
      18
      18
      25
      22
      24
      16
      28
      22
      22
      15
      18
      25
      20
      28
      28
      35
      31
      22
      20
      21
      17
      31
      23
      20
      24
      15
      21
      18
      24
      15
      24
      14
      31
      25
      30
      19
      17
      20
      18
      18
      24
      17
      18
      16
      19
      14
      19
      15
      17
      28
      28
      20
      16
      17
      22
      31
      34
      24
      18
      14
      25
      18
      20
      17
      22
      27
      15
      10
      19
      17
      30
      16
      19
      15
      18
      14
      20
      11
      11
      16
      15
      13
      18
      15
      19
      21
      25
      16
      23
      19
      19
      16
      13
      21
      17
      25
      14
      23
      26
      24
      21
      18
      14
      20
      30
      20
      17
      16
      16
      21
      19
      20
      15
      26
      18
      14
      14
      14
      18
      13
      24
      26
      15
      20
      17
      19
      16
      20
      15
      14
      20
      11
      18
      23
      23
      19
      22
      20
      23
      17
      18
      14
      15
      20
      23
      28
      19
      15
      15
      20
      16
      14
      13
      26
      22
      21
      14
      13
      20
      18
      21
      26
      20
      14
      22
      21
      16
      18
      17
      16
      17
      20
      27
      24
      22
      23
      17
      22
      22
      13
      24
      18
      17
      25
      17
      13
      21
      16
      29
      17
      15
      19
      15
      16
      14
      16
      18
      17
      21
      14
      26
      25
      18
      15
      23
      17
      22
      18
      21
      22
      20
      16
      24
      19
      16
      16
      22
      17
      24
      20
      14
      22
      22
      16
      23
      13
      16
      17
      15
      18
      21
      17
      24
      19
      17
      22
      25
      17
      19
      17
      17
      20
      16
      23
      19
      20
      20
      24
      21
      15
      26
      22
      21
      16
      17
      20
      19
      15
      29
      17
      30
      23
      17
      24
      23
      16
      17
      12
      26
      16
       9
      22
      13
      20
      22
      23
      18
      17
      29
      22
      12
      23
      20
      18
      16
      19
      20
      24
      16
      16
      16
      10
       9
      24
      13
      18
      20
      17
      14
      16
      17
      15
      23
      17
       9
      26
      32
      20
      19
      26
      22
      15
      22
      20
      19
      17
      19
      19
      16
      16
      17
      13
      15
      23
      14
      14
      17
      15
      20
      19
      22
      15
      10
      19
      20
       7
      16
      19
      21
      17
      21
      14
      15
      21
      18
      17
      12
      13
      20
      18
      15
      13
      21
      14
      15
      15
      19
      23
      18
      14
      21
      10
      18
      14
      17
      22
      23
      19
      17
      18
      12
      15
      13
      15
      15
      28
      18
      27
      20
      18
      14
      17
      18
      26
      15
      15
      20
      24
      22
      14
      12
      13
      18
      16
      22
      13
      17
      10
      17
      17
       9
      20
      22
      25
      12
      17
      18
      16
      18
      15
      12
      11
      22
      25
      15
      26
      10
      18
      13
      16
      17
      18
      11
      14
      19
      16
      13
      14
      17
      16
      13
      17
      23
      22
      14
      22
      18
      24
      14
      14
      19
      14
      16
      27
       5
      21
      17
      14
      19
      14
      16
      18
      20
      16
      17
      15
      13
      20
      13
      17
      12
      14
      14
      20
      24
      15
      24
      18
      18
      17
      13
      22
      16
      17
      23
      12
      14
      13
      17
      18
      24
      23
      13
      22
      17
      27
      17
      19
      16
      15
      17
      22
      18
      19
      14
      16
      16
      19
      14
      17
      19
      10
      15
      13
      11
      15
      27
      15
      19
      14
      18
      21
      13
      16
      11
      16
      21
      21
      11
      21
      19
      18
       7
      11
      13
      21
      16
      12
      10
      18
      18
      15
      16
      21
      16
      14
      11
      21
       9
      16
      13
      13
      23
      17
      17
      11
      13
      12
      17
      15
      15
      16
      22
      14
      20
      17
      15
      22
      17
      14
      15
      24
      21
      18
      11
      19
      19
      23
      22
      20
      19
      21
      19
      23
      23
      15
      18
      19
      25
      19
      27
      10
      14
      19
      19
      15
      13
      20
      20
      23
      26
      19
      17
      19
      15
      28
      25
      27
      14
      18
      19
      20
      19
      17
      13
      10
      15
      18
      15
      17
       9
      23
      16
      11
      25
      19
      19
      17
      13
      13
      13
      15
      16
      13
      10
      12
      12
      20
       9
      10
      10
      15
      13
      16
      16
      17
      20
       9
      14
      13
      14
      15
      16
      15
      18
      14
      16
      11
      21
      17
      21
      14
      16
      15
      14
      18
      12
      10
      14
      14
      14
      13
      14
      11
      15
      10
      19
      15
      10
      23
      21
      11
      16
      18
      21
      12
      16
      12
      21
      15
      17
      13
      18
       8
      11
      16
      10
       7
      16
      18
      11
      18
      15
      16
      14
      16
      14
      10
      15
      16
      14
      19
      20
      16
      16
      15
      16
      17
      15
      16
      13
      23
      13
      18
      16
      18
      20
      15
      11
      19
      13
      22
      16
      13
      22
      16
      14
      12
      14
      14
      11
      17
      18
      18
      16
      15
      17
      13
      19
      21
      14
      15
      12
      16
      12
      11
       9
      11
      14
      13
      21
      14
      15
      18
      17
      17
      17
      17
      18
      11
      13
      11
      12
      16
      17
      12
      20
      24
      10
      14
      11
      17
      10
       9
      21
      13
      15
      10
      15
      16
      13
      11
      12
      11
      13
      13
      16
      11
      14
      19
      17
      15
      25
      14
      11
      14
      24
      14
      17
      21
      16
      16
      13
      12
      13
      24
      16
      20
      16
      22
      18
      11
      13
      16
      14
      11
      13
      13
      13
      15
      25
      15
      11
      13
      13
      22
      18
      14
      21
      10
      20
      17
      11
      20
      10
      14
      19
      15
      12
       8
      17
      11
      18
      17
      12
      13
      18
      12
      23
      17
      14
      19
      15
      13
      14
      24
      12
      14
      13
       9
      12
      14
      18
      17
      11
      10
      18
       8
      14
      16
      12
      10
      19
      15
      13
       9
      12
      17
      13
       7
      20
      14
      12
      20
      13
      15
      15
      14
      12
      21
      12
      16
      16
      12
      16
      21
      12
      11
      15
      18
      10
      16
       7
      23
      11
       9
       9
      13
      14
      25
      12
      12
      16
      22
      20
      16
      14
      14
      13
       7
      14
      13
      10
      13
      17
      19
      13
      14
       8
      13
      19
      14
      20
      17
      22
      16
      11
      17
      14
      15
      12
      11
      18
      14
      22
      11
      18
      12
      15
      11
      17
      15
      15
      14
      15
      15
      19
      12
       8
      11
      15
       9
      12
      15
      12
      17
       8
      18
      13
      15
      10
      14
      16
      22
      17
       7
      13
      10
      23
      15
       9
      10
      18
      11
      15
      14
      17
      13
       8
       6
      13
      19
      12
      15
      15
       8
      13
      16
       9
      12
      13
      12
      27
      17
      18
      12
      20
      11
      15
       9
      12
      17
      16
      12
      10
      25
      19
      23
      16
      25
      42
      39
      31
      26
      42
      29
      36
      22
      24
      24
      16
      13
       7
      14
      12
       8
      10
       8
      16
      13
      10
      12
       6
      13
       7
      20
       9
      20
      11
      12
      12
      13
      14
      23
      10
      10
       8
      14
      16
      18
      13
      15
       8
       7
      13
      11
      14
      15
       8
      15
      17
      10
      15
      11
      11
      13
      15
      13
      10
       6
      15
      12
      18
      13
      13
      13
      11
      11
      13
      15
      12
      15
       7
      12
      15
       7
      16
      18
      12
       8
       8
      13
       8
      16
       9
       7
      17
      14
      11
      15
      10
      13
       8
      14
      21
       8
      12
      12
      19
      19
      10
      10
      18
      19
      19
      11
      14
      12
      11
       9
      20
      11
       9
      15
      11
      10
      12
      13
      11
      16
      18
      13
       7
      14
      10
      15
      13
      22
      10
       8
      11
      16
      13
      19
      10
      10
      14
      10
      12
      16
      11
      16
      15
      14
      11
      13
      14
      19
      21
      18
      21
      15
      14
      12
      15
      15
       8
      16
       9
      10
      10
      11
       9
      15
      19
      10
      15
      12
      15
      11
       8
      15
      14
       9
      14
      13
      20
       8
      20
      15
      13
      15
       9
      14
       9
      14
       8
      14
      16
      18
      14
      14
      12
      18
       9
       8
      14
      17
       9
      12
      11
      13
      17
      18
      12
      11
      15
       6
      17
      11
      13
      13
      13
      10
      13
      13
      18
      13
       6
      19
      10
      11
      11
      11
      13
      16
       8
      14
      10
      12
      11
       5
      11
       8
      12
      12
      19
      11
      18
      13
      13
      10
      13
      10
       5
       8
       8
       9
      16
      13
      15
       9
      12
      15
      15
      12
      23
       8
      13
      10
      11
      11
      21
      10
       9
      16
       8
      12
       8
      14
       9
      13
       7
      11
      16
      11
      12
      14
      14
      14
      11
      15
       4
      18
      13
       9
      10
      16
      10
      11
      16
      15
      10
      15
      15
      12
       8
       9
       9
       9
       8
      16
      12
      10
      12
      20
      13
      12
      13
       7
       7
       9
      15
      11
      11
      14
       8
       9
      18
      10
      10
       9
       7
      11
      17
       7
      14
       9
      10
       9
      12
      15
      14
       8
      20
      14
      20
      14
      10
      17
      11
      13
      10
      16
      11
       7
       9
      11
      14
      10
       8
      11
      11
      17
      13
      16
      13
       8
      14
       7
      17
       4
      10
       3
       9
      10
      12
      11
      11
       8
      14
      10
      15
       7
      12
       7
      11
      12
      18
      13
      10
      12
      13
       7
      10
      18
      10
      14
      15
      14
      13
      16
      18
      11
      13
      12
      18
      15
      10
       3
       9
      17
       7
      11
      11
       9
      11
      14
      12
      21
      12
      12
      13
      10
      13
       9
       8
      12
      15
      14
      22
      14
      18
      12
       8
      15
      12
       9
       8
      10
      12
       9
      10
       5
      10
      13
      18
      12
      14
      19
      10
      11
       8
      13
       8
      10
      11
      15
       9
       6
      15
      15
      13
      12
      17
      10
       6
      13
      10
       8
      15
      14
      15
      11
       9
      10
      11
      10
      18
       8
      18
      16
      15
       8
      20
      12
       8
      11
      12
       6
      12
      17
      15
       6
      12
      15
       8
      12
      12
      15
      16
      16
      12
       6
      14
       5
       9
      18
      12
      12
      19
       4
      13
      13
      10
      19
      19
      10
      19
      15
      15
      23
      23
      16
      24
      24
      19
      26
      24
      29
      29
      16
      22
      22
      18
      17
      10
       9
      12
      13
       9
      12
       6
       8
      11
       6
      14
      10
      11
      10
      11
      15
      15
      10
       7
      10
       7
       9
       8
      11
      13
      12
      13
       5
      13
      19
      11
       8
       8
      19
      13
      13
      10
      13
      14
      16
       8
      14
      10
       5
       9
      10
      10
      16
      13
      16
      16
      13
      10
      14
      11
      16
       9
      13
       8
      10
       9
       9
       9
       6
       7
       9
      10
       9
      14
       7
      15
      15
      12
      11
      10
      14
       9
       8
       7
      14
       8
      13
      14
      19
      11
       7
      12
       6
       9
       9
      14
      22
      14
      14
       8
      14
      14
       7
       5
      13
      12
      14
      11
      13
      12
      12
      14
      12
      14
      14
       8
      11
      10
      12
      11
      14
      14
      12
       9
      11
      14
      14
      12
      11
      14
      13
      19
      10
      17
      15
      10
      18
      14
      13
       9
      15
      15
      13
      10
      21
      11
       6
      12
      11
      11
       8
       9
      10
      11
       9
       8
      10
      15
      13
      16
       8
       9
      15
      14
      16
       9
      11
       7
       9
      11
      13
      14
      16
       1
      12
      16
      14
       3
       9
      11
      14
      14
      10
      21
      12
       6
      15
      13
       8
      18
      15
      15
      11
      13
      10
       8
       8
       6
       5
       3
       7
      11
      12
      18
       8
       9
      11
       6
      18
       7
      10
       7
      14
       5
      13
      11
      16
      10
      12
      16
      12
      16
       6
      14
      11
       7
      11
      11
       8
       8
      12
      15
       6
      11
      12
       7
      18
      15
      13
       8
      20
      12
      11
      10
       9
       9
       6
      10
      15
      15
      15
      12
       6
      16
       4
      17
       6
      12
      17
      18
      15
       9
       7
      19
      14
      14
      11
      16
      16
      12
      15
      21
      20
      13
      19
       7
       9
      19
      12
      12
       9
      16
       6
      12
      13
      13
      15
      10
      20
      20
      22
      11
      26
      32
      21
      16
      15
      14
      12
      10
       8
       9
      10
       6
       9
      12
      10
      10
      10
      12
      19
       7
       9
      10
       8
      15
      13
      11
       7
      10
       9
       8
      13
       9
      14
       6
      10
      12
      10
       7
       7
       5
      12
       8
      12
       8
      15
      10
      12
       9
      16
       8
      10
      11
      11
      16
      13
      19
      11
      13
       8
       8
       9
      13
      11
       6
       8
      14
      13
      15
      11
      11
      15
       5
       9
       3
       9
      12
      10
      17
       7
      11
      12
       7
      16
      12
       9
       9
      14
       9
      10
       7
      11
      17
      10
      13
      12
       6
      13
      12
      12
      10
      12
      11
      10
       6
      10
      15
      12
      13
       8
      11
      12
       8
       9
       8
       9
      15
       7
      14
      13
      10
      13
       4
      13
      10
       6
       7
       8
       6
      11
      11
       8
      11
      11
      12
      14
       8
       9
      12
      10
      13
      13
      10
       7
       7
       8
      17
      15
      13
       4
      15
      10
       9
       6
       7
       9
      10
      16
      11
       7
      12
      11
      12
      12
      17
      13
      12
      14
       9
      10
      10
      10
      13
      11
       7
      11
       6
       7
       8
       9
      15
       7
       7
      12
      10
      10
      19
      10
       7
      12
       9
      10
      12
       9
      10
      15
       8
       7
      12
       8
      16
      14
      10
      13
       9
      13
      12
       8
      10
      14
      14
      11
      13
       9
      11
      11
       8
       7
      11
       4
      10
      19
      13
      11
      15
       6
       9
       5
       7
       8
      11
       8
       8
      10
      12
      10
      10
      12
      11
       8
      13
       8
      12
       9
      16
       6
      12
       7
       7
       8
      13
       8
       7
      14
      17
      10
       9
       8
      10
      12
       6
       5
       7
       9
      13
       6
       7
       3
       5
       7
      12
      10
       8
       4
       8
       7
       9
       8
      13
       9
       6
       8
       6
      15
       7
      11
      11
       6
      11
       8
      12
      16
       3
       9
       9
      15
       9
       8
       7
       9
      10
       7
      13
      11
      12
       6
       7
       9
       9
       9
       5
      13
       9
      11
       6
      15
      15
       8
       6
       6
      10
      12
       8
      13
      10
      14
      10
       2
       9
      12
      12
       8
      10
      13
       6
      14
       4
      15
       6
      10
       6
      10
      10
       8
       7
      13
      13
       4
       9
      14
       6
       9
      10
       8
       7
      15
      12
      14
       6
       3
      15
      12
      10
       8
      13
      10
      12
       8
       5
      11
      11
      14
      18
      15
      10
      10
      11
       7
      17
      14
      13
       9
      10
       6
       8
       7
      10
       6
       8
      11
      10
      13
      13
       8
      14
      15
      13
       8
      12
      14
       9
       4
       6
      10
       7
      13
       9
      11
       6
       9
       9
      10
      11
      17
       7
       8
      11
      14
       8
       6
       8
       9
      15
      13
      10
       7
       9
       8
      11
      10
       7
      13
       8
      10
      11
       7
      15
       7
      10
      13
       7
       8
       6
      12
      10
       8
      11
      13
       8
      14
      19
      11
      14
       8
      12
       7
       4
      10
       7
      10
       5
      11
      15
       8
       4
       8
       7
      14
       9
       6
       5
       8
       9
       8
       8
       8
       8
      10
       9
       8
       7
       5
      10
       7
       8
       5
      10
       8
      12
       8
       9
       6
       8
      12
       8
      10
      13
      13
       5
       7
       5
      11
       4
       7
       6
       9
      10
       7
      11
       9
       9
       9
       5
      13
      10
       9
      12
      14
       9
       6
       6
       5
      10
       7
       9
       7
       9
      15
       8
       6
      12
      15
       9
       9
      10
       9
      12
       6
       9
       9
       9
      11
       6
       7
       6
      10
       8
      12
      12
       8
       4
      13
       6
       9
      17
      10
       8
       4
      18
       5
       7
      10
      11
      13
       7
      12
       6
      16
       9
       7
      11
      10
      21
       8
       5
      12
      11
      10
      12
      10
       5
       6
      10
       5
       6
       6
       8
      12
       9
      15
       8
       7
      11
       9
      15
       8
       7
       9
      14
      11
       8
       9
       9
       8
      10
       7
       8
      11
       6
       6
      14
      10
       7
       6
       6
      10
      13
       6
       5
      11
      10
      10
       9
       8
      10
       7
       8
       6
       9
      10
      11
       9
       8
       6
       7
       7
       5
      13
       8
       5
       6
      10
       9
       7
       7
      13
      10
      10
      10
       7
       8
      11
       7
      12
       8
       6
       5
      11
       8
      13
       8
      10
      16
      13
      14
       9
       7
       8
       9
      13
       6
       8
      18
       5
      12
      11
       9
       7
       9
      11
       8
       7
      10
       9
      14
       8
      10
       6
      13
       7
       2
      11
       9
       7
       5
       8
       7
       5
      14
      10
       5
       7
       9
       9
       9
      10
       9
       6
       7
       7
       8
       5
       8
       9
      11
      17
       7
      13
       8
       6
       7
       8
      16
       7
      15
       6
       7
      10
       9
       6
      13
      10
      12
      10
      11
       8
       8
      10
       7
      15
       4
       5
      13
       8
      11
       4
       9
      12
       8
       8
       9
       9
       6
      17
       9
       9
       5
      10
      16
      10
      16
       4
       8
       6
       8
      10
       8
      13
      17
      12
      15
       5
      17
      26
      27
      14
      19
      17
      14
      14
      20
      18
      17
       8
      12
      13
       5
      16
      13
       5
      10
      13
      18
       7
      10
       6
       7
       9
       7
       8
       9
       7
       7
      10
      14
       7
      14
       5
       9
       6
       6
       8
       8
      13
       9
       9
       7
       6
       6
       9
       6
       6
       5
       6
      14
       7
       6
      12
       5
       7
       6
       5
       7
       9
       6
       8
      12
       9
       7
       8
      12
       4
       6
       8
       9
      18
      10
       7
       8
       8
      10
       8
       6
       9
      12
      17
       4
       9
      16
      11
       8
       9
       7
      11
       4
       9
       8
       6
      10
       7
      14
      10
      11
       9
       6
      14
      14
      14
       9
       6
      11
      10
       9
       7
       9
      10
       7
      10
       2
       8
      11
      11
       9
       7
      11
       8
       5
      10
       9
       6
       9
       4
       6
       9
      15
      11
       6
      12
       8
       4
       9
       9
      11
       8
       8
       6
      12
      13
       6
       9
       8
       8
       9
       6
      12
      17
       6
       9
       5
      12
      10
       8
      11
       7
       7
       8
       7
       9
      10
       7
       9
       8
       7
       6
      11
      11
       5
      12
       8
       9
      12
      11
       1
       9
       9
      14
       7
      11
       8
       7
      12
       8
      14
      12
       4
       8
       8
       8
       9
       8
       8
      10
       5
       3
      17
      10
      11
       8
       8
       9
       9
       3
       9
      16
      12
       9
       5
       3
       9
       9
      10
       7
       5
      17
       6
       5
       5
       6
      13
       8
       5
       9
       4
      11
      10
       7
       8
      12
       9
       5
       2
       7
      13
      10
       6
       9
       9
       8
       7
      10
       7
       6
       9
       3
      11
      12
       6
       7
      11
       8
      12
      10
       8
      11
      10
      11
      11
       7
      10
       8
       7
      10
       6
       9
       6
      10
      12
      14
      13
       8
      13
      16
       9
       3
       8
       5
      11
      12
      11
       7
       9
       5
       7
      11
      12
       7
       9
      15
       6
       5
      12
       9
       6
      11
       5
      12
       4
      10
       6
      11
       9
       9
       9
      10
      10
       6
       9
       8
       9
      13
       7
       8
       7
      10
       5
       9
      10
      15
       6
       7
      11
       7
       8
      14
       9
       4
       7
       8
       6
       8
       6
      10
       7
      13
       8
      10
       6
      17
      10
      11
      10
       4
       6
       9
      12
      11
      11
      11
       4
       6
       6
       8
       6
       4
      13
      11
      11
      14
       5
      13
       9
       9
       8
       7
      10
      12
      10
       5
       9
      14
       8
       7
      12
       9
      10
       9
      11
       5
       6
       8
       8
       5
      12
       8
       5
       9
       5
       8
       7
       6
       7
      12
       7
       9
       9
      11
       6
       8
      10
      13
      10
       5
      10
       9
       6
       8
      11
       2
       6
      11
       8
       6
      11
       9
       8
       9
      11
       7
       4
       9
       7
      10
       4
      13
       8
       6
       4
       8
       9
       5
       5
       7
       7
      17
       6
      12
       9
       7
       8
       4
       8
       6
       5
      11
      13
      13
       8
      10
       6
       4
      12
       5
       9
      10
       5
      11
       7
       7
      10
      10
       4
       5
       7
       7
      13
       9
      10
       7
      11
       6
       7
       8
       9
      12
      10
       2
      11
       6
       6
      10
       7
      10
      13
      12
      11
       3
      10
       9
       8
       9
       8
      10
      12
      10
       9
       6
      10
       6
       9
      10
       8
      10
       8
       7
      10
      13
      10
       5
      15
       1
       7
       8
       5
      13
       8
       5
       6
       6
       9
      13
       5
      10
       8
       8
      10
      12
       4
      10
       4
      12
       9
       7
       7
       9
       4
       4
      11
       9
       8
      16
      11
      13
       9
      13
      12
       8
       3
       7
      10
      13
       5
      10
       9
       8
      12
      12
       9
      10
      15
       7
      10
       9
       7
       8
      15
       8
       8
       8
      11
       5
      16
       6
      12
       8
       5
       6
       8
       4
       5
      11
       7
      10
       6
       6
       6
       6
      10
       7
       8
      12
       7
      14
       9
      11
       8
       7
       8
       9
       4
      11
      14
       8
       5
      11
       7
      17
      10
      11
      12
       6
       6
       8
       5
      10
       6
       5
       6
       9
       9
       5
       7
       8
       9
       6
       7
       6
       3
       9
       8
       6
      10
       8
       6
       7
      10
       6
       8
       8
       7
      11
       5
       5
       4
       4
      10
       6
       3
      11
       5
       8
       8
      13
       9
      10
       7
       4
       7
       4
       4
       6
       3
       6
       9
      10
       2
      11
       6
       8
       4
       6
       5
       2
       7
       3
       2
       8
       7
       8
       5
       9
       6
       8
       2
       3
       5
       7
      10
      12
       4
      10
       8
       7
       4
      14
      17
       5
       5
      10
       3
      11
       8
       4
       6
       3
       7
       8
      12
       8
       9
       4
       5
       6
       9
       7
      11
       4
       5
       3
       7
      11
       7
       5
       3
      12
       5
       4
       5
      10
       5
       5
       2
       7
       5
       9
       8
       8
      12
       9
       8
       9
       2
       5
       6
       3
       3
       8
       7
       7
      10
       4
       8
       5
       6
       6
       7
       5
       7
       9
       3
       8
       7
       5
       5
       6
      12
       6
       6
       7
       3
       7
       5
       7
       6
       8
       5
       6
       8
       7
       6
       3
       8
      14
       8
       2
       7
       8
       8
      10
       2
       6
       5
       2
       9
       8
       5
       3
       3
       6
       4
       9
       3
       7
       4
       4
       7
       1
       6
       6
       6
       6
       4
       7
       9
       7
       6
       6
       9
       9
       5
       4
       6
       8
       7
       8
       6
       9
       3
       5
       4
       5
       9
       4
       6
       5
       5
       4
       7
       4
       6
       5
       6
       5
       8
       6
       6
       5
       6
       4
       8
       0
       2
       9
       6
       5
       8
       2
       9
       3
       7
       8
       9
       7
       6
       7
       6
      10
       4
       4
       7
      11
       3
       9
       2
       9
       8
       2
       5
       2
       8
       4
       2
       3
       2
       5
       5
       6
       3
       7
       5
       7
       7
       3
       8
       4
       6
       6
       2
       5
       6
       4
       4
       8
      11
       4
       5
       9
       8
       4
       9
       4
       5
       7
       7
       5
       7
       9
       1
       8
       5
       7
       4
       3
       8
       5
       6
       8
       5
       8
       6
       6
       4
       5
       4
      10
       3
       4
       5
       5
       5
       5
       5
       4
       4
       4
      10
       5
       4
       4
       8
       3
       7
       2
       5
       3
       3
       7
      11
       5
       3
       6
       5
       6
      10
       3
       3
       1
       8
       8
       2
       3
       6
      10
       7
       7
       5
       5
       8
       5
       7
       1
       4
       2
       4
       7
       6
       4
       1
       3
       6
       8
       2
       4
       4
       4
       5
       5
       8
       2
       3
       4
       6
       4
       8
       3
       6
       4
       7
       5
       6
       7
       5
       5
       3
       4
       9
       4
       5
       5
       1
       7
       6
       5
       4
       4
       6
       4
       7
       8
       3
       7
       3
       0
       7
       5
       5
       3
       3
       9
       3
       3
       5
       8
       2
       3
       7
       8
       7
       7
       3
       3
       4
       4
       1
       6
       7
       4
       5
       7
       4
       6
       6
       7
       5
       4
       9
       7
       6
       8
       1
       7
       5
       4
       7
       5
       7
       8
       7
       6
       4
       8
       5
       6
      10
       2
       9
       6
       5
      15
       6
       8
       8
      10
       6
       4
       7
       6
       6
       5
       6
       6
       2
       8
       1
       4
       3
       3
       8
       2
       5
       6
       7
       3
       3
       5
       1
       3
       4
       5
       2
       5
       7
       5
       4
       7
       5
       7
       2
       4
       0
       7
       8
       5
       4
       2
       6
       6
       6
       5
       6
       7
       7
       3
       4
       4
       3
       7
       6
       4
       3
       7
       3
       3
       5
       3
       5
       4
      10
       5
       3
       3
       3
       6
       8
       6
       7
       5
       1
       5
       7
       8
       6
       4
       7
       6
       2
       7
       4
       3
       7
       2
       7
       5
       4
       3
       0
      12
       7
       7
       5
       4
       7
       5
       0
       4
       7
       1
       4
       3
       5
       6
       3
       5
       5
       4
       5
       6
       3
       5
       5
       6
       8
       7
       3
       5
       6
       9
       6
       5
       3
       3
       3
       7
       6
       4
       4
       4
       5
       5
       4
       4
       3
       4
       3
      10
       4
       5
       0
       3
       3
       3
       5
       5
       7
       7
       7
       8
       6
       3
       2
       0
       4
       3
       5
       8
       4
       1
       2
       3
       4
       6
       4
       9
       5
       6
       6
       1
       6
       5
       2
       2
       4
       5
       2
       6
       5
       3
       6
       7
       2
       1
       6
       1
       4
       5
       6
       5
       2
       6
       7
       5
       2
       5
       6
       5
       5
       4
       8
       1
       5
       1
       4
       2
       3
       9
       8
       3
       4
       6
       5
       4
       7
       6
       7
       6
       6
       3
       4
       7
       5
      12
       8
       5
       4
       4
       3
       4
       2
       9
       2
       6
       4
       2
       2
       6
       7
      10
       5
       3
       6
       5
       4
       5
       1
       1
       2
       4
       4
       3
       2
       2
       3
       7
       3
       3
       2
       2
       4
       2
       7
       6
       5
       4
       6
       7
       5
       1
       4
       4
       7
       4
       6
       2
       2
       6
       3
       5
       3
       4
       3
       3
       2
       5
       3
       4
       6
       8
       4
       5
       3
       2
       6
       4
       3
       7
       5
       3
       6
       4
       2
       4
       4
       3
       3
       3
       4
       5
       3
       4
       1
       5
       3
       5
       4
       4
       2
       5
       3
       5
       3
       4
       5
       2
       2
       3
       5
       3
       2
       3
       2
       3
       6
       3
       6
       6
       2
       8
       4
       2
       4
       6
       4
       5
       8
       2
       2
       5
       5
       2
       7
       3
       3
       6
       3
       4
       5
       3
       4
       3
       5
       7
       7
       8
       2
       4
       3
       4
       4
       2
       3
       8
       5
       4
       5
       4
       8
       2
       5
       3
       6
       6
       8
       3
       7
       5
       2
       2
       3
       6
       8
       3
       5
       6
       2
       5
       7
       4
       3
       2
       2
       4
       6
       3
       2
       4
       4
       4
      10
       2
       4
       3
       1
       4
       5
       5
       1
       1
       3
       2
       8
       2
       2
       6
       1
       4
       8
       6
       4
       3
       9
       2
       4
       4
       6
       6
       5
       5
       1
       6
       4
       6
       3
       7
       3
       2
       3
       4
       8
       4
       2
       4
       6
       2
       7
       1
       3
       4
       3
       3
       3
       3
       4
       2
       4
       5
       6
       2
       6
       2
       3
       5
       1
       2
       4
       3
       5
       2
       4
       6
       1
       4
       4
       3
       3
       3
       1
       4
       6
       3
       4
       4
       4
       2
       5
       5
       5
       3
       9
       3
       1
       4
       2
       2
       3
       2
       6
       5
       6
       4
       4
       9
       3
       6
       1
       3
       3
       4
       5
       2
       4
       2
       7
       6
       3
       7
       3
       1
       6
       4
       3
       0
       2
       4
       4
       4
       5
       6
       4
       3
       5
       3
       4
       0
       5
       1
       8
       4
       6
       8
       4
       6
       4
       7
       5
       2
       1
       5
       3
       1
       6
       0
       5
       5
       1
       3
       2
       6
       3
       4
       8
       3
       2
       6
       2
       5
       2
       6
       4
       2
       2
       1
       9
       2
       5
       4
       0
       4
       4
       1
       4
       3
       3
       3
       5
       7
       5
       1
       4
       3
       3
       3
       6
       2
       9
      10
       4
       4
       3
       6
       6
       3
       6
       6
       9
       6
       8
       9
      10
       8
       6
       7
       5
      12
       7
       7
      14
      12
      15
      22
      26
      23
      28
      41
      32
      34
      48
      48
      63
      53
      64
      87
      56
      84
      66
      57
      72
      57
      65
      65
      49
      42
      39
      34
      25
      18
      15
      10
       9
       6
       1
       4
       3
       4
       1
       1
       2
       0
       2
       1
       3
       2
       1
       3
       3
       1
       5
       6
       4
       0
       3
       5
       3
       2
       4
       7
       1
       4
       4
       1
       0
       2
       0
       3
       0
       3
       2
       3
       3
       0
       6
       2
       3
       1
       1
       4
       3
       0
       0
       1
       3
       1
       4
       3
       1
       1
       1
       0
       1
       2
       3
       4
       5
       4
       4
       3
       4
       3
       2
       3
       3
       4
       4
       3
       1
       1
       4
       6
       0
       3
       2
       3
       4
       1
       3
       4
       3
       1
       3
       4
       3
       3
       4
       2
       2
       3
       1
       4
       1
       2
       3
       5
       2
       3
       1
       1
       2
       4
       4
       1
       2
       3
       2
       5
       2
       2
       1
       3
       1
       1
       7
       2
       4
       3
       0
       4
       3
       4
       4
       4
       3
       0
       3
       2
       2
       5
       3
       1
       1
       2
       1
       2
       2
       4
       2
       4
       5
       2
       1
       2
       5
       6
       1
       1
       4
       4
       4
       4
       0
       3
       2
       6
       5
       2
       2
       2
       2
       1
       2
       1
       3
       4
       3
       1
       2
       2
       3
       3
       2
       1
       5
       5
       2
       0
       1
       3
       5
       5
       2
       5
       0
       2
       1
       2
       2
       3
       4
       0
       2
       2
       4
       1
       0
       7
       1
       6
       2
       2
       3
       2
       5
       8
       3
       3
       4
       5
       4
       1
       1
       5
       3
       2
       6
       3
       3
       5
       2
       3
       2
       4
       1
       6
       3
       3
       1
       2
       4
       3
       4
       0
       3
       2
       2
       2
       0
       3
       2
       4
       1
       3
       3
       5
       4
       1
       1
       2
       5
       3
       1
       1
       7
       4
       5
       3
       2
       4
       3
       1
       3
       2
       2
       5
       4
       2
       4
       3
       1
       3
       3
       2
       6
       0
       0
       1
       4
       2
       1
       2
       1
       3
       1
       4
       1
       2
       4
       3
       3
       2
       1
       0
       3
       4
       0
       2
       1
       4
       2
       0
       3
       5
       0
       0
       2
       0
       4
       1
       3
       1
       2
       1
       2
       3
       1
       1
       1
       4
       6
       2
       2
       0
       3
       2
       5
       1
       1
       5
       1
       0
       2
       3
       5
       3
       2
       1
       2
       2
       4
       1
       3
       2
       2
       2
       3
       4
       5
       0
       1
       3
       2
       2
       1
       3
       3
       1
       2
       4
       2
       1
       1
       3
       6
       3
       2
       5
       5
       3
       0
       1
       5
       6
       3
       0
       3
       4
       2
       3
       4
       3
       4
       3
       4
       5
       5
       1
       0
       3
       3
       2
       2
       6
       3
       3
       7
       1
       2
       0
       3
       2
       2
       1
       0
       2
       1
       0
       1
       1
       4
       2
       2
       3
       1
       2
       8
       4
       1
       2
       0
       2
       1
       2
       4
       2
       1
       0
       0
       2
       2
       3
       3
       4
       4
       0
       2
       1
       3
       0
       4
       1
       5
       1
       3
       4
       2
       0
       4
       1
       1
       0
       4
       2
       2
       1
       2
       3
       1
       1
       3
       2
       1
       1
       1
       1
       1
       3
       0
       2
       2
       3
       5
       2
       2
       1
       3
       2
       1
       2
       2
       1
       4
       1
       1
       3
       2
       0
       1
       4
       3
       1
       0
       3
       4
       4
       5
       1
       3
       0
       1
       2
       3
       0
       2
       1
       4
       2
       3
       2
       2
       1
       3
       5
       1
       3
       3
       2
       0
       5
       2
       4
       1
       5
       1
       3
       1
       4
       2
       2
       2
       2
       4
       3
       4
       3
       3
       2
       1
       4
       1
       1
       3
       2
       2
       2
       0
       5
       3
       2
       5
       1
       3
       4
       0
       0
       0
       0
       0
       0
       0
       0
       0
       0
       0
       0
       0
       0
       0
       0
       0
       0
       0
       0
       0
       0
       0
       0
       0
       0
       0
       0
       0
       0
       0
       0
       0
       0
       0
       0
       0
       0
       0
       0
       0
       0
       0
       0
       0
       0
       0
       0
       0
       0
       0
       0
       0
       0
       0
       0
       0
       0
       0
       0
       0
       0
       0
       0
       0
       0
       0
       0
       0
       0
       0
       0
       0
       0
       0
       0
       0
       0
       0
       0
       0
       0
       0
       0
       0
       0
       0
       0
       0
       0
       0
       0
       0
       0
       0
       0
       0
       0
       0
       0
       0
       0
       0
       0
       0
       0
       0
       0
       0
       0
       0
       0
       0
       0
       0
       0
       0
       0
       0
       0
       0
       0
       0
       0
       0
       0
       0
       0
$ROI:
1
4146 4168
$PRESETS:
None
0
0
$ENER_FIT:
0.196194 0.194904
$MCA_CAL:
3
1.961942E-001 1.949036E-001 3.834765E-008 keV
$SHAPE_CAL:
3
0.000000E+000 0.000000E+000 0.000000E+000
