$SPEC_ID:
HFNG Beamline
$SPEC_REM:
DET# 2
DETDESC# EasyMCA
AP# Maestro Version 7.01
$DATE_MEA:
04/15/2018 10:41:03
$MEAS_TIM:
99709 99714
$DATA:
0 8191
       0
       0
       0
       0
       0
       0
       0
       0
       0
       0
       0
       0
       0
       0
       0
       0
       0
       0
       0
       0
       0
       0
       0
       0
       0
       0
       0
       0
       0
       0
       0
       0
       0
       0
       0
       0
       0
       0
       0
       0
       0
       0
       0
       0
       0
       0
       0
      12
     334
     434
     357
     403
     380
     397
     438
     425
     431
     437
     422
     410
     419
     401
     423
     399
     438
     398
     394
     386
     366
     421
     409
     384
     436
     388
     343
     372
     391
     408
     351
     375
     349
     379
     327
     370
     373
     362
     377
     350
     346
     339
     351
     347
     370
     333
     329
     390
     351
     339
     344
     319
     318
     362
     318
     330
     341
     330
     336
     339
     330
     313
     335
     316
     322
     323
     326
     315
     325
     328
     289
     308
     305
     333
     351
     324
     315
     314
     301
     315
     332
     312
     313
     300
     316
     288
     294
     289
     290
     328
     308
     293
     293
     296
     283
     299
     288
     281
     288
     277
     279
     253
     279
     289
     286
     302
     283
     305
     251
     245
     304
     286
     264
     272
     263
     246
     270
     318
     281
     240
     255
     244
     295
     253
     249
     261
     275
     261
     274
     256
     263
     258
     236
     240
     277
     246
     265
     247
     244
     266
     255
     261
     252
     228
     223
     247
     229
     243
     234
     252
     244
     231
     244
     242
     238
     253
     250
     240
     232
     238
     229
     224
     235
     235
     204
     228
     242
     242
     246
     248
     228
     218
     218
     260
     251
     233
     227
     228
     231
     257
     251
     233
     251
     187
     212
     216
     233
     202
     234
     224
     244
     241
     218
     221
     222
     227
     208
     197
     228
     198
     221
     240
     220
     234
     198
     209
     215
     196
     211
     203
     207
     211
     214
     229
     241
     203
     227
     228
     212
     224
     195
     227
     218
     197
     197
     207
     201
     237
     228
     230
     220
     209
     192
     202
     228
     210
     231
     209
     172
     199
     215
     208
     222
     220
     225
     227
     203
     229
     212
     213
     199
     225
     225
     215
     240
     199
     249
     241
     198
     226
     180
     219
     219
     206
     238
     231
     205
     213
     205
     191
     229
     193
     228
     223
     234
     236
     231
     263
     253
     245
     221
     234
     227
     212
     236
     229
     248
     226
     235
     197
     218
     221
     212
     222
     218
     232
     217
     214
     233
     215
     226
     249
     221
     214
     198
     208
     200
     250
     240
     210
     228
     241
     211
     211
     243
     249
     224
     252
     227
     232
     256
     256
     266
     297
     400
     464
     545
     464
     364
     267
     250
     243
     260
     261
     396
     586
     784
     746
     654
     462
     305
     251
     203
     209
     209
     191
     215
     212
     227
     219
     198
     223
     207
     202
     194
     188
     222
     226
     198
     199
     190
     198
     228
     217
     206
     205
     181
     213
     194
     220
     213
     220
     176
     208
     217
     214
     199
     194
     181
     204
     216
     212
     270
     290
     373
     417
     455
     467
     442
     395
     314
     250
     222
     204
     197
     193
     212
     217
     243
     291
     297
     263
     265
     227
     230
     192
     213
     198
     157
     169
     199
     182
     212
     214
     215
     222
     199
     195
     200
     175
     204
     181
     195
     206
     227
     275
     275
     273
     284
     294
     279
     256
     234
     218
     179
     176
     158
     183
     179
     204
     188
     169
     214
     218
     209
     197
     190
     183
     197
     186
     191
     171
     205
     177
     171
     211
     208
     205
     186
     195
     205
     166
     219
     186
     182
     183
     178
     208
     164
     183
     195
     191
     179
     200
     189
     175
     180
     178
     193
     200
     198
     197
     184
     175
     178
     173
     200
     178
     174
     219
     186
     201
     226
     197
     204
     219
     210
     190
     193
     176
     195
     198
     214
     216
     195
     191
     192
     180
     174
     225
     216
     196
     223
     205
     211
     197
     191
     202
     188
     201
     197
     176
     197
     191
     187
     209
     204
     188
     185
     203
     198
     175
     204
     185
     167
     195
     191
     201
     192
     195
     191
     206
     197
     165
     206
     203
     195
     208
     198
     163
     173
     202
     176
     191
     189
     195
     195
     171
     209
     180
     180
     194
     189
     190
     178
     199
     210
     197
     189
     204
     223
     208
     222
     220
     195
     152
     212
     224
     197
     205
     192
     205
     189
     187
     191
     186
     196
     196
     174
     175
     196
     179
     205
     179
     197
     179
     178
     208
     168
     174
     172
     187
     167
     201
     191
     207
     191
     191
     170
     215
     187
     196
     185
     178
     181
     187
     174
     219
     177
     179
     182
     197
     199
     189
     187
     205
     179
     194
     179
     178
     179
     188
     160
     195
     180
     190
     224
     178
     203
     200
     186
     195
     183
     171
     202
     175
     176
     171
     196
     171
     190
     162
     166
     194
     166
     199
     192
     164
     194
     188
     181
     175
     183
     190
     189
     166
     175
     184
     189
     186
     179
     192
     175
     158
     186
     176
     199
     186
     180
     185
     159
     139
     188
     163
     191
     209
     214
     230
     246
     328
     317
     285
     229
     217
     176
     172
     177
     189
     179
     167
     174
     181
     177
     197
     170
     177
     180
     164
     185
     159
     187
     199
     177
     168
     161
     188
     175
     160
     178
     174
     147
     182
     205
     179
     156
     171
     165
     168
     173
     193
     177
     179
     162
     171
     193
     155
     150
     176
     171
     182
     185
     185
     160
     165
     177
     164
     182
     195
     180
     182
     170
     183
     143
     156
     157
     166
     162
     185
     156
     155
     168
     165
     183
     168
     162
     145
     174
     171
     180
     186
     166
     157
     164
     172
     167
     147
     173
     170
     144
     174
     111
     170
     171
     169
     170
     149
     187
     175
     191
     202
     224
     208
     183
     178
     174
     165
     181
     151
     164
     159
     157
     170
     179
     166
     170
     134
     179
     143
     172
     145
     179
     160
     184
     156
     166
     145
     163
     161
     153
     158
     182
     148
     165
     179
     154
     134
     174
     134
     181
     169
     155
     171
     168
     177
     150
     129
     177
     157
     156
     150
     151
     167
     154
     157
     181
     168
     138
     136
     163
     131
     144
     151
     181
     165
     154
     143
     123
     148
     143
     157
     143
     144
     144
     151
     154
     159
     138
     160
     143
     145
     151
     142
     157
     153
     143
     154
     169
     149
     145
     134
     138
     162
     145
     154
     176
     139
     164
     155
     139
     158
     175
     151
     174
     176
     175
     165
     169
     150
     164
     143
     177
     249
     374
     500
     693
     715
     638
     486
     290
     196
     169
     154
     150
     154
     143
     133
     134
     147
     140
     137
     133
     130
     148
     131
     131
     136
     141
     149
     132
     128
     149
     129
     122
     147
     129
     122
     140
     148
     127
     137
     116
     152
     145
     147
     130
     146
     127
     120
     143
     110
     137
     147
     161
     147
     140
     149
     122
     124
     125
     129
     133
     145
     136
     132
     143
     139
     129
     144
     137
     125
     133
     130
     139
     145
     138
     133
     114
     146
     147
     115
     115
     139
     151
     123
     123
     128
     125
     118
     142
     136
     129
     113
     139
     128
     115
     113
     132
     117
     117
     120
     136
     137
     150
     156
     158
     173
     167
     160
     146
     154
     138
     115
     146
     126
     121
     142
     129
     134
     113
     139
     111
     122
     127
     149
     131
     141
     135
     138
     109
     136
     137
     146
     127
     129
     125
     137
     121
     132
     114
     107
     120
     119
     115
     118
     135
     113
     105
     135
     113
     127
     104
     112
     113
     117
     113
     115
     135
     109
     117
     122
     118
     118
     118
     101
     128
     111
     114
     119
     113
     124
     130
      95
     125
     125
     116
     111
     119
      94
     135
     116
     115
     113
     122
     120
     108
     105
     100
     113
     107
      98
     102
     114
     117
     100
     105
     107
     124
     100
     114
     105
     130
     118
     101
     109
     106
     105
      82
      97
     121
     102
     117
      99
     104
     127
      98
     114
     125
     103
     100
     115
     111
     127
     106
     121
     104
     112
     105
     110
     108
     104
     113
      86
     113
     104
      89
     120
     101
      89
     100
     102
     111
     107
     113
     105
     104
     124
      94
     114
      94
     117
     130
     108
     106
     102
     102
      96
      98
      96
     105
     117
      92
      86
     107
     103
      97
     102
      90
      86
     123
      94
     104
     109
     112
     142
     147
     181
     174
     186
     152
     144
      97
      86
     125
     113
      93
     103
     117
     105
      98
      94
     117
     107
     116
     111
      92
     106
     110
     111
      84
      94
      92
      96
      92
      97
      83
      94
      92
      96
      95
     103
      96
      83
     102
      96
      99
     102
      87
      76
     104
     102
      99
      95
      80
      98
      85
      99
      93
      95
     110
      94
      75
      91
      85
      99
      97
      79
      78
      88
      88
     102
      92
      93
      90
      86
     105
      85
      91
      84
      97
      84
      85
     102
      92
      81
      92
     116
      77
      83
      71
      89
      88
      75
      89
      82
      86
     101
      82
      93
      85
      73
      85
     100
      85
      90
      91
      89
      90
      84
      87
      90
     104
      69
      84
      90
      96
      70
      81
      80
      90
      78
      83
      70
      83
      90
      95
      89
      85
      82
      90
      79
      78
      83
      87
      81
      75
      80
      79
      89
      89
      83
      65
     106
      72
      87
      77
      96
      91
      74
      83
      88
      82
      73
      91
      79
      75
      75
      97
      89
      56
      84
      80
      86
      79
      80
     104
      89
      74
      86
      76
      83
      79
      68
      90
      79
      76
      92
      95
      80
      82
      67
      98
      78
      78
      99
      61
      85
      90
      73
      69
      88
      72
      75
      66
      74
      78
      94
      75
      59
      90
      68
      77
      57
      93
      70
      90
      89
      86
      84
      76
      81
      72
      66
      85
      62
      69
      82
      76
      70
      83
      72
      79
      68
      83
      70
      78
      57
      83
      76
      64
      84
      78
      87
      80
      56
      53
      64
      60
      82
      72
      74
      63
      94
      97
      69
      75
      93
      75
      79
      63
      69
      67
      68
      60
      81
      91
      74
      76
      72
      79
      65
      65
      78
      83
      69
      73
      55
      72
      92
      74
      85
      71
      82
      92
      76
      80
      76
      60
      55
      62
      76
      96
      81
      73
      78
      80
      67
      59
      79
      56
      73
      91
      64
      74
      87
      72
     102
      81
      92
      89
      69
      89
      62
      58
      74
      80
      81
      61
      71
      46
      68
      59
      54
      61
      61
      74
      76
      78
      67
      85
      57
      60
      74
      79
      86
      75
      80
      81
      79
      76
      69
      70
      51
      70
      79
      71
      81
      70
      65
      59
      65
      65
      64
      70
      76
      72
      67
      55
      77
      74
      65
      69
      59
      84
      76
      59
      66
      75
      74
      78
      49
      56
      55
      68
      62
      63
      66
      68
      56
      64
      72
      62
      65
      64
      51
      75
      74
      56
      62
      66
      74
      64
      52
      68
      71
      70
      53
      66
      78
      58
      80
      69
      59
      56
      81
      63
      79
      74
      57
      61
      57
      71
      59
      65
      56
      51
      60
      57
      62
      69
      72
      63
      78
      63
      60
      71
      57
      55
      80
      56
      57
      59
      67
      65
      72
      71
      66
      64
      68
      50
      45
      53
      68
      62
      79
      55
      67
      59
      60
      57
      55
      51
      54
      61
      53
      68
      62
      63
      55
      55
      57
      52
      61
      69
      49
      64
      73
      52
      57
      61
      68
      46
      71
      53
      69
      64
      52
      65
      56
      66
      50
      67
      59
      61
      55
      57
      59
      57
      52
      58
      67
      68
      57
      64
      51
      58
      53
      71
      55
      41
      51
      58
      49
      51
      64
      47
      64
      54
      52
      62
      50
      42
      58
      60
      59
      54
      74
      50
      63
      65
      65
      64
      73
      66
      66
      77
      74
      50
      65
      70
      75
      60
      61
      50
      73
      62
      50
      48
      53
      54
      54
      44
      64
      47
      53
      52
      60
      67
      48
      45
      50
      69
      56
      71
      53
      56
      62
      58
      60
      48
      49
      47
      58
      63
      57
      59
      46
      61
      49
      51
      60
      49
      59
      56
      46
      38
      61
      49
      56
      47
      64
      56
      50
      56
      49
      44
      63
      54
      55
      60
      45
      48
      46
      53
      81
      75
      78
      95
      73
      78
      88
      70
      61
      67
      49
      66
      55
      51
      56
      44
      57
      41
      53
      42
      60
      60
      49
      50
      51
      70
      59
      45
      54
      47
      49
      56
      51
      53
      45
      43
      50
      38
      57
      57
      53
      50
      51
      47
      53
      45
      58
      56
      47
      45
      41
      45
      56
      46
      45
      55
      41
      46
      59
      46
      54
      41
      53
      48
      62
      51
      40
      53
      44
      47
      40
      42
      48
      35
      47
      35
      49
      55
      59
      47
      41
      58
      55
      44
      50
      44
      53
      57
      47
      48
      35
      48
      38
      49
      49
      33
      42
      66
      50
      59
      49
      53
      43
      38
      44
      35
      53
      50
      45
      51
      45
      40
      44
      51
      48
      45
      49
      56
      39
      48
      49
      53
      56
      52
      42
      53
      42
      54
      36
      52
      45
      48
      52
      49
      54
      44
      58
      37
      57
      48
      50
      58
      61
      47
      31
      47
      53
      49
      38
      56
      52
      47
      47
      44
      54
      30
      48
      48
      39
      56
      45
      45
      43
      40
      43
      41
      44
      38
      47
      47
      42
      53
      47
      38
      48
      40
      41
      43
      37
      36
      53
      47
      36
      51
      38
      46
      36
      48
      42
      49
      39
      49
      47
      43
      51
      51
      58
      45
      54
      51
      40
      37
      60
      45
      43
      46
      45
      44
      47
      29
      47
      38
      35
      55
      44
      62
      45
      46
      39
      37
      35
      45
      39
      47
      54
      51
      59
      35
      40
      41
      44
      44
      37
      48
      40
      50
      45
      54
      43
      64
      43
      42
      34
      43
      47
      54
      37
      39
      32
      35
      39
      45
      42
      36
      46
      59
      39
      43
      44
      58
      43
      57
      51
      43
      42
      46
      50
      46
      44
      42
      52
      38
      34
      57
      30
      44
      54
      42
      43
      44
      47
      36
      50
      33
      40
      44
      40
      37
      45
      54
      37
      35
      39
      36
      44
      51
      45
      35
      39
      45
      48
      40
      25
      51
      44
      43
      37
      37
      51
      40
      42
      48
      51
      40
      42
      33
      42
      52
      36
      39
      34
      43
      38
      42
      48
      35
      37
      36
      47
      48
      34
      38
      38
      44
      36
      46
      49
      40
      36
      48
      48
      41
      32
      42
      37
      32
      51
      46
      30
      44
      46
      43
      41
      30
      36
      51
      55
      42
      36
      39
      46
      38
      39
      46
      38
      35
      37
      40
      40
      43
      35
      42
      45
      51
      41
      42
      43
      51
      32
      47
      37
      44
      37
      34
      33
      35
      40
      30
      51
      34
      42
      45
      30
      37
      38
      37
      42
      30
      31
      36
      40
      27
      47
      38
      36
      41
      26
      40
      40
      43
      49
      26
      29
      33
      42
      36
      41
      48
      52
      33
      43
      39
      38
      58
      55
      44
      42
      41
      27
      45
      25
      40
      26
      31
      38
      28
      41
      36
      33
      38
      35
      46
      29
      32
      28
      34
      27
      41
      45
      42
      45
      35
      41
      50
      48
      43
      30
      40
      33
      31
      36
      32
      43
      24
      36
      39
      33
      31
      44
      45
      35
      43
      38
      36
      40
      26
      36
      29
      47
      18
      36
      45
      41
      35
      40
      40
      40
      39
      37
      44
      39
      30
      33
      35
      35
      44
      41
      29
      35
      32
      33
      47
      38
      48
      33
      31
      31
      30
      43
      43
      27
      40
      45
      45
      47
      54
      35
      38
      39
      30
      37
      39
      23
      34
      38
      29
      42
      39
      42
      49
      24
      47
      38
      44
      24
      43
      48
      41
      47
      37
      37
      33
      30
      39
      26
      33
      39
      40
      41
      28
      34
      43
      36
      31
      28
      29
      30
      24
      39
      43
      47
      42
      23
      35
      35
      30
      42
      39
      45
      42
      32
      39
      38
      29
      43
      44
      37
      31
      38
      33
      27
      32
      28
      39
      42
      29
      31
      36
      40
      43
      29
      32
      37
      49
      33
      41
      31
      39
      26
      37
      40
      45
      24
      31
      33
      22
      27
      36
      42
      28
      44
      32
      33
      32
      31
      41
      35
      37
      44
      47
      37
      38
      24
      29
      44
      23
      27
      34
      36
      34
      37
      39
      25
      33
      35
      33
      23
      26
      36
      30
      30
      43
      40
      28
      47
      37
      32
      37
      36
      28
      35
      38
      32
      33
      39
      28
      34
      24
      38
      26
      27
      34
      39
      31
      42
      30
      42
      29
      37
      42
      33
      28
      33
      22
      35
      37
      23
      40
      43
      35
      33
      35
      37
      32
      31
      23
      28
      30
      29
      37
      33
      18
      30
      34
      29
      25
      33
      40
      31
      41
      32
      29
      37
      31
      43
      37
      36
      32
      43
      41
      36
      28
      41
      39
      30
      44
      40
      30
      36
      32
      34
      44
      26
      37
      30
      31
      25
      35
      33
      26
      44
      34
      27
      39
      33
      41
      27
      38
      23
      41
      27
      33
      31
      23
      29
      34
      38
      37
      34
      25
      31
      23
      25
      27
      30
      29
      34
      30
      41
      36
      38
      33
      40
      27
      31
      45
      43
      27
      31
      35
      23
      37
      37
      37
      41
      36
      29
      25
      20
      29
      34
      27
      21
      33
      36
      25
      25
      42
      21
      32
      31
      31
      29
      35
      25
      31
      32
      32
      30
      32
      36
      35
      37
      35
      38
      52
      44
      45
      46
      63
      71
      69
      78
      87
     111
     105
     107
     110
     108
     113
     133
     113
     106
     113
     101
      91
      74
      65
      71
      58
      47
      43
      45
      42
      37
      29
      28
      28
      35
      32
      34
      28
      24
      39
      36
      32
      32
      37
      33
      25
      41
      28
      31
      25
      20
      24
      31
      19
      21
      26
      36
      34
      22
      26
      32
      33
      25
      28
      42
      23
      25
      37
      29
      30
      35
      39
      25
      29
      28
      25
      27
      27
      35
      29
      31
      35
      34
      20
      29
      23
      28
      33
      24
      24
      35
      33
      31
      24
      26
      24
      28
      29
      25
      30
      23
      32
      28
      16
      17
      32
      25
      41
      33
      26
      31
      47
      21
      22
      30
      24
      34
      34
      33
      27
      29
      31
      29
      23
      26
      24
      25
      29
      27
      26
      27
      30
      19
      23
      24
      35
      38
      26
      30
      26
      20
      32
      46
      12
      38
      26
      22
      22
      24
      25
      22
      36
      31
      26
      35
      22
      24
      33
      29
      31
      22
      39
      23
      27
      33
      20
      36
      35
      28
      29
      29
      22
      18
      28
      29
      32
      36
      27
      24
      33
      26
      32
      36
      20
      25
      34
      24
      22
      28
      27
      25
      28
      20
      30
      29
      33
      32
      33
      29
      23
      23
      25
      32
      30
      17
      24
      38
      26
      37
      33
      29
      31
      33
      28
      39
      30
      37
      31
      22
      35
      38
      29
      30
      30
      22
      24
      26
      20
      17
      30
      20
      25
      34
      36
      29
      25
      30
      26
      29
      27
      28
      23
      31
      31
      22
      23
      22
      33
      20
      31
      23
      27
      30
      23
      34
      25
      22
      37
      23
      24
      30
      32
      22
      30
      26
      17
      27
      43
      26
      18
      26
      23
      32
      17
      27
      18
      30
      27
      25
      26
      34
      33
      35
      32
      22
      30
      15
      24
      28
      28
      41
      24
      30
      21
      18
      27
      30
      33
      25
      39
      32
      22
      29
      24
      31
      26
      30
      38
      21
      37
      25
      34
      24
      27
      32
      28
      20
      22
      30
      30
      32
      30
      17
      27
      31
      27
      25
      30
      27
      21
      25
      27
      16
      21
      29
      27
      27
      31
      25
      22
      24
      36
      35
      29
      16
      19
      23
      22
      33
      35
      18
      27
      31
      25
      25
      27
      33
      33
      17
      26
      26
      37
      31
      24
      28
      43
      31
      35
      22
      30
      31
      28
      23
      30
      31
      28
      30
      29
      29
      32
      35
      35
      41
      61
      47
      39
      49
      43
      55
      35
      41
      36
      26
      26
      19
      28
      33
      20
      33
      25
      31
      40
      23
      28
      28
      28
      32
      26
      27
      23
      32
      24
      25
      28
      19
      21
      23
      22
      20
      27
      32
      29
      21
      28
      37
      27
      29
      21
      21
      24
      38
      25
      36
      23
      29
      18
      22
      27
      23
      30
      21
      29
      25
      17
      20
      26
      18
      29
      30
      24
      24
      21
      21
      24
      34
      28
      31
      27
      22
      26
      26
      15
      29
      32
      35
      19
      21
      30
      27
      29
      23
      24
      17
      30
      33
      27
      28
      21
      35
      27
      33
      28
      25
      23
      27
      22
      31
      23
      25
      26
      22
      24
      20
      29
      33
      17
      32
      24
      24
      22
      25
      25
      29
      26
      28
      27
      18
      28
      26
      26
      37
      32
      27
      26
      50
      35
      40
      44
      49
      42
      51
      65
      58
      50
      36
      43
      31
      18
      18
      26
      28
      26
      27
      24
      25
      35
      24
      30
      25
      21
      32
      31
      28
      33
      27
      36
      28
      26
      29
      31
      20
      24
      27
      24
      21
      23
      25
      28
      27
      25
      24
      20
      22
      23
      19
      30
      25
      25
      22
      25
      23
      20
      24
      24
      36
      19
      24
      21
      27
      25
      29
      19
      26
      16
      19
      17
      28
      28
      19
      26
      21
      28
      24
      21
      19
      20
      17
      18
      31
      28
      23
      17
      13
      22
      23
      26
      19
      24
      16
      19
      30
      22
      19
      20
      26
      26
      16
      25
      26
      17
      32
      31
      23
      29
      22
      28
      29
      28
      16
      18
      20
      24
      18
      18
      25
      30
      28
      25
      25
      25
      19
      23
      11
      26
      26
      15
      18
      11
      22
      23
      19
      20
      25
      19
      19
      14
      31
      21
      23
      20
      15
      15
      22
      21
      19
       9
      18
      23
      23
      32
      17
      18
      23
      23
      14
      22
      20
      27
      25
      26
      25
      12
      27
      25
      27
      18
      19
      20
      20
      23
      25
      18
      24
      31
      21
      15
      23
      19
      28
      25
      22
      20
      21
      20
      23
      16
      14
      21
      24
      21
      19
      17
      15
      25
      21
      20
      30
      18
      23
      25
      22
      23
      24
      22
       9
      22
      24
      17
      20
      21
      25
      29
      18
      18
      20
      18
      22
      18
      15
      23
      25
      22
      13
      28
      15
      14
      20
      25
      11
      34
      17
      15
      20
      20
      21
      18
      25
      16
      19
      18
      21
      21
      22
      20
      26
      16
      13
      17
      20
      22
      20
      28
      16
      19
      21
      18
      13
      24
      15
      29
      32
      21
      14
      24
      29
      23
      30
      21
      28
      24
      23
      10
      25
      17
      18
      18
      24
      12
      23
      22
      22
      17
      21
      16
      21
      25
      25
      19
      18
      23
      23
      28
      33
      24
      19
      16
      20
      23
      20
      23
      22
      20
      16
      15
      23
      18
      16
      18
      20
      15
      21
      18
      16
      20
      15
      21
      25
      18
      16
      20
      17
      17
      18
      20
      22
      24
      19
      11
      21
      16
      20
      22
      18
      26
      12
      23
      20
      18
      16
      20
      22
      13
      23
      14
      25
      14
      17
      24
      10
      25
      18
      18
      18
      26
      22
      15
      24
      16
      17
      18
      20
      18
      25
      22
       8
      22
      16
      32
      21
      15
      23
      22
      19
      27
      10
      15
      17
      15
      22
      24
      20
      19
      18
      18
      13
      20
      16
      19
      21
      26
      24
      14
      19
      19
      18
      23
      15
      23
      16
      28
      15
      15
      20
      17
      14
      26
      22
      26
      14
      23
      20
      18
      20
      18
      13
      21
      15
      18
      17
      18
      23
      19
      22
      15
      21
      23
      15
      20
      12
      17
      27
      14
      32
      14
      15
      17
      24
      21
      20
      17
      21
      28
      15
      21
      21
      18
      22
      18
      17
      23
      21
      16
      18
      19
      20
      21
      19
      14
      24
      13
      20
      20
      16
      25
      21
      14
      21
      17
      18
      13
      13
      21
      16
      18
      16
      28
      18
      16
      13
      26
      17
      23
      12
      25
      22
      21
      26
      24
      22
      20
      19
      14
      16
      20
      12
      18
      19
      15
      10
      18
      15
      23
      18
      17
      21
      15
      20
       7
      21
       8
      16
      15
      24
      17
      26
      18
      13
      17
      19
      17
      19
      18
      11
      11
      17
      18
      17
      21
      20
      13
      17
      13
      12
      22
      17
      19
      18
      21
      20
      20
      22
      21
       9
      24
      14
      24
      12
      21
      14
      16
      22
      20
      16
      18
      25
      22
      21
      14
      13
      15
      17
      22
      19
      23
      21
      19
      27
      18
       7
      22
      17
      20
      23
      24
      17
      23
      12
      25
      22
      19
      30
      24
      23
      20
      31
      27
      17
      23
      21
      13
      20
      15
      18
      17
      27
      21
       9
      21
      22
      17
      28
      26
      22
      29
      32
      26
      23
      23
      23
      22
      23
      19
      26
      20
      24
      22
      18
      13
      19
      17
      22
      13
      14
      21
      20
      20
      15
      14
      17
      21
      25
      22
      17
      16
       8
      18
      22
      17
      14
      19
      11
      20
      11
      24
      16
      15
      17
      21
      21
      16
      24
      14
      14
      12
      15
      18
      15
      17
      25
      16
      19
      21
      16
      15
      18
      15
      18
      18
      20
      22
      19
      15
      20
      17
      14
      22
      19
      24
      22
      17
      11
       8
      12
      20
      17
      16
      14
      16
      24
      19
      23
      12
      13
      21
      21
      16
      15
      14
      12
      12
      14
      20
      14
      14
      21
      18
      16
      23
      19
      17
      14
      16
      15
      21
      18
      16
      18
      23
      18
      14
      19
      17
      20
      10
      15
      22
      17
      16
      15
      19
      11
      16
       9
      22
      10
      13
      25
      20
       8
      16
      14
      15
      22
      15
      12
      17
      11
      16
      20
      15
      17
      17
      18
      18
      15
      17
      18
      27
      14
      20
      16
      15
      20
      11
      16
      23
      13
      26
      17
      13
      14
      16
      21
      10
      14
      19
      23
      20
      19
      17
      13
      17
      13
      17
      20
      16
      14
      25
      15
      22
      17
      19
      12
      13
      22
      16
      17
      15
      19
      15
      18
      19
      12
      20
      15
      19
      16
      21
      20
      25
      20
      17
      14
      21
      18
      19
      21
      20
      13
      23
      22
      24
      19
      10
      16
      11
      14
      18
      12
      20
      18
      22
      19
      19
      16
      13
      18
      15
      14
      18
      20
      12
      11
      13
      14
      16
      10
      12
      19
      17
      15
      21
      15
      21
      17
      10
      19
      16
      18
      19
      15
      17
      20
      16
      14
      14
      18
      19
      15
      10
      22
      21
      16
      15
      15
      16
      20
      13
      10
      11
      11
      15
      14
      21
      22
      12
      16
      12
      22
      11
      16
      12
      19
      17
      19
      25
      18
      13
      13
       9
       6
      15
      10
      22
      15
      13
       9
      17
      12
      19
      20
      17
      18
      18
      14
      12
      18
      15
      10
      23
      24
      19
      22
      19
      23
      14
      16
      14
      24
      14
      19
       8
      18
      20
       8
      17
      13
      18
      17
      23
      15
      12
      15
      20
      20
      16
      16
      23
      14
      16
      15
      13
      14
      11
      21
      12
      16
      17
      23
      16
      10
      16
      17
      11
      22
      18
      15
      20
      13
      21
      15
      17
      20
      15
      15
      19
      23
      14
      13
      13
      13
      22
      14
      20
      20
      16
      12
       9
      11
      12
      13
      18
      19
      18
      13
      16
      20
      12
      24
      25
      13
      15
      11
       9
      16
      16
      15
      14
      14
      13
      17
      18
      17
      18
      14
      18
      21
      15
      20
      25
      25
      26
      28
      47
      46
      62
      65
      68
      99
     103
     125
     126
     112
     147
     102
      97
      90
      65
      56
      45
      35
      24
      18
      26
      14
      13
      10
      13
      11
       8
      19
      13
      14
      14
      18
      20
      19
      13
      12
      13
      16
      16
      10
      17
      22
      18
      13
      13
      13
       3
      18
      14
      13
      14
      20
       7
      16
      13
      15
       7
      12
      13
      17
      14
      16
      21
      11
      20
      19
      13
      16
      13
      11
      11
      12
      17
      15
      17
      15
      20
      15
      13
      16
      10
      14
       8
      12
      12
      10
      20
      14
      11
      12
      14
      11
      23
      22
      18
      14
      10
      12
      13
      13
       8
      12
      16
      18
      10
      12
       9
      19
      21
      20
      18
      17
      22
      18
      20
      14
      10
      16
      13
      17
      18
      15
      10
      16
       9
      20
      15
      14
       8
      22
      20
       9
      15
      16
      15
      17
      15
      17
      19
      15
      12
      12
      15
      10
      17
      12
      15
      10
      16
      12
      11
      12
      14
      13
      17
      19
      18
      18
      14
      13
      17
      16
      19
      14
      13
      18
      15
      12
      12
       9
      13
      12
       6
       7
      11
      17
      22
      19
      15
      13
      15
      10
      14
       8
      11
      14
       7
       7
      14
      14
       8
      14
      11
      14
      14
      14
      11
      13
      12
      16
       4
      11
      12
      14
       6
      12
      14
      15
      12
      17
      10
      15
      13
      15
      11
      20
      19
       8
      15
      17
      12
      12
      14
      11
      14
      17
      10
      14
      14
      12
      13
      12
      18
      13
      13
      12
      18
      18
      22
       8
      17
      12
       9
      10
      12
      17
      12
      12
       8
       8
      11
      20
      12
      18
      14
      14
      17
      13
      17
      18
      19
      19
      17
      10
      14
      19
      21
      13
      17
      13
      18
      18
       8
      20
      18
      19
      17
      21
      17
      11
      13
      13
      17
      23
      13
      16
       9
      11
      19
      18
      13
      10
      11
      15
      16
      15
      15
      13
      14
      15
      12
      15
      12
      12
      10
      14
      11
      17
      17
      15
      18
      14
      17
       8
      17
      13
      19
      14
       7
      17
      10
      15
      18
      14
      17
      16
      10
      18
      11
      16
      17
      14
      17
      10
       8
      14
      10
      13
      11
      12
      17
      13
      19
       7
      11
      10
      14
      15
       9
      11
      20
      13
      11
      12
      13
      13
      15
      10
      12
      13
      15
      14
      15
      14
      11
       8
      15
       9
      15
      18
      20
      14
      15
       9
       8
      17
       7
      11
      13
      12
      20
      17
       9
      15
      15
      11
      17
       7
       8
      13
      14
      11
      16
       9
      11
      10
       8
      13
      14
       8
      13
      10
      19
      15
      10
      21
      12
       8
      14
      12
      16
      12
      14
      11
       9
      10
      14
       9
       7
      23
      14
      15
       9
      10
      12
      16
      15
      17
      17
      12
      15
      14
      11
      23
       8
      13
      14
      12
      13
      11
      13
      17
       8
      17
      14
      11
      15
      16
      14
      11
      11
      14
      10
      14
      14
      11
       8
      12
      13
      14
      14
      12
      13
      15
      17
       9
      16
      11
       8
      12
      16
      17
       6
      18
       6
      12
      11
      13
      12
       9
      15
       9
      11
      14
      11
       8
      12
      11
      22
      18
       7
      19
       9
      14
      21
      16
      13
       9
      11
      19
      16
      12
      12
      12
      11
      13
      13
      11
      18
      13
      13
      19
      16
      15
      17
      14
      18
      22
      23
      26
      20
      20
      25
      36
      18
      24
      21
      26
      26
      19
      14
      14
      15
      13
      14
      14
       9
      20
       7
       9
      22
      16
      11
      16
      11
      17
      15
      16
      14
      17
      12
      11
      11
      18
       9
      13
      13
       9
      10
      10
      10
       6
      12
      15
       8
      12
      14
      15
      11
      13
      16
      12
      15
      10
      13
      19
      14
      18
      12
      12
      15
       7
      10
       9
      11
      16
      19
      18
      11
      17
      12
      12
       7
      10
      16
      13
      15
      13
      13
       7
      13
      14
      14
      15
      15
      10
      15
       9
      13
      13
      10
      10
      20
      14
       9
      15
       8
      10
      20
      10
      11
       7
      10
      12
      13
      16
      13
      14
      13
      13
      12
      10
      12
      14
      14
       8
       9
      17
      17
       8
      13
      12
      14
      13
      12
      14
      14
      17
      15
      11
      25
      15
      18
      11
       9
      11
       8
      17
      14
      10
      10
      13
      13
      12
      14
      12
       8
       9
      11
      13
      17
      12
      16
      15
      15
      11
       9
      15
      12
      13
      11
      17
      18
       9
      10
      13
      10
      13
      16
      12
      14
      14
       9
       9
      16
       7
      12
      12
      14
       7
      14
      11
       9
      16
      14
      16
      13
      16
      12
      12
       8
      19
      19
      15
      18
       9
      14
      15
      10
      25
       8
      11
      11
      10
      14
      17
      11
      15
      12
      12
      11
      16
      15
      18
       8
      12
       8
      14
      11
      18
      14
      20
      14
      10
      14
      12
       9
      11
      14
       7
      11
       5
      18
       7
       6
       9
      15
      11
      12
      12
      13
       8
       9
      11
      16
      16
       5
       8
      10
      11
       6
       9
       8
       7
       6
      10
      12
      18
      14
       9
      16
      12
      12
       9
       5
      14
      11
      10
      13
       9
      11
      16
      21
      16
      18
      11
      13
      16
      14
      15
      16
      19
      12
       8
      13
      11
      16
       7
      13
       9
      14
      17
      11
      13
      20
      15
      20
      21
      21
      22
      21
      20
      22
      16
      22
      20
      14
      13
      11
      13
       9
      10
      16
       7
       7
      10
       6
      20
      10
      14
      11
       9
      12
      10
      14
      12
       7
       9
       7
      17
       7
      10
       7
      18
      11
       6
       7
      16
      12
      12
      13
      14
      14
       9
      11
      11
       7
       9
       9
      12
      12
       9
      15
      11
      15
       7
       9
       9
       8
      16
      12
      13
       8
      14
      10
      16
      11
      15
      16
      13
      13
      19
      16
       9
      11
      14
      11
      13
      11
      13
      12
      10
      13
      13
       9
       7
       8
      15
      16
      11
       8
      14
      11
       9
      11
      14
       9
      11
      15
      13
      14
       7
      13
       6
       7
       7
       6
       7
       6
      17
      16
       4
      15
      10
      13
      14
      12
      11
      14
      11
      10
       7
      15
      11
       5
      11
      11
      10
       8
      10
       8
      15
       5
      14
       7
      13
      10
      11
       8
       8
      15
       5
      13
       9
      12
      12
       8
      11
       8
      14
      15
       8
      17
      14
      11
      11
      10
      16
      12
      13
       7
       9
      15
      10
      11
      21
      12
      14
      10
      11
      15
       8
       6
      13
      11
      11
       8
       9
      12
      10
      11
       7
      10
      11
      13
       9
       8
       6
      11
      12
       5
       9
      15
      11
       8
       9
       5
      10
      16
      13
       9
       6
       7
      11
       9
      10
      11
      12
      16
       9
      15
      15
      11
      17
      13
       8
       9
       4
      11
      12
       9
       7
      13
      14
      19
      16
      16
       7
       9
      11
      12
      11
      15
      13
      15
      11
      11
      17
      19
       8
      18
      12
       6
       7
      12
       8
       9
       7
      14
      10
       8
       5
      13
      10
      15
       9
      10
      12
      18
      15
      17
       8
      11
      10
      20
      11
      15
       6
      10
       8
       9
      10
       9
      11
       9
       9
      13
      12
      15
      12
      13
      14
       6
      10
      15
      11
      12
       6
      13
      19
      10
      11
      13
      14
       4
      16
      17
       7
       8
       9
      16
      12
       8
      13
       6
      13
      12
      12
      18
      12
      14
       9
      16
       9
       8
       8
       8
      11
       7
      14
      11
      12
      13
      11
       8
       7
      11
      14
       9
      13
      10
      13
      10
      11
      10
      16
       6
      16
      11
      12
       9
      10
       9
       7
      13
      10
       6
       9
      10
       9
       6
       8
      15
      13
      13
      12
       7
       6
       4
      10
      15
      13
      10
       8
      13
       5
      10
      13
      10
      12
       9
      12
      14
      14
      13
      14
      16
      10
      12
       9
      10
       5
       9
       8
       8
      13
      13
      12
      10
       9
      11
      17
      12
      13
      10
       9
      17
       7
      12
      11
       6
       9
      11
       5
      12
      11
       8
      11
       7
       4
       8
       9
      11
       2
      14
      11
      14
       8
       6
       9
       9
       9
       7
      17
      15
      13
       8
      10
      11
       8
       8
      12
      14
      11
      11
       4
      11
       7
       9
      13
      13
       8
      14
      17
      13
       7
       8
       9
      11
      10
      11
      11
       7
       7
      16
      12
      12
       8
      13
       7
      11
       6
      10
      10
      10
       6
      12
       6
       8
      12
       7
       5
      15
      12
       8
      10
      13
      12
      16
      12
      14
      12
      13
      12
       8
      11
       9
      12
       9
      10
      10
      10
      10
      13
       7
       5
      10
       7
       6
      13
       9
      13
      12
      13
      11
       9
       7
       9
      14
      16
      15
       8
      14
      14
      13
       5
      11
       9
      15
       7
      11
      10
       8
       9
       8
       8
      11
      10
      13
      10
      11
      14
      10
       9
      15
       6
       6
       9
       7
       9
       8
      13
      10
      10
      15
      12
       7
      17
      13
      15
       5
      13
       5
      10
       9
       8
       3
      13
      11
      14
      15
       8
      10
      10
      11
      11
       8
       9
      16
       8
      17
      13
       7
      10
      10
       8
      14
       4
       7
       8
       7
       8
      11
       6
      14
       4
      13
      16
       5
      12
       4
      13
       7
       5
      10
       9
       8
      11
      20
       5
       9
       7
      13
       7
      16
      11
      13
      14
       6
      15
      12
       6
       8
      16
       6
      10
       6
      14
      14
      16
      13
       9
       9
      11
      11
      12
       7
      10
       9
       6
      12
      14
      11
      14
       5
      10
       9
       8
       6
       9
       8
      15
       3
      12
      12
       9
      15
      10
      13
      15
      10
      10
       4
      11
       5
      12
      11
       3
       9
      13
       9
      12
      15
      15
       8
       7
      11
       9
       9
      13
      12
      10
       3
      18
      11
      11
      11
      15
      11
      10
      10
       6
      16
      13
      10
       8
       9
      11
      11
      10
      10
      11
      10
       7
      10
      11
      12
      10
      13
       6
      10
       8
      12
      15
      13
      12
       6
       8
      14
      11
       8
       4
      14
       7
      12
      13
      15
      15
      12
      18
      10
      16
      14
       7
       9
      11
       9
       9
       9
       7
      11
      13
       8
       7
      15
      14
      15
      16
       9
       8
      12
       6
       6
      12
       9
       9
      17
       8
      11
      11
      17
      15
      15
       6
       7
       8
      14
      11
      11
      12
       8
       7
       9
      13
      11
      16
      12
      12
      12
      11
      20
      16
      18
      16
      19
      19
      26
      27
      11
      14
      14
      11
      17
      15
      15
       7
      11
       8
      12
      13
       6
      10
       9
       5
       7
       7
      12
       8
      12
      13
      12
       9
       7
       7
       8
       8
       4
      10
       8
       9
      12
       6
      12
       8
       4
      11
       4
       9
      10
      11
      10
      10
      14
       9
      10
       9
      10
       6
      10
      11
       7
      10
       9
      13
      11
      13
      12
      12
       8
       6
      11
       9
       8
      10
      13
       6
      10
      10
       8
      10
       9
       8
       5
      11
      12
      10
       6
       9
       7
       6
      11
      15
      11
      17
      10
      11
      12
      11
      13
      11
      10
      17
      13
      10
      10
       7
      11
      10
      11
      15
       9
      10
      10
      13
      14
      13
       8
      12
       9
       8
       8
       3
      10
      12
      10
      10
       7
       6
      13
      12
      11
       9
      10
       8
       5
       9
      11
      10
      13
       9
      18
       6
       6
      15
       9
       6
       8
      14
      15
      11
       7
      15
      10
      15
      14
      15
      13
      11
      12
      13
       7
       9
       9
      14
       7
       2
       8
       9
      11
      12
       7
       9
      13
      12
      11
      17
       7
       6
       7
      14
       7
      12
       9
      11
      17
      13
      13
      16
       8
      12
       4
       8
       9
      15
      11
       6
       8
       7
      10
       7
      14
       7
       9
      19
       8
       5
       6
      12
       4
      11
      10
       9
      11
      12
      12
       7
       7
      13
       7
      10
      11
       7
      11
       7
      12
       7
      11
       8
       7
      10
      10
       9
       7
      18
       8
      11
       9
      12
      10
       7
       4
       7
      11
      11
      11
       7
      11
       8
       5
       6
      10
      17
       7
      14
      10
       9
      12
      13
       5
       9
       9
       7
      14
       5
       9
      12
      20
       4
      11
      13
      13
      15
       6
      13
      12
      12
      18
      17
      16
      12
      12
       8
       8
      10
      12
       6
      10
      14
      10
       8
       5
      10
       3
       8
      11
       8
      10
       8
       7
      11
      11
       9
       7
      12
      11
       8
       5
       5
       6
      11
      12
       9
      10
       8
      10
      12
       7
       8
       7
       8
      13
      13
      13
       9
      13
       9
       7
       7
       8
      13
      14
       5
       8
      10
       8
       6
       9
       9
       7
       7
      11
      11
       7
       9
       8
      10
       6
       9
      12
       8
      12
      14
       7
      11
       6
      12
       8
       5
      12
       9
       6
       6
      11
       9
      11
       8
       9
       4
       7
       6
       9
       2
       8
       8
      10
       8
       6
       3
      12
       7
       5
      11
      10
      11
       8
      12
       4
       8
       8
       4
       9
      10
      13
       7
      10
      12
       8
       8
       7
      11
       7
       8
      10
       7
       6
       6
       8
      13
       5
       7
       6
       7
      11
       8
      11
      12
       9
      10
       8
       8
      10
      18
       8
       9
      12
      11
       6
       7
      11
      12
       7
       9
      13
       6
       9
       8
       9
      13
       5
       9
      13
       9
       8
       5
      15
      13
      14
      12
       7
       8
      11
      10
       4
       7
      12
      14
      16
       7
       5
       9
      11
      11
       7
       9
      11
       8
       8
       6
       8
      15
       8
      10
       8
       7
       9
       3
       9
      11
      11
       6
       8
      10
      11
       8
       7
       8
      11
       8
       8
       4
      10
       7
       8
      10
      10
      10
       9
       5
       4
      10
       7
      14
       9
       5
      13
       4
      10
       6
      16
       7
      10
       6
      11
       5
       8
      13
       7
      11
      10
       3
       9
       5
       4
       7
       7
       5
       3
       7
       9
       5
       5
       9
      11
       7
       6
       9
       6
       8
      11
       6
      13
       8
      10
       9
       9
       9
       7
      11
       8
      15
      10
      10
       8
      15
       9
       9
      11
      10
      10
       8
       3
       9
      11
       9
       6
       9
       9
       6
       6
       7
       5
      11
       7
      13
      10
       7
       2
       8
       8
       5
      12
       7
       5
       9
      10
      13
       8
       9
      11
       5
      11
      11
       8
      10
      11
       9
       2
      10
       9
       8
       5
       6
       9
       8
       9
      15
      10
       7
      10
      20
       7
      14
      11
      10
       5
       4
       7
      11
       6
       9
       8
       9
      12
      12
      13
       8
      11
       5
      12
       9
       5
       3
       7
       4
       8
      13
       9
       5
       5
       5
       7
       5
      13
       7
       6
       5
       9
       3
       7
       3
      14
       7
       8
       9
       6
       7
       9
       7
       5
       4
       9
       6
       5
      16
       6
       8
       6
      14
       8
       2
      10
       8
      10
       7
       8
       6
      11
       9
       8
       7
      11
      11
       4
       9
       7
       7
       5
       7
       6
       5
       5
       6
       6
       8
       2
       7
       4
      12
       4
       8
       8
       8
       5
       3
      10
       9
      10
       9
      12
       8
       8
       8
       6
       3
      12
       8
       8
       7
      10
       6
       5
       5
       8
       7
      10
       9
       9
      10
      12
       4
       7
       8
       6
       5
       8
      10
       6
       4
      11
       5
       6
       9
       7
       7
      11
       4
       4
       8
       7
       6
       5
      11
       6
       9
      10
       5
       8
       4
       6
       9
       7
       5
       4
       3
       4
      10
       9
      10
      11
       2
       3
       2
       5
       7
       4
       7
      12
       8
       7
       4
      10
       7
      11
       7
       4
       3
       7
       5
       7
       6
       5
       4
       4
       8
      10
       9
      11
       6
       7
      10
      10
       5
      12
       9
      14
       7
       4
       4
       5
       7
      10
       7
       8
       5
       8
       5
       9
       7
       8
       8
       6
       3
       8
      11
       9
      10
      11
       5
      10
       5
       5
       8
       6
      15
      11
       5
       2
       9
       8
       3
       5
       3
       7
       7
       3
       4
      13
       7
       5
       2
       4
       5
       3
       2
      11
       5
       5
       7
       7
       6
       6
       5
      14
       5
       9
       5
       4
       8
       8
       5
       6
       6
       5
       8
       6
       6
       9
       4
       9
       2
       8
       6
       6
       7
      10
       7
       6
       5
       5
       3
       8
       9
       3
      10
       6
       2
      10
       6
       8
       9
      10
       6
       6
       2
      11
       4
       7
       5
       7
       8
       6
       9
       2
       2
       6
       4
       5
       8
      11
       2
      11
       7
       1
       8
       6
       6
       7
       2
       6
       5
       6
       2
       6
       5
       7
       7
       6
       8
       8
       7
       6
       7
       8
       5
       6
       5
       8
       6
       5
       2
       3
       4
       6
       6
       7
       5
       8
       2
       3
       8
       3
       5
       6
       5
       5
      11
       7
      13
       4
       6
       5
       8
       7
       4
       8
       5
       9
      11
       8
       9
       8
       3
       7
       9
       4
       5
       8
       6
      11
       6
       7
       6
       6
       5
       7
       5
      11
       4
       3
       1
       8
       6
       4
       9
       7
       5
       9
       4
       2
       6
       5
       7
       3
       3
       4
      11
       5
       3
       8
       8
       5
      10
       9
       3
       4
       7
       2
       4
       5
       3
       6
       2
       7
       4
      12
       9
       3
       8
       6
       7
       5
       1
       9
       5
       6
       3
       4
       6
       6
       8
       4
       8
       6
      10
       5
       3
       3
       4
       3
       7
       6
       5
       1
       6
       7
       6
       5
       7
      12
       4
       4
       2
       4
       6
       9
      11
       3
       6
       7
       6
       9
       4
       5
       7
      10
       6
       8
      13
      10
      12
       4
      10
       9
       8
       6
       7
      11
       5
      15
      10
       9
       7
       9
       5
       2
      11
       3
       7
       8
       4
       2
       6
       7
       1
       7
       5
       3
       1
       6
       5
       5
       5
       5
       6
       5
       4
       8
       2
       5
       8
       3
       2
       4
       6
       3
      11
       7
       4
       7
       1
       5
       4
       5
       1
       3
       5
       6
       4
       4
       1
       5
       6
       7
       3
       4
       2
       8
       5
       7
       2
       5
       0
       5
       5
       3
       3
       4
       8
       6
       3
       6
       7
       5
       5
       4
       5
       4
       3
       6
       6
       5
       7
       3
       4
       3
       4
       4
       9
       5
       7
       5
       2
       4
       7
       5
       4
       6
      10
       2
       5
       9
       7
       8
       5
       4
       9
       2
       3
       7
       5
       7
       4
       4
       4
       6
       4
       6
       2
       5
       8
       8
       6
       3
       5
       3
       3
       2
       1
       8
      11
       5
       7
       2
       8
       8
       4
       8
       5
       6
       3
       6
       7
       4
       2
       1
       3
       1
       3
       4
       6
       6
       7
       3
       2
       1
       0
       6
       3
       3
       9
       5
       8
       8
       5
       6
       6
       3
       3
       8
       6
       4
       4
       1
       4
       3
       4
       6
       1
       8
       7
      10
       2
       2
       7
       3
       3
       5
       3
       3
       3
       3
       4
       4
       6
       3
       4
       4
       2
       2
       5
       5
       7
      13
       2
       3
       5
       1
       6
       6
       5
       5
       3
       4
       6
      12
       5
       4
       6
       8
       4
       8
       3
       6
       7
       5
       8
       8
       3
       2
       3
       9
       6
       6
      12
       6
       5
       5
       6
       5
       6
       5
       3
       5
       5
       4
       2
       4
       5
       4
       8
       3
       3
       4
       6
       1
       5
       5
       9
       1
       6
       5
      11
       3
       3
       6
       2
       3
       3
       3
       5
       3
       2
       2
       7
       1
       2
       3
       3
       6
       5
       5
       3
      10
       5
       6
       2
       3
       4
       4
       3
       6
       2
       3
       5
       4
       8
       3
       3
       4
       3
       5
       5
       5
       6
       3
       5
       6
       5
       2
       1
       2
       3
       6
       2
       4
       1
       8
       5
       2
       8
       6
       3
       2
       2
       3
       8
       8
       5
       6
       6
       4
       3
       4
       6
       6
       6
       4
       7
       2
       2
       4
       4
       3
       4
       6
       6
      10
       6
       6
      10
       3
       4
       6
       4
       4
       2
       6
       4
       2
       3
       6
       5
       4
       1
       5
       4
       3
       1
       7
       6
       3
       6
       3
       3
       6
       5
       4
       2
       7
       3
       0
       8
       7
       5
       5
       3
       4
       4
       5
       3
       9
       6
       7
       7
       2
       3
       5
       6
       2
       5
       5
       1
       6
       4
       4
       3
       3
       7
       5
       2
       1
       5
       6
       4
       5
       3
       2
       0
       4
       6
       2
       2
       7
       1
       5
       3
       2
       6
       6
       6
       3
       7
       5
       6
       8
       2
       2
       2
       3
       4
       2
       8
       2
       3
       3
       6
       2
       3
       3
       2
       4
       3
       3
       6
       2
       6
       3
       8
       2
       6
       0
       4
       4
       3
       5
       7
       3
       4
       3
       5
       4
       7
       5
      10
       4
       5
       3
       7
       3
       5
       3
       4
       6
       3
       4
       7
       2
       6
       3
       4
       9
       5
       2
       3
       5
       6
       8
       5
       3
       6
       2
       5
       3
       4
       5
       6
       5
       4
       7
       8
       4
       2
       4
       6
       1
       4
       5
       4
       3
       8
       6
       3
       3
       6
       4
       2
       1
       6
       4
       2
       2
       4
       6
       2
       2
       5
       5
       3
       5
       7
       2
       6
       4
       5
       3
       5
       8
       4
       3
       2
       7
       4
       5
       5
      10
       2
       4
       7
       3
       5
       3
       3
       1
       4
       3
       3
       5
       5
       1
       3
       3
       3
       6
       4
       1
       3
       4
       5
       5
       5
       3
       3
       5
       4
       5
       3
       4
       4
       4
       7
       3
       4
       0
       5
       2
       6
       3
       5
       0
       3
       8
       2
       3
       6
       2
       7
       0
       9
       5
      11
       5
       4
       4
       7
       8
       4
       4
       6
       8
       8
       5
      10
       3
       4
       3
       9
       6
      10
       5
      12
      11
       9
       6
      12
      18
      21
      24
      25
      32
      51
      45
      43
      48
      64
      66
      74
      79
      76
      88
      90
      86
     104
      67
      83
      68
      57
      50
      52
      36
      35
      25
      15
      12
      18
       9
       3
       4
       6
       2
       6
       2
       2
       0
       2
       1
       4
       3
       3
       4
       3
       2
       0
       2
       0
       3
       3
       0
       2
       2
       1
       3
       4
       4
       1
       2
       1
       4
       0
       2
       1
       2
       8
       5
       1
       1
       2
       2
       4
       4
       4
       2
       6
       5
       3
       1
       1
       2
       2
       3
       3
       5
       4
       4
       2
       2
       1
       2
       3
       6
       4
       1
       3
       5
       5
       4
       3
       2
       4
       0
       4
       3
       4
       6
       2
       5
       3
       4
       5
       6
       6
       3
       2
       5
       2
       0
       4
       4
       8
       2
       2
       5
       4
       3
       0
       2
       6
       4
       2
       3
       3
       2
       3
       2
       3
       3
       1
       1
       4
       1
       3
       0
       2
       3
       4
       4
       4
       3
       1
       3
       2
       1
       2
       0
       4
       1
       2
       1
       5
       3
       2
       4
       7
       3
       3
       5
       4
       3
       2
       5
       5
       2
       5
       2
       2
       5
       2
       3
       4
       2
       4
       5
       1
       1
       7
       9
       2
       2
       3
       4
       2
       4
       6
       6
       5
       4
       1
       2
       3
       2
       3
       1
       3
       4
       6
       2
       3
       2
       2
       2
       3
       4
       1
       3
       1
       3
       2
       4
       2
       2
       6
       3
       4
       3
       3
       2
       2
       2
       5
       5
       0
       5
       1
       2
       1
       3
       1
       1
       3
       3
       3
       5
       3
       1
       4
       2
       2
       1
       4
       1
       3
       2
       2
       2
       3
       3
       1
       1
       3
       0
       2
       7
       6
       3
       4
       4
       3
       3
       4
       4
       2
       4
       2
       3
       0
       5
       4
       2
       3
       4
       6
       5
       0
       3
       3
       3
       4
       3
       2
       4
       1
       2
       5
       2
       3
       0
       0
       0
       1
       1
       4
       3
       0
       7
       3
       3
       2
       2
       4
       0
       2
       3
       2
       4
       5
       4
       2
       2
       3
       1
       0
       5
       2
       2
       1
       1
       3
       5
       4
       0
       2
       3
       2
       4
       2
       3
       2
       2
       0
       3
       3
       1
       3
       1
       5
       0
       3
       1
       2
       1
       3
       4
       2
       2
       2
       0
       2
       4
       4
       1
       3
       1
       3
       2
       4
       2
       3
       3
       3
       4
       3
       4
       4
       2
       3
       5
       5
       3
       1
       1
       2
       3
       2
       3
       2
       3
       2
       2
       1
       4
       2
       3
       6
       3
       2
       2
       3
       2
       2
       1
       4
       5
       0
       3
       1
       4
       2
       5
       1
       4
       4
       2
       8
       4
       1
       2
       0
       3
       7
       1
       4
       1
       3
       2
       0
       4
       1
       1
       0
       2
       3
       1
       3
       0
       2
       2
       2
       2
       3
       1
       2
       2
       1
       3
       0
       3
       2
       2
       1
       2
       4
       5
       6
       0
       6
       2
       2
       2
       0
       4
       3
       6
       5
       2
       3
       4
       2
       2
       1
       2
       0
       4
       1
       5
       3
       4
       2
       4
       5
       2
       1
       3
       6
       4
       3
       1
       1
       1
       2
       2
       1
       3
       3
       4
       0
       1
       2
       2
       3
       2
       0
       0
       1
       2
       1
       3
       2
       5
       2
       1
       2
       0
       3
       3
       3
       6
       1
       4
       1
       4
       5
       6
       3
       1
       3
       2
       3
       3
       1
       4
       5
       3
       5
       5
       0
       4
       4
       1
       3
       4
       0
       2
       1
       0
       2
       1
       4
       2
       1
       4
       4
       2
       2
       2
       2
       2
       2
       1
       1
       4
       3
       4
       2
       4
       2
       1
       1
       1
       2
       1
       4
       0
       2
       3
       4
       3
       1
       0
       1
       2
       4
       4
       1
       0
       3
       4
       1
       0
       0
       0
       0
       0
       0
       0
       0
       0
       0
       0
       0
       0
       0
       0
       0
       0
       0
       0
       0
       0
       0
       0
       0
       0
       0
       0
       0
       0
       0
       0
       0
       0
       0
       0
       0
       0
       0
       0
       0
       0
       0
       0
       0
       0
       0
       0
       0
       0
       0
       0
       0
       0
       0
       0
       0
       0
       0
       0
       0
       0
       0
       0
       0
       0
       0
       0
       0
       0
       0
       0
       0
       0
       0
       0
       0
       0
       0
       0
       0
       0
       0
       0
       0
       0
       0
       0
       0
       0
       0
       0
       0
       0
       0
       0
       0
       0
       0
       0
       0
       0
       0
       0
       0
       0
       0
       0
       0
       0
       0
       0
       0
       0
       0
       0
       0
       0
       0
       0
       0
       0
       0
       0
       0
       0
       0
       0
       0
$ROI:
1
4146 4168
$PRESETS:
None
0
0
$ENER_FIT:
0.196194 0.194904
$MCA_CAL:
3
1.961942E-001 1.949036E-001 3.834765E-008 keV
$SHAPE_CAL:
3
0.000000E+000 0.000000E+000 0.000000E+000
