$SPEC_ID:
HFNG Beamline
$SPEC_REM:
DET# 2
DETDESC# EasyMCA
AP# Maestro Version 7.01
$DATE_MEA:
04/11/2018 17:38:05
$MEAS_TIM:
84758 84762
$DATA:
0 8191
       0
       0
       0
       0
       0
       0
       0
       0
       0
       0
       0
       0
       0
       0
       0
       0
       0
       0
       0
       0
       0
       0
       0
       0
       0
       0
       0
       0
       0
       0
       0
       0
       0
       0
       0
       0
       0
       0
       0
       0
       0
       0
       0
       0
       0
       0
       0
      10
     318
     370
     332
     290
     319
     331
     325
     337
     325
     363
     322
     374
     347
     358
     368
     359
     337
     370
     327
     326
     330
     328
     318
     327
     319
     299
     309
     302
     313
     298
     320
     281
     300
     286
     295
     317
     285
     310
     293
     279
     302
     286
     319
     302
     302
     271
     297
     281
     299
     269
     289
     300
     310
     278
     279
     303
     273
     262
     283
     246
     284
     255
     279
     295
     249
     285
     259
     298
     241
     244
     220
     275
     282
     250
     227
     259
     256
     216
     250
     263
     229
     255
     258
     224
     250
     240
     220
     236
     222
     241
     242
     238
     235
     247
     263
     242
     247
     238
     251
     247
     218
     243
     220
     257
     218
     218
     212
     236
     219
     271
     227
     241
     216
     202
     231
     210
     222
     258
     211
     232
     190
     210
     204
     222
     221
     205
     244
     218
     215
     197
     221
     204
     202
     190
     212
     194
     221
     202
     190
     221
     214
     192
     227
     221
     217
     202
     218
     215
     189
     202
     216
     190
     197
     216
     180
     201
     190
     200
     191
     212
     231
     201
     193
     179
     200
     183
     204
     178
     187
     184
     181
     186
     170
     178
     208
     196
     184
     189
     176
     192
     213
     186
     193
     196
     192
     185
     186
     201
     187
     188
     185
     190
     201
     168
     182
     191
     171
     209
     195
     203
     208
     200
     195
     195
     183
     183
     183
     199
     194
     219
     158
     194
     190
     191
     165
     202
     213
     168
     171
     182
     168
     183
     189
     179
     200
     186
     165
     165
     180
     171
     185
     176
     199
     187
     181
     189
     168
     185
     179
     168
     151
     175
     166
     175
     178
     190
     174
     180
     163
     185
     200
     172
     170
     220
     190
     186
     192
     192
     169
     183
     182
     185
     188
     189
     176
     174
     198
     204
     161
     184
     197
     191
     178
     178
     199
     183
     182
     207
     203
     188
     196
     181
     204
     176
     139
     165
     181
     179
     163
     207
     192
     204
     209
     180
     205
     202
     205
     198
     215
     199
     193
     168
     191
     178
     177
     160
     187
     181
     177
     193
     203
     185
     185
     192
     177
     194
     192
     195
     156
     203
     179
     216
     232
     274
     336
     423
     435
     347
     284
     237
     194
     209
     191
     262
     359
     454
     606
     648
     551
     393
     253
     204
     172
     197
     170
     157
     188
     175
     196
     183
     195
     187
     175
     195
     156
     177
     167
     161
     176
     185
     166
     169
     163
     169
     213
     164
     160
     176
     176
     183
     185
     190
     164
     186
     164
     179
     167
     177
     166
     157
     199
     190
     196
     246
     313
     339
     358
     404
     383
     337
     246
     218
     184
     163
     147
     136
     181
     187
     182
     221
     234
     229
     216
     174
     163
     171
     167
     189
     144
     157
     145
     175
     209
     160
     207
     179
     172
     182
     144
     175
     161
     162
     158
     181
     203
     230
     220
     236
     230
     236
     219
     223
     210
     194
     158
     153
     165
     137
     157
     143
     147
     158
     138
     163
     170
     171
     171
     172
     152
     161
     165
     165
     141
     142
     164
     168
     182
     166
     167
     147
     162
     176
     161
     183
     168
     132
     159
     164
     152
     135
     165
     169
     167
     171
     171
     181
     169
     152
     160
     153
     168
     150
     153
     175
     169
     173
     163
     160
     165
     163
     164
     152
     156
     168
     194
     169
     142
     150
     153
     160
     150
     161
     152
     163
     161
     160
     153
     145
     159
     176
     175
     177
     177
     186
     165
     161
     160
     164
     170
     186
     166
     150
     165
     163
     170
     141
     168
     166
     153
     154
     136
     187
     153
     158
     176
     176
     156
     168
     152
     169
     173
     167
     177
     154
     159
     174
     159
     154
     163
     165
     181
     185
     163
     145
     169
     167
     177
     145
     176
     170
     157
     159
     154
     161
     164
     154
     147
     148
     159
     145
     145
     155
     149
     157
     162
     157
     154
     174
     155
     160
     168
     153
     179
     166
     151
     204
     139
     163
     144
     134
     153
     143
     142
     143
     161
     153
     151
     143
     166
     172
     140
     164
     162
     158
     158
     162
     152
     178
     181
     184
     166
     160
     156
     165
     166
     135
     170
     163
     142
     148
     169
     145
     137
     147
     159
     153
     168
     156
     158
     144
     150
     159
     160
     159
     132
     136
     157
     155
     188
     156
     150
     181
     152
     166
     152
     150
     151
     165
     142
     174
     167
     154
     147
     140
     170
     170
     154
     146
     152
     177
     151
     138
     151
     166
     161
     162
     182
     145
     136
     151
     158
     189
     141
     155
     139
     148
     143
     143
     147
     170
     180
     154
     154
     149
     161
     165
     155
     175
     220
     241
     256
     254
     211
     154
     157
     160
     163
     179
     145
     151
     144
     137
     151
     149
     164
     149
     143
     160
     143
     150
     156
     129
     150
     154
     125
     149
     158
     152
     153
     144
     163
     143
     139
     139
     120
     154
     127
     142
     143
     163
     137
     149
     145
     157
     138
     141
     140
     137
     158
     118
     154
     142
     142
     143
     152
     151
     116
     140
     149
     136
     157
     129
     148
     134
     156
     162
     151
     156
     129
     172
     156
     132
     138
     127
     149
     147
     123
     128
     114
     128
     138
     141
     127
     125
     124
     156
     127
     127
     153
     144
     123
     142
     149
     142
     138
     130
     141
     173
     168
     176
     176
     170
     148
     156
     143
     132
     152
     151
     116
     143
     128
     127
     149
     134
     130
     145
     129
     132
     123
     152
     121
     123
     119
     120
     133
     120
     127
     134
     150
     126
     155
     136
     149
     144
     117
     131
     132
     125
     130
     105
     128
     138
     132
     115
     133
     131
     125
     140
     138
     143
     125
     128
     115
     138
     105
     130
     154
     121
     121
     117
     129
     129
     127
     113
     128
     142
     126
     125
     137
     126
     108
     113
     124
     113
     123
     140
     112
     126
     131
     147
     153
     130
     137
     136
     145
     115
     124
     123
     149
     132
     150
     115
     115
     125
     125
     127
     126
     137
     133
     119
     111
     129
     126
     115
     125
     109
     122
     110
     125
     143
     167
     213
     253
     408
     533
     614
     578
     446
     291
     184
     147
     116
     130
     112
     108
     104
     120
     130
     120
     106
     121
     130
     110
     121
     126
     122
     116
     103
     125
     111
     120
     113
     107
     118
     114
     103
     118
     116
     108
     118
     112
     112
     129
      85
     106
     102
     108
     121
     104
     113
     104
     112
     117
     107
     122
     127
     111
     106
     100
      92
     103
     101
      90
      97
     121
     105
     116
     113
     101
     104
     110
     115
      89
     112
     107
     127
     119
     108
     138
     110
     111
      94
     100
     114
     102
     112
     107
     107
     123
     105
     118
     126
     119
      99
     112
     128
     109
     111
     108
     104
     109
     115
     133
     125
     137
     120
     149
     121
     111
     121
     110
     103
     104
     113
      98
     109
     105
      99
     110
      93
      99
      92
      93
     119
     103
     106
      81
     106
     113
     108
      97
     102
      95
     125
     104
      95
     115
      97
     105
     105
     104
      92
     115
      91
      83
     111
     118
     109
     100
     110
     105
     101
      96
     102
      96
      99
      83
     108
      95
      93
      95
      92
      88
     100
      98
     105
      81
      87
      84
      85
     110
     100
      90
     106
      91
     101
     107
      90
      94
      89
      95
     106
      99
     106
      99
      81
     101
     110
     103
      93
     101
     102
     103
      88
      95
     101
      93
     102
      85
      92
      89
      83
      88
     102
      89
      97
      96
      96
      94
      92
      95
     109
      82
     100
      80
     102
      95
      83
      88
      81
      98
     108
     114
      90
      91
      89
     102
      97
      90
      90
      88
      81
     100
      86
      91
      70
      90
      87
      93
      87
      91
      93
      76
      96
      78
      92
      97
      88
      97
      89
      84
      76
      97
      83
      93
      77
      87
      71
      89
      82
      89
      85
     100
     101
      77
      89
      80
      78
      89
      75
      77
      87
      90
     112
     134
     162
     178
     145
     121
     113
      92
     101
      75
      73
      71
      73
      73
      76
      93
      94
      91
      88
      90
      85
      68
      89
      75
      79
      83
      79
      77
      72
      78
      63
      76
      87
      75
      91
      77
      76
      77
      85
      75
      91
      92
      76
      90
      79
      68
      57
      77
      80
      93
      72
      65
      84
      77
      83
      92
      77
      87
      70
      77
      72
      78
      77
      90
      77
      66
      69
      77
      65
      75
      64
      72
      72
      69
      74
      78
      79
      89
      96
      74
      63
      69
      64
      75
      75
      75
      89
      78
      76
      78
      65
      77
      57
      69
      69
      72
      75
      75
     103
      77
      75
      74
      75
      69
      79
      66
      68
      62
      67
      77
      67
      66
      67
      58
      70
      78
      82
      66
      71
      70
      68
      73
      81
      62
      82
      82
      68
      69
      70
      83
      81
      71
      84
      73
      89
      81
      71
      62
      82
      77
      74
      62
      75
      66
      55
      74
      77
      62
      60
      77
      63
      70
      69
      72
      64
      62
      52
      65
      79
      58
      77
      91
      77
      70
     104
      76
      66
      64
      72
      68
      68
      76
      74
      71
      71
      62
      76
      66
      57
      61
      52
      78
      67
      69
      52
      70
      57
      65
      69
      72
      69
      58
      56
      69
      63
      59
      71
      65
      82
      63
      65
      67
      56
      86
      71
      66
      75
      71
      58
      53
      65
      47
      50
      50
      69
      64
      68
      56
      64
      55
      64
      65
      54
      68
      71
      56
      52
      41
      58
      69
      60
      72
      55
      77
      42
      63
      73
      66
      63
      69
      57
      64
      57
      81
      58
      56
      77
      63
      57
      76
      73
      61
      66
      61
      70
      62
      66
      64
      58
      63
      56
      52
      64
      55
      54
      55
      70
      65
      56
      53
      59
      66
      63
      66
      54
      64
      61
      72
      55
      46
      55
      43
      64
      47
      70
      63
      46
      58
      57
      64
      76
      70
      70
      84
      68
      83
      74
      68
      68
      66
      48
      71
      59
      53
      68
      58
      64
      59
      61
      51
      65
      68
      69
      60
      56
      68
      47
      50
      65
      53
      59
      67
      51
      60
      74
      56
      61
      60
      56
      51
      49
      48
      58
      47
      56
      69
      65
      55
      62
      53
      55
      46
      51
      48
      55
      43
      52
      51
      65
      61
      55
      59
      50
      58
      56
      50
      65
      59
      56
      67
      49
      50
      53
      32
      49
      51
      52
      55
      48
      48
      50
      65
      50
      59
      48
      35
      49
      60
      37
      54
      51
      49
      68
      59
      63
      53
      39
      45
      52
      52
      58
      58
      53
      55
      59
      64
      58
      53
      43
      64
      50
      49
      54
      56
      57
      61
      67
      55
      50
      56
      56
      45
      52
      46
      60
      54
      45
      65
      54
      48
      51
      54
      44
      51
      44
      56
      51
      40
      51
      48
      61
      58
      39
      54
      55
      49
      55
      54
      45
      53
      44
      57
      49
      48
      51
      48
      51
      44
      53
      35
      36
      41
      59
      45
      41
      46
      44
      56
      56
      47
      55
      61
      46
      60
      44
      50
      51
      41
      58
      44
      38
      55
      49
      55
      58
      52
      65
      59
      44
      57
      46
      39
      51
      48
      50
      42
      59
      43
      70
      51
      43
      36
      50
      54
      54
      52
      41
      63
      54
      56
      50
      37
      47
      54
      58
      47
      39
      55
      76
      41
      63
      52
      46
      72
      61
      54
      54
      52
      49
      59
      58
      42
      54
      52
      45
      52
      43
      47
      45
      56
      59
      39
      47
      50
      55
      32
      46
      56
      38
      47
      54
      38
      48
      59
      50
      50
      45
      48
      51
      44
      49
      52
      43
      48
      48
      49
      38
      37
      66
      33
      58
      64
      43
      48
      37
      37
      43
      44
      55
      47
      43
      34
      41
      48
      37
      50
      29
      51
      38
      43
      73
      62
      74
      80
      68
      96
      67
      60
      58
      45
      42
      54
      44
      53
      35
      29
      36
      44
      36
      57
      36
      54
      29
      41
      47
      43
      39
      31
      46
      33
      42
      46
      44
      37
      43
      48
      52
      41
      42
      37
      40
      48
      39
      48
      40
      55
      46
      38
      27
      54
      45
      38
      40
      42
      41
      46
      34
      55
      47
      39
      31
      42
      40
      42
      32
      44
      38
      41
      32
      44
      34
      40
      48
      38
      34
      37
      41
      44
      36
      49
      39
      43
      40
      30
      38
      44
      38
      45
      37
      44
      49
      45
      33
      37
      36
      51
      45
      45
      29
      31
      31
      37
      42
      40
      37
      40
      39
      47
      29
      28
      34
      49
      31
      48
      31
      44
      34
      33
      38
      36
      44
      37
      38
      48
      50
      45
      35
      40
      34
      30
      48
      40
      36
      31
      34
      37
      39
      39
      40
      32
      41
      37
      44
      30
      34
      32
      26
      39
      39
      40
      40
      32
      37
      42
      39
      41
      34
      44
      42
      50
      40
      44
      29
      40
      39
      33
      36
      37
      42
      39
      35
      33
      42
      34
      40
      35
      47
      41
      42
      35
      33
      33
      34
      42
      39
      32
      35
      39
      37
      36
      32
      39
      29
      27
      44
      37
      45
      40
      44
      36
      33
      40
      33
      46
      35
      36
      31
      30
      43
      35
      35
      31
      30
      41
      37
      29
      32
      37
      31
      44
      38
      32
      41
      43
      36
      46
      50
      39
      42
      47
      31
      27
      36
      40
      43
      34
      32
      32
      43
      32
      24
      37
      28
      43
      39
      34
      30
      32
      29
      36
      33
      35
      34
      26
      33
      37
      33
      36
      38
      37
      40
      30
      25
      34
      37
      28
      32
      39
      29
      40
      32
      41
      33
      41
      30
      40
      37
      28
      29
      33
      38
      34
      33
      34
      30
      36
      35
      36
      39
      37
      35
      32
      37
      32
      39
      35
      38
      40
      40
      28
      35
      36
      31
      27
      35
      25
      37
      28
      35
      35
      37
      32
      36
      25
      36
      31
      30
      27
      29
      35
      25
      29
      30
      20
      28
      32
      43
      24
      29
      36
      35
      29
      17
      36
      37
      44
      24
      33
      54
      36
      27
      40
      35
      23
      27
      41
      30
      28
      34
      33
      32
      32
      39
      38
      36
      33
      38
      32
      36
      34
      35
      39
      37
      32
      36
      32
      41
      32
      40
      37
      27
      38
      31
      36
      23
      30
      31
      38
      42
      36
      32
      37
      25
      32
      34
      29
      40
      30
      25
      27
      49
      32
      34
      27
      29
      35
      32
      34
      27
      33
      31
      23
      23
      35
      33
      31
      24
      34
      30
      34
      35
      40
      36
      36
      40
      27
      41
      38
      37
      32
      25
      33
      35
      30
      39
      43
      44
      37
      29
      41
      36
      24
      36
      31
      33
      25
      41
      37
      32
      40
      33
      31
      31
      40
      37
      52
      25
      34
      37
      29
      27
      34
      34
      48
      26
      34
      37
      24
      26
      34
      31
      25
      26
      31
      22
      34
      33
      30
      30
      26
      30
      31
      28
      36
      25
      36
      19
      25
      29
      30
      29
      32
      23
      32
      30
      27
      28
      30
      23
      33
      30
      27
      27
      19
      31
      34
      24
      28
      33
      37
      25
      29
      28
      35
      34
      25
      34
      25
      33
      42
      21
      24
      21
      24
      39
      28
      26
      31
      24
      28
      25
      33
      31
      40
      27
      31
      30
      24
      34
      30
      30
      32
      24
      34
      29
      30
      32
      19
      30
      35
      28
      27
      31
      32
      32
      26
      25
      33
      23
      34
      33
      23
      28
      26
      31
      32
      17
      26
      31
      26
      28
      37
      27
      30
      40
      31
      28
      30
      23
      31
      34
      26
      29
      25
      31
      40
      37
      33
      27
      22
      29
      25
      34
      30
      36
      27
      24
      30
      32
      25
      19
      29
      26
      23
      31
      33
      17
      27
      29
      27
      40
      28
      39
      34
      19
      30
      42
      24
      21
      35
      33
      33
      19
      23
      26
      30
      24
      33
      25
      28
      26
      25
      27
      28
      31
      26
      24
      32
      26
      31
      39
      26
      30
      38
      20
      19
      32
      29
      30
      26
      17
      21
      37
      21
      24
      25
      33
      27
      29
      28
      14
      28
      29
      30
      26
      26
      26
      38
      26
      28
      24
      30
      17
      22
      29
      25
      25
      20
      38
      24
      25
      26
      25
      28
      35
      27
      20
      33
      16
      27
      22
      33
      26
      22
      36
      22
      34
      35
      29
      32
      21
      27
      31
      29
      33
      26
      24
      30
      27
      26
      16
      32
      31
      25
      27
      24
      25
      23
      34
      23
      30
      25
      22
      27
      26
      24
      31
      26
      19
      28
      33
      28
      22
      20
      19
      30
      29
      31
      28
      21
      27
      25
      28
      27
      32
      22
      38
      27
      35
      30
      36
      21
      24
      28
      30
      30
      15
      30
      30
      24
      38
      23
      29
      22
      23
      28
      34
      42
      26
      32
      33
      24
      28
      24
      22
      33
      23
      27
      28
      31
      23
      20
      30
      19
      31
      31
      20
      24
      23
      26
      25
      23
      29
      31
      25
      27
      22
      29
      34
      14
      21
      31
      21
      22
      26
      28
      26
      33
      26
      23
      39
      24
      26
      23
      26
      34
      29
      37
      36
      33
      46
      63
      61
      61
      66
      74
      90
      87
      86
      93
      83
      86
      58
      69
      67
      69
      55
      52
      49
      34
      33
      34
      33
      39
      23
      24
      40
      28
      21
      24
      35
      22
      26
      30
      35
      22
      20
      25
      29
      21
      26
      18
      23
      27
      25
      30
      35
      24
      35
      25
      32
      17
      29
      22
      19
      34
      17
      14
      28
      17
      28
      21
      28
      26
      26
      27
      14
      25
      31
      15
      21
      17
      29
      27
      28
      21
      26
      33
      18
      22
      20
      29
      20
      28
      25
      25
      25
      25
      19
      28
      29
      22
      22
      29
      25
      21
      21
      25
      28
      17
      16
      28
      19
      23
      27
      26
      24
      24
      26
      17
      18
      22
      28
      13
      31
      25
      19
      28
      25
      20
      17
      19
      24
      17
      24
      23
      29
      31
      25
      22
      20
      17
      26
      31
      30
      19
      21
      24
      23
      27
      21
      28
      20
      24
      23
      21
      20
      15
      21
      23
      20
      19
      20
      24
      19
      20
      23
      27
      24
      30
      23
      22
      29
      28
      27
      21
      26
      15
      24
      23
      24
      27
      20
      32
      29
      25
      20
      18
      23
      17
      20
      28
      23
      26
      28
      19
      27
      18
      23
      20
      23
      31
      22
      20
      19
      27
      15
      25
      22
      23
      24
      24
      16
      28
      20
      18
      23
      30
      25
      19
      26
      22
      14
      22
      30
      32
      27
      28
      21
      19
      16
      20
      19
      19
      22
      30
      17
      20
      18
      33
      24
      28
      23
      22
      29
      16
      18
      11
      20
      19
      29
      16
      18
      13
      23
      28
      26
      22
      16
      24
      22
      31
      17
      18
      26
      32
      27
      16
      18
      20
      23
      27
      21
      17
      19
      18
      20
      18
      22
      31
      20
      25
      15
      16
      30
      23
      26
      22
      20
      22
      15
      23
      27
      22
      25
      29
      23
      29
      29
      21
      27
      21
      23
      18
      17
      21
      16
      20
      28
      21
      21
      21
      30
      21
      23
      19
      22
      19
      25
      19
      23
      18
      26
      25
      23
      31
      20
      18
      30
      25
      21
      28
      20
      22
      20
      13
      18
      24
      19
      18
      22
      22
      11
      25
      18
      18
      23
      16
      22
      24
      26
      19
      27
      33
      26
      22
      23
      20
      23
      16
      23
      23
      23
      31
      24
      31
      20
      18
      29
      27
      18
      28
      28
      24
      27
      19
      16
      17
      24
      19
      21
      18
      25
      33
      25
      34
      30
      28
      43
      37
      33
      35
      38
      44
      33
      27
      17
      28
      24
      16
      33
      23
      18
      20
      21
      15
      16
      21
      17
      18
      17
      23
      26
      18
      16
      21
      17
      22
      10
      25
      14
      18
      21
      22
      22
      20
      28
      19
      25
      22
      20
      23
      28
      21
      20
      20
      32
      20
      32
      20
      22
      17
      24
      30
      18
      21
      26
      24
      23
      22
      20
      27
      19
      15
      13
      21
      30
      20
      20
      15
      24
      28
      22
      12
      20
      24
      17
      24
      25
      31
      14
      15
      20
      21
      19
      22
      31
      24
      28
      19
      25
      22
      18
      21
      20
      26
      22
      17
      19
      20
      28
      20
      23
      14
      19
      21
      26
      18
      17
      22
      26
      26
      21
      21
      13
      22
      28
      17
      20
      32
      21
      17
      21
      21
      21
      22
      26
      20
      49
      34
      37
      38
      58
      53
      43
      44
      44
      37
      35
      31
      35
      28
      22
      24
      29
      18
      20
      21
      18
      20
      18
      27
      28
      28
      13
      21
      24
      22
      24
      15
      24
      28
      20
      22
      24
      23
      24
      21
      22
      17
      22
      14
      15
      21
      19
      17
      27
      14
      21
      12
      15
      24
      18
      14
      15
      28
      21
      20
      18
      21
      17
      16
      20
      20
      17
      22
      24
      19
      20
      20
      16
      20
      23
      17
      13
      16
      26
      20
      20
      26
      24
      20
      27
      14
      20
      24
      19
      19
      23
      12
      18
      25
      13
       8
      23
      17
      13
      20
      10
      20
      22
      19
      18
      19
      13
      14
      14
      15
      15
      26
      23
      18
      16
      20
      17
      14
      23
      16
      16
      24
      27
      22
      23
      24
      25
      23
      23
      17
      16
      17
      20
      14
      18
      16
      16
      20
      14
      22
      15
      26
      26
      20
      18
      22
      17
      11
      17
      20
      22
      19
      19
      18
      20
      16
      19
      12
      18
      15
      11
      18
      14
      13
      18
      22
      13
      18
      22
      24
      18
      19
      28
      21
      29
      24
      18
       9
      22
      16
      13
      16
      14
      22
      12
      19
      16
      22
      20
      19
      18
      20
      22
      24
      17
      18
      10
      26
      12
      24
      23
      21
      24
      20
       9
      13
      13
      18
      24
      11
      18
      19
      18
      14
      16
      16
      11
      20
      15
      22
      14
      18
      18
      18
      17
      17
      20
      24
      21
      18
      21
      15
      13
      20
      18
      23
      15
       9
      19
      21
      17
       8
      28
      20
      15
      15
      22
      18
      15
      26
      17
      19
      15
      14
      14
      17
      16
      16
      16
      26
      15
      19
       9
      10
      16
      19
      19
      20
      17
      16
      29
      17
      23
      26
      10
      19
      19
      15
      21
      13
      16
      14
      15
      11
      13
      12
      19
      16
      19
      24
      21
      18
      19
      10
      14
      14
      15
      18
      17
      17
      25
      18
      19
      18
      13
      19
      18
      17
      19
      13
       9
      15
      22
      19
      19
       7
      18
      17
      10
      12
      17
       7
      22
      15
      14
      18
      17
      22
      17
      14
      20
      16
      23
      17
      13
      21
      18
      10
      20
      20
      24
      22
      19
      18
      15
      15
      17
      15
      16
      12
       8
      16
      29
       9
      23
      24
      22
      13
      18
      14
      17
      14
      16
      14
      16
      17
       8
      16
      28
      18
      22
      20
      13
      19
      13
      19
      13
      16
      20
      14
      18
      11
      12
      17
      17
      14
      15
      20
      11
      14
       9
      20
      16
      20
      20
      18
      19
      10
      24
      19
       8
      18
      14
      18
      18
      16
      19
      12
      21
      16
      22
      24
      20
      22
      17
      14
      18
      15
       9
      22
      18
      13
      15
      24
      16
      17
      23
      16
      13
      18
      15
      20
      19
      18
      26
      14
      17
      13
      11
      18
      15
      21
      16
      13
      14
      12
      14
      10
      11
      19
      16
      16
      13
      24
      18
      17
      12
      12
      17
       7
      13
      16
      17
      19
      13
      16
      27
      14
      20
      17
       9
      19
      14
      18
      19
      12
      12
      18
      22
      11
      14
      18
       9
      15
      12
      17
       7
      12
      20
      18
      17
      16
      13
      15
      16
      19
      10
      15
      18
      13
      19
      11
       9
      16
      14
      12
      22
      17
      15
      16
      11
      17
      13
       9
       9
      10
      15
      11
      18
      20
       8
      18
      19
      17
      18
      17
      14
      17
      18
      18
      17
      26
      17
      18
      20
      21
      11
      16
       7
      11
       8
      17
      17
      25
      13
      14
      12
      23
      16
       7
      21
      11
      14
      19
      20
      17
      14
      13
      16
      21
      20
      16
      17
      20
      11
      23
      20
       7
      18
      18
      13
      14
      14
      14
      17
      14
      22
      13
      15
      22
      15
      12
      11
      20
      12
      28
      27
      26
      17
      18
      19
      19
      20
      11
      13
      18
      18
      16
      16
      14
      17
      12
      14
      20
      13
      14
      11
      19
      19
      22
      26
      14
      14
      19
      13
      18
      19
      13
      15
      15
      15
      22
      12
      10
      17
      14
      13
      16
      13
       8
      10
      13
      16
      19
      10
      12
      14
      12
      20
      18
      13
      13
      10
      17
      16
      16
      14
      16
      17
      16
      14
      15
      11
      10
      18
      15
       9
      14
      13
      14
       9
      13
      15
      15
      19
      11
      14
      12
      11
      14
      14
      18
      14
      11
      24
      15
      13
      17
      14
      16
       8
       8
      18
      14
      17
      10
      16
      18
      16
      21
      15
      12
      19
      12
      21
      13
      18
       7
      27
      15
      19
      18
      16
      15
      15
      13
      10
      12
      27
      10
      21
      17
      13
      16
      14
      10
      12
      18
      18
      19
      21
      17
      11
      10
      19
      17
      13
      19
      14
      23
      14
      15
      15
      12
      10
       9
      12
      16
      11
      12
      21
       5
      14
      12
      20
      14
      18
      12
      18
       9
      20
       9
      14
       6
      15
      16
      20
      17
      11
      13
      15
      16
      16
      18
      12
      10
      14
      14
      17
      23
      12
      16
      18
      15
      15
      13
      19
      19
      12
      15
      12
      12
      12
      12
      19
      16
       9
      21
      10
      14
      12
      15
      13
      10
      14
      10
      16
       9
      18
      17
      16
      11
       8
      18
       9
      24
      17
      15
      11
      16
      18
      17
      15
      14
      16
      15
      22
      17
      16
      13
      13
      10
      26
      16
      14
      18
       7
      18
      10
       7
      10
      19
      16
       9
      15
      10
      14
      21
      17
      15
      16
      11
      19
       8
      13
      14
      15
       8
      22
      14
      11
      15
      13
      17
      16
      10
       8
      15
      12
      15
      14
      15
       6
       7
      11
      10
      13
      15
       6
       7
      11
      14
      12
       7
       9
      10
      19
      15
       7
      13
      11
      18
       9
      15
      21
      18
      14
      12
      17
      14
      17
      11
      13
       9
      16
      12
      15
      12
      16
      12
      12
      12
      19
      11
      15
      21
      13
      14
      14
      19
      16
      22
       9
       9
      17
      14
       8
      13
      10
      17
      12
      14
       7
       7
       9
      17
      10
      11
      16
      12
      20
      16
      16
      14
      12
       9
      13
      11
      17
      12
      13
      10
      16
      20
      14
      15
       9
      16
      15
      11
      12
      16
      13
       7
      11
       7
      16
      19
      15
      17
      11
       8
      17
      11
      13
      11
      12
      20
      13
      14
      13
      12
       7
      15
      14
      12
      18
      14
       8
      18
      17
      11
      13
      14
      13
      13
      14
       9
       9
      15
       5
      13
       9
      10
      16
      17
      18
      10
       9
      15
       9
      11
       9
      11
      11
      10
      17
      13
       7
      12
      13
      13
      13
      13
      21
      10
      11
      23
      16
      14
      20
      23
      16
      11
      14
      14
      15
      19
      17
      20
      29
      25
      36
      38
      41
      58
      65
      58
      61
      58
      44
      52
      37
      39
      29
      20
      19
      16
      23
      10
      16
      14
       9
      10
       7
      13
      14
      13
      12
      12
       9
      11
      16
       7
      15
      16
      13
       9
      13
      16
       8
      14
      10
      16
      14
      13
      18
      14
      15
      11
      12
       9
      12
      14
      12
      10
      10
      15
      12
      10
      17
      12
      20
      11
      16
      12
       5
      16
      13
      10
      12
      10
      11
       6
      18
       9
      13
      12
       7
      11
      16
      10
       7
      14
      12
       9
      11
      10
       8
      15
      14
      17
       6
       8
       9
      10
      14
      15
      10
      11
      14
       9
      10
      14
      10
      12
      16
       5
      19
      17
      10
       8
      12
      15
      10
      11
      10
      10
      12
      11
      11
      19
       8
       9
      12
      15
       7
       8
      11
      17
      18
       9
      14
      15
      19
      10
      11
      18
       6
      17
      14
      11
      15
      13
      12
      10
       8
      17
      11
      12
       9
      17
      17
      13
      13
      15
      16
       7
      13
      12
      10
      13
       7
       7
       8
       9
      11
       6
      17
       5
      11
       7
      12
      11
       7
      10
      10
      13
      12
       7
      10
      18
      13
      13
      15
       9
      16
      11
      13
      11
      12
       7
      14
      15
      10
      10
       9
      12
      13
       9
       9
      11
       8
       7
      14
      14
      14
      10
      12
      13
       9
      10
      13
      10
      14
      10
       7
      12
       7
      13
      15
      10
      14
      10
      13
       9
      10
      15
       9
       9
      17
       8
      12
      15
      12
       8
      10
       6
      16
       8
      16
      13
       8
      12
      14
      15
      10
      11
      16
      11
      21
      14
      11
      13
      17
      13
      10
      19
       9
      13
      15
       8
      13
      14
      12
      11
       8
      11
      13
      10
      17
      16
      11
      14
       8
       8
      14
       7
      17
      10
       8
       9
      10
       6
      15
      17
      17
      13
      10
      19
      13
      15
       8
       7
       9
       7
      16
      20
      10
      10
       5
      14
      13
      11
       7
      12
      14
       7
       9
      15
      19
      11
      15
      13
      11
       7
      19
      11
      12
      14
      14
       9
       9
      13
      17
       8
      15
      14
       4
      11
      11
       7
      12
      16
      13
       9
      12
      11
      10
      12
      10
       5
      18
       7
      14
       9
      10
      11
      10
       7
      10
       9
      12
       5
      10
      14
      15
       5
      14
       9
       9
       7
      13
       9
      12
      13
      11
      13
      16
      17
      10
      12
      12
      12
      12
      12
      15
      13
      11
      15
      16
       7
       9
      10
      14
       6
      12
      12
      13
      12
      13
       8
      11
       9
       8
      10
       9
      10
      13
       9
      11
      10
      15
       8
      13
       8
      10
      19
       8
       8
      14
      13
      16
      12
       8
      11
       8
      17
       9
      10
      13
      14
      14
       8
      15
      14
       9
      11
      14
      12
       8
      18
      17
      10
      12
      14
       5
      20
      11
       6
      12
      12
       9
      12
      10
      11
      12
       9
      17
      10
      13
      12
       9
       9
      15
      11
       6
       8
      11
       9
       5
       9
       8
      14
       9
      10
       7
      11
      14
      12
      12
      10
       8
       9
       9
      12
      15
      13
       9
      11
       4
      15
      12
      12
      12
      16
      16
      11
       8
      10
       4
      11
      17
       9
      21
       6
      12
      11
      11
      13
      14
       6
      12
      16
      13
      18
      12
      15
      11
       8
      16
      18
      19
       9
      13
      20
      17
      19
      23
      23
      26
      24
      17
      23
      27
      28
      19
      16
      25
      18
      18
      13
      10
       8
      16
      12
      10
       8
      10
      10
       7
      13
      10
      11
      12
      21
       9
       8
       4
       3
      11
      12
      15
      11
      10
      17
      14
       7
      14
      10
      12
      11
      10
      13
      12
      10
       8
      14
      13
      11
       8
      13
      11
       9
       8
      16
       6
      12
      10
       8
       9
       9
       8
      13
      12
       7
      15
      10
      11
       7
      12
       6
       9
      11
      10
      10
       5
      12
       6
      13
       8
       9
      14
       7
      14
      10
       6
      11
       6
      13
      16
       9
       9
      17
       8
       6
       9
       9
       6
       9
      12
       9
      10
       4
      11
      10
      13
      10
       7
       2
      22
      19
      10
       5
      13
      13
      11
      18
      18
      15
      14
      11
       5
      13
       9
      11
      12
       8
       8
       4
      12
      10
       8
      10
       6
      13
      15
      10
       8
      15
      11
      10
      11
      13
      12
      11
      11
      10
       6
      10
       5
      15
       3
       7
      10
       9
       9
       9
       7
       5
      12
       8
      15
      10
       8
      10
      10
       9
      14
      12
      10
       9
      12
      15
      12
      15
      10
       9
      11
      14
      12
       5
       9
      10
      12
      13
      11
       8
      12
       9
      11
       9
      15
       9
      10
       6
       7
      11
      12
      13
      10
      14
       7
       7
      13
      10
       5
      13
      13
      14
       2
      11
       7
       8
      11
       9
      13
      15
      16
      12
      12
      12
      10
       4
      11
      10
      10
       9
      10
      12
       8
       7
       4
       7
      10
      10
       8
      11
      12
       9
      10
      11
       9
       9
      10
      11
      11
      13
      11
       9
      17
       8
      22
       9
      12
       7
      15
       6
      11
       6
       5
       6
       6
       9
       6
      16
       8
      13
      12
       7
       8
       7
       9
      16
      13
      10
      20
      16
      13
      19
      15
      13
      10
       9
      15
      12
       7
      10
       8
       9
      15
      15
      18
       9
      19
      10
      27
      16
      11
      14
      18
      20
      11
      13
      13
      14
      15
      10
       7
      10
      12
       6
      13
       8
       5
       8
      10
       6
      11
      14
       7
       6
      11
       8
       2
       8
      16
      10
      14
      10
      10
       9
      11
       9
      15
       5
       8
      12
       4
       8
      10
      12
       7
       9
       9
      10
      12
      12
       8
       8
       8
       3
      12
      10
       8
       6
      12
      12
       8
      10
      10
      13
      12
       7
       6
      11
      16
       5
      10
       6
       8
       9
       9
      15
       5
      15
      16
       9
       8
       6
       7
       6
      12
       9
       6
       8
      13
       7
       7
      14
      12
      10
       6
      10
       6
      11
       6
       5
       8
       6
       5
       9
       8
      14
       7
       5
      12
       9
       5
       4
      12
      11
      10
       5
       5
      10
      10
      14
      12
       9
      12
       3
      11
      14
       8
       7
      14
      16
      14
      16
      11
      14
       7
       9
      14
      10
       4
      16
      10
       7
       4
      11
      11
      11
       6
      13
      14
      10
       6
       7
      13
      11
      14
       8
      11
       9
       6
      12
      14
      18
       8
       5
       7
      11
       9
      11
       2
      11
       8
      13
      11
       3
       7
      10
      10
       9
      14
      10
      14
       6
       5
      14
       6
       7
       9
       9
       8
       9
      10
       6
       7
       5
       8
       9
      11
      13
       7
       7
      12
       8
      10
      13
       6
       6
      12
       6
       8
       7
       6
       3
      17
      15
       9
       9
       7
      11
      10
      10
      11
      10
       9
       7
       8
       8
       7
      11
      13
       5
       6
       6
       9
      16
      10
      11
      10
      17
       9
       9
       3
      15
      18
       8
       9
      10
       9
       5
       8
      11
       8
       8
       5
      12
      14
       9
      10
       8
       9
       9
       5
      10
       9
       9
       6
       7
       9
       5
      11
       6
      13
      14
       4
       9
       6
       8
      14
      12
      10
       6
       9
      12
       6
       6
       8
      11
      11
       6
      14
       9
       7
      14
       9
       9
      11
      11
      12
       9
       8
      14
       7
       6
       5
      10
       5
       5
       7
      10
      12
       8
       8
       8
      10
      14
      11
       6
       6
       4
       8
       9
      13
      11
       8
       8
       8
       9
      15
      13
       5
       8
       8
       6
      18
       8
      14
      10
       7
       9
       7
       7
       6
      11
       7
       8
      10
      11
       9
       5
       7
       9
      17
       8
      10
       4
       7
      14
       3
      12
      11
       9
      10
      11
       7
      14
      12
       9
       6
      16
       8
      11
       6
       4
       9
       6
      13
       9
       7
      12
       9
       9
       8
      11
      11
       7
       8
       6
       8
      11
      11
      15
       8
      12
      12
       5
       4
       4
      11
       9
      11
       3
       6
       5
       7
       8
       9
      15
       9
       8
       8
       5
       1
       8
       5
      13
       9
       9
       9
      12
       8
      12
       6
      10
      12
       5
       6
       6
      11
       9
      13
      11
       2
       8
      11
      10
      13
       6
      10
       7
      13
       5
       4
       6
       9
       8
      11
       7
       8
       9
      10
       5
      12
       9
      10
      13
      12
       8
       4
       8
       7
       8
      10
       9
      11
       8
       6
       9
       7
       9
       9
       8
      11
      11
      19
       9
       6
      15
       9
       9
      12
      11
       8
       9
       8
       9
      11
       7
      11
      10
      14
      13
      15
       6
       9
       9
       7
       6
      10
       7
       7
       7
       6
      11
       4
      11
      11
       9
       8
       3
       8
      11
      15
      13
       4
       8
       6
       9
       2
       6
      10
       4
       9
       9
      11
       8
      10
      11
       9
       6
       8
       8
       4
       7
      11
      17
       8
       7
       8
       9
       9
       4
       9
      15
       7
       7
       8
      11
       5
       8
       7
      11
      10
       8
       9
      14
      16
       7
       5
       8
       7
       8
      10
       8
      11
       6
       9
       7
      13
      16
       7
       6
       7
       6
       8
      10
       5
      10
       8
      16
       5
      14
       9
       4
      11
       7
       6
      10
      12
       5
       7
      10
      11
      10
       6
       8
      10
      10
      10
       7
       6
      12
       4
       6
      11
       4
       9
       3
       9
      11
       7
      10
       6
       7
       6
      13
       8
       9
       5
      15
      16
       9
       8
       8
       6
      11
       5
       8
      10
       6
       8
      10
       6
      10
       6
      11
       8
       7
       6
       5
       2
      12
       9
       8
       3
       7
       8
      14
       7
      10
       6
       7
       8
       8
      15
      11
       7
      10
       5
      13
      13
       8
       6
      19
      10
       4
      12
       9
      10
      12
       8
      12
      12
       9
      10
      12
       9
      11
       8
       9
       6
       4
       6
       5
      12
       4
       5
       8
       8
      11
       7
       7
      12
       7
       4
       9
       9
      12
       8
       6
       6
       4
      10
       8
       7
      14
       4
       8
       8
      10
       7
       4
       6
       9
      15
       7
      13
       5
       7
      10
       7
       6
       6
      11
       3
       3
      10
       7
       8
      16
       6
       9
      10
       4
       8
       8
      13
       6
      12
       9
      11
       7
       7
       3
       6
       6
       3
       3
       9
       7
       6
      10
      10
      13
      14
       7
      10
      13
       9
       2
       6
       8
      16
       8
      13
      11
      12
      11
      13
      14
      15
      10
      18
      17
      22
      25
      16
      10
      22
      14
      14
      11
       7
      12
       6
      12
       7
       9
      12
      11
      11
       7
      10
      10
      10
       7
      10
       7
       9
       3
       9
      11
       3
       7
       3
       9
       3
       8
      10
       8
       2
       9
       4
       4
       6
      11
       7
       8
       7
       8
      10
       9
       9
       6
       9
       6
       9
       9
       5
       5
      12
       8
       3
      10
       9
       6
       8
       9
      14
       8
       8
       9
       8
       7
       8
       7
       8
       5
       3
       7
       8
       6
       7
      15
      13
       5
      11
      11
       9
       7
      12
       5
      10
      12
       8
       6
       8
       9
       7
       7
      11
       9
       5
       6
       8
       6
      10
       8
       2
       3
       8
       5
       7
      11
      11
       4
       7
       7
       9
       7
      13
       7
       9
       7
       5
       3
       5
      12
       5
      11
       5
      11
       7
       6
       4
       6
       3
       6
       7
       9
       8
       6
       8
       4
       9
       7
      10
       7
      13
      10
       9
      11
       5
       7
       7
       5
       9
       7
      10
       9
      10
      14
       4
       4
       7
       6
       8
       9
       8
      11
       7
       7
       7
       8
       8
       4
       6
       9
       3
       9
       5
       9
       6
       6
      11
       7
       9
       8
       8
       6
       9
       7
      10
      15
       8
       5
       4
       7
       8
       8
       6
      12
       6
       8
       8
       6
      15
       8
      10
       7
       7
       5
       6
       4
      12
      11
       8
       7
       6
      12
       6
       7
       5
       4
      16
      12
       7
       7
      11
       8
       5
       7
       8
       6
      10
       5
      15
       5
       8
       5
       9
      11
      11
       7
       8
      15
      10
      11
       9
       6
       5
       7
       7
       7
       5
       6
       6
      11
       6
      13
       9
       7
      10
       8
       7
       5
       7
       9
      15
       4
      11
       5
       8
       8
       9
       9
      10
       8
      16
      16
      12
      11
       8
      10
       6
       4
      16
       8
       6
      10
       6
       8
       9
       6
       6
       7
       7
      11
       7
       5
       4
       9
       9
       2
      10
       7
       8
       2
      12
       2
       7
      10
       7
      17
       7
       8
      10
       7
       4
       3
       5
      11
      14
       8
       6
       8
      14
      13
       4
      13
       6
       8
       8
       9
       6
      10
      10
       4
       8
      10
       3
      12
       8
       8
       6
       5
       6
       6
       7
       8
       5
      13
       6
       5
      10
       7
       8
       7
       8
       9
       4
      10
      10
       9
       8
       6
       8
       8
       7
       6
       9
       5
       4
       8
       4
       8
       6
       8
      11
       3
       8
      11
       7
      10
       8
       8
      10
       2
       6
       5
       7
       3
       9
       4
       8
      10
      13
       5
      12
       3
       9
       6
       4
      10
       9
       7
      12
       7
       6
       7
       6
       5
       8
       4
      11
       5
      14
       4
       7
      10
       9
       6
       6
       7
       8
       8
       5
       6
       1
       4
      11
      10
       5
       7
      10
      15
       6
      14
      12
       2
       8
       9
       5
       8
       9
       6
      10
       5
      11
       9
      11
      12
      11
       8
      13
      10
       7
       9
       6
       4
       3
      14
      11
       5
      14
       9
       9
       9
       6
       4
       7
       4
       5
       7
       9
      10
      14
       8
       3
       5
      10
       7
       7
       5
       8
      10
       8
       6
       7
       9
       9
       6
       9
       9
       9
       6
      11
       9
      10
      12
       5
       1
       9
       5
       5
       9
      10
       6
       9
       7
       7
       5
       9
      12
       9
       9
       6
       6
      10
       3
       7
       7
       7
       7
      13
       6
      18
       6
       6
      11
       8
      11
      12
      11
       6
      10
       6
       8
       6
       9
       2
       6
       5
       7
       6
       7
       0
       8
       7
      10
      11
       3
       7
       5
      10
       8
       8
       6
       7
       3
       4
      11
       9
       5
       8
       8
       7
       9
       8
       5
       5
      11
       7
       9
       7
       7
       4
       5
       7
      13
       6
       6
       4
       8
      10
      10
      13
       9
       8
       9
       7
      10
       4
       5
       5
       9
       2
       7
       6
       9
       9
      10
       8
       7
      10
       9
       8
      10
      12
      14
      14
      12
      19
      11
       9
      14
       7
      11
       7
       9
       7
       5
      13
       9
       6
       3
       4
       4
       6
       6
       2
       9
       7
       6
       8
       5
       9
       6
       5
      10
       8
       6
      10
       6
       6
       5
       7
       4
       6
       7
       8
       5
       8
       3
       8
       6
       9
      11
       6
       7
       4
       8
       5
      10
       6
       4
       7
       4
       5
       5
      10
       7
       3
       3
       6
       9
       9
       5
       4
      10
       1
       7
       4
       7
       9
       9
       5
       3
       9
       6
       8
       6
       6
       4
       4
      10
      11
      10
       6
       4
       6
       7
       4
       4
      10
       5
       6
       5
       7
       6
       4
       5
       5
      10
       6
       6
       5
       3
       5
       9
       6
       6
       4
       5
      12
       5
       8
       1
      10
       6
       4
      10
       3
       7
       7
       6
       8
       6
       7
       6
       8
       7
       9
       6
       7
       4
       6
       5
       3
       7
       6
       6
       7
       5
       5
       5
       3
       5
       2
       6
       6
      11
       6
       1
       6
       6
       7
       8
       7
       8
       5
       1
       6
       7
       5
       2
       5
       5
       4
       3
       2
       7
       6
       4
       6
       3
       2
       5
       5
       7
       6
       5
       7
       6
       9
       5
       4
       7
       3
       3
       2
      10
       9
       3
       6
       9
       3
       6
       4
      12
       6
       6
       4
       3
       3
       6
       6
       7
       2
       4
       6
       3
       8
       4
       5
       7
       3
       6
       9
       6
      11
       8
       9
       8
       1
       2
       5
       5
       3
       4
       6
      10
       2
       5
      10
      10
       4
       4
       6
       4
       4
      11
       3
       1
       3
       5
       4
       4
       7
       7
       7
       8
       3
       4
       6
       4
       9
       8
       7
       4
       2
       3
       6
       6
       5
       2
       5
       3
       8
       5
       7
       7
       6
      10
       4
       7
       6
       3
       4
       6
       3
       6
       2
       6
       1
       3
       5
       6
       4
       8
       6
       8
       4
       4
       4
       5
       9
       8
       5
       5
       9
       4
       6
       1
       6
       1
       5
       1
       3
       6
       4
       8
       3
       2
       5
       4
      11
       6
       2
       5
       9
       7
       4
       2
       3
       6
       3
       3
       3
       8
       3
      11
       6
       1
       8
       5
       5
       3
       8
       4
       5
      10
      10
       8
       4
       4
       5
       4
       3
       7
       4
       4
       8
       5
       3
       6
       4
       6
       2
       1
       5
       5
       5
       4
       3
       2
       6
       6
       6
       5
       8
       3
       5
      10
       8
       3
       3
       7
       3
       1
       4
       5
       4
       5
       3
       5
       7
       4
       9
       7
       6
       2
       7
       2
       3
       4
       6
       7
       3
       8
       9
       5
       3
       3
       7
       2
       6
       6
      11
       7
       6
       4
       1
       4
       2
       1
       7
       5
       2
       7
       6
       4
       6
       2
       4
       2
       7
       1
       5
       8
       7
       3
       4
       6
       8
       6
       4
       7
       8
       7
       4
       4
       4
       4
       5
       4
       5
       6
       4
       5
       6
       3
       6
       3
       3
       2
       9
       6
       2
       4
       5
       6
       2
       2
       4
       5
       2
       5
       5
       9
       2
       5
       5
       7
       7
       6
       4
       7
       7
       4
       5
       5
      10
       4
       5
       6
       8
       9
       6
       7
       4
       4
       2
       5
       5
       6
       5
       7
       4
       3
       3
       5
       9
       6
       5
       5
       5
       3
       3
       5
       5
       3
       7
       6
       2
       5
       6
       2
       5
       3
       6
       5
       5
       3
       8
       5
       5
       4
       7
       4
       1
       3
       5
       4
       2
       7
       5
       6
       2
       7
       7
       4
       3
       6
       2
       7
       5
       5
       6
       4
       4
       6
       5
       3
       1
       5
       6
       4
       4
       3
       3
       9
       5
       1
       2
       7
       5
       5
       4
       2
       7
       3
       4
       4
       6
       6
       6
       8
      11
       4
       5
       3
       6
       3
       6
       1
       7
       4
       5
       5
       4
       2
       1
       3
       5
       6
       4
       3
       4
       2
       6
       5
       4
       3
       2
       2
       3
       5
       6
       8
       2
       1
       5
       1
       3
       1
       4
       6
       4
       9
       7
       2
       4
       6
       6
       4
       4
       3
       5
       3
       3
       8
       8
       1
       3
      10
       2
       8
       2
      11
       6
       3
       4
       3
       6
       5
       6
       5
       3
       3
       4
       5
       6
       3
       5
       4
       3
       2
       2
       2
       4
       7
       2
       6
       3
       3
       4
       2
       3
       3
       6
       2
       3
       1
       8
       4
       1
       5
       2
       4
       4
       4
       2
       4
       6
       3
       3
       3
       5
       4
       4
       5
       4
       4
       1
       4
       5
       4
       8
       4
       1
       5
       2
       6
       1
       9
       4
       5
       2
       3
       5
       3
       3
       6
       9
       7
      11
       6
       6
       7
       3
       4
       5
       4
       3
       6
       5
       3
       6
       4
       6
       4
       6
       2
       4
       5
       1
       4
       1
       3
       5
       2
       3
       4
       3
       5
       0
       5
       1
       7
       5
       1
       6
       4
       4
       2
       6
       8
       4
       2
       5
       3
       3
       6
       4
       3
       1
      12
       2
       7
       4
       3
       2
       3
       1
       3
       5
       5
       5
       7
       6
       6
       3
       2
       3
       3
       3
       5
       2
       3
       6
       6
       6
       2
       7
       8
       2
       4
       2
       3
       2
       3
       5
       5
       6
       0
       4
       4
       6
       2
       4
       6
       4
       3
       4
       2
       6
       4
       4
       5
       3
       2
       7
       5
       5
       7
       2
       4
       2
       9
       2
       6
       4
       5
       3
       4
       7
       7
       2
       1
       5
       2
       4
       3
       4
       4
       5
       3
       2
       2
       8
       7
       7
       4
       2
       4
       5
       3
       2
       4
       3
       5
       0
       4
       8
       1
       7
       3
       7
       3
       7
       7
       5
       7
       7
       3
       6
       4
       2
       5
       6
       3
       1
       3
       9
       5
       4
       3
       1
       3
       3
       4
       3
       0
       1
       4
       6
       1
       9
       5
       3
       1
       4
       8
       3
       5
       4
       5
       5
       3
       3
       7
       2
       5
       2
       7
       4
       4
       2
       4
       3
       5
       6
       4
       1
       3
       4
       7
       6
       6
       2
       8
       7
       6
       1
       1
       2
       1
       4
       4
       1
       1
       2
       5
       1
       5
       3
       4
       1
       4
       4
       2
       2
       2
       4
       3
       4
       5
       5
       4
       2
       5
       3
       3
       4
       9
       4
       2
       2
       4
       1
       5
       5
       2
       5
       3
       6
       1
       3
       4
       5
       4
       5
       5
       5
       4
       3
       4
       2
       5
       5
       6
       3
       5
       2
       3
       4
       4
       2
       4
       3
       4
       3
       3
       3
       7
       6
       4
       0
       5
       3
       6
       4
       8
       2
       3
       4
       5
       0
       4
       4
       4
       9
       2
      10
       5
       1
       3
       5
       4
       1
       3
       2
       7
       5
       3
       4
       3
       4
       3
       2
       5
       7
       3
       6
       4
       3
       5
       2
       5
       4
       1
       4
       1
       4
       1
       2
       0
       1
       2
       3
       9
       3
       7
       3
       2
       7
       3
       3
       8
       3
       6
       4
       8
       4
       2
       5
       5
       2
       5
       2
       1
       6
       3
       7
       9
       4
       3
      10
       3
       5
       2
       3
       4
       5
       3
       1
       3
       2
       2
       5
       5
       4
       3
       5
       2
       1
       4
       1
       4
       2
       3
       4
       5
       5
       6
       5
       4
       5
       6
       5
       4
       6
      10
      17
      17
       8
      11
      12
      13
      22
      26
      29
      36
      42
      53
      51
      59
      54
      77
      67
      78
      83
      81
      77
      73
      58
      51
      61
      51
      30
      32
      27
      23
      15
      13
       7
       6
       7
       2
       1
       3
       2
       0
       4
       0
       4
       4
       4
       1
       1
       3
       2
       2
       2
       2
       6
       2
       0
       1
       0
       3
       1
       0
       1
       3
       1
       3
       7
       1
       2
       1
       4
       2
       2
       1
       4
       4
       4
       3
       0
       0
       1
       3
       3
       3
       3
       0
       3
       4
       2
       1
       5
       0
       4
       0
       4
       0
       5
       3
       2
       3
       2
       4
       1
       5
       3
       3
       2
       1
       1
       1
       4
       5
       4
       2
       6
       5
       4
       2
       2
       4
       8
       2
       1
       1
       1
       2
       1
       1
       4
       2
       5
       1
       9
       0
       3
       1
       2
       3
       2
       1
       2
       6
       0
       1
       0
       3
       3
       1
       1
       2
       1
       2
       2
       4
       3
       5
      11
       5
       2
       3
       3
       2
       0
       3
       5
       3
       2
       2
       1
       3
       1
       4
       4
       4
       3
       1
       2
       3
       5
       3
       1
       3
       3
       2
       1
       2
       0
       1
       2
       2
       3
       1
       2
       3
       3
       0
       5
       2
       1
       1
       2
       2
       2
       2
       1
       2
       2
       4
       4
       4
       3
       3
       5
       2
       3
       0
       2
       2
       3
       3
       3
       2
       1
       2
       0
       2
       6
       3
       2
       0
       2
       1
       3
       4
       6
       5
       6
       1
       1
       4
       2
       2
       3
       4
       9
       2
       4
       3
       6
       1
       5
       5
       4
       2
       1
       0
       1
       4
       5
       2
       1
       2
       3
       5
       5
       1
       2
       2
       1
       5
       7
       4
       2
       4
       2
       2
       2
       1
       3
       1
       2
       2
       1
       3
       2
       2
       4
       2
       0
       1
       0
       4
       6
       7
       1
       2
       3
       4
       0
       6
       3
       2
       2
       1
       4
       5
       6
       3
       3
       4
       2
       2
       8
       6
       2
       1
       4
       3
       2
       2
       0
       4
       3
       1
       0
       3
       3
       3
       1
       4
       3
       1
       0
       6
       2
       1
       0
       4
       6
       4
       2
       2
       2
       1
       3
       5
       4
       4
       2
       2
       2
       1
       2
       2
       2
       2
       1
       1
       1
       1
       3
       3
       4
       4
       2
       3
       0
       3
       0
       1
       1
       2
       3
       1
       2
       0
       2
       1
       1
       1
       1
       3
       3
       1
       4
       1
       5
       2
       4
       2
       2
       4
       3
       2
       5
       1
       3
       2
       3
       2
       2
       2
       6
       4
       1
       3
       2
       2
       2
       3
       2
       5
       2
       4
       3
       1
       0
       4
       3
       0
       4
       1
       7
       1
       6
       2
       2
       5
       6
       2
       4
       2
       4
       3
       4
       1
       4
       0
       1
       2
       1
       1
       1
       3
       2
       4
       3
       4
       1
       5
       3
       5
       1
       1
       4
       2
       3
       2
       5
       3
       1
       4
       3
       0
       3
       3
       0
       1
       3
       0
       2
       1
       4
       4
       4
       0
       5
       1
       1
       0
       6
       5
       0
       4
       2
       2
       3
       3
       4
       4
       1
       4
       1
       1
       4
       2
       3
       2
       2
       3
       1
       3
       4
       3
       3
       4
       3
       4
       0
       5
       0
       1
       3
       0
       1
       1
       1
       7
       1
       4
       5
       1
       1
       1
       1
       2
       0
       4
       3
       2
       2
       1
       1
       0
       2
       3
       3
       2
       7
       0
       1
       2
       2
       1
       3
       1
       3
       1
       2
       3
       2
       0
       2
       4
       5
       2
       3
       1
       2
       3
       0
       1
       2
       6
       3
       3
       0
       2
       0
       2
       4
       4
       2
       2
       2
       5
       1
       2
       1
       3
       2
       2
       3
       3
       3
       0
       3
       2
       1
       4
       0
       0
       2
       2
       0
       1
       0
       0
       0
       0
       0
       0
       0
       0
       0
       0
       0
       0
       0
       0
       0
       0
       0
       0
       0
       0
       0
       0
       0
       0
       0
       0
       0
       0
       0
       0
       0
       0
       0
       0
       0
       0
       0
       0
       0
       0
       0
       0
       0
       0
       0
       0
       0
       0
       0
       0
       0
       0
       0
       0
       0
       0
       0
       0
       0
       0
       0
       0
       0
       0
       0
       0
       0
       0
       0
       0
       0
       0
       0
       0
       0
       0
       0
       0
       0
       0
       0
       0
       0
       0
       0
       0
       0
       0
       0
       0
       0
       0
       0
       0
       0
       0
       0
       0
       0
       0
       0
       0
       0
       0
       0
       0
       0
       0
       0
       0
       0
       0
       0
       0
       0
       0
       0
       0
       0
       0
       0
       0
       0
       0
       0
       0
       0
       0
       0
$ROI:
0
$PRESETS:
None
0
0
$ENER_FIT:
0.196194 0.194904
$MCA_CAL:
3
1.961942E-001 1.949036E-001 3.834765E-008 keV
$SHAPE_CAL:
3
0.000000E+000 0.000000E+000 0.000000E+000
