$SPEC_ID:
No sample description was entered.
$SPEC_REM:
DET# 2
DETDESC# ALPHA COUNTER
AP# Maestro Version 7.01
$DATE_MEA:
11/20/2017 22:58:35
$MEAS_TIM:
120 120
$DATA:
0 2047
       0
       0
       0
       0
       0
       0
       0
       0
       0
       0
       0
       0
       0
       0
       0
       0
       0
       0
       0
       0
       0
       0
       0
       4
      61
      65
      63
      66
      54
      57
      65
      56
      48
      49
      46
      64
      44
      60
      58
      60
      49
      51
      55
      58
      75
      44
      60
      70
      65
      51
      50
      45
      51
      65
      58
      57
      43
      53
      57
      47
      51
      45
      42
      47
      66
      53
      48
      57
      52
      51
      57
      53
      48
      45
      35
      41
      47
      56
      51
      39
      56
      45
      58
      59
      60
      56
      53
     146
      52
      54
      60
      71
      84
      79
      70
      83
      65
      60
      72
      64
      80
      60
      74
      70
      64
      56
      62
      51
      78
      67
      66
      54
      55
      54
      61
      67
      56
      74
      64
      66
      37
      46
      48
      39
      47
      36
      33
      27
      43
      29
      33
      37
      27
      30
      43
      37
      37
      53
      36
      37
      37
      34
      31
      37
      29
      32
      37
      21
      36
      21
      25
      24
      29
      26
      25
      34
      31
      22
      24
      26
      25
      21
      21
      22
      27
      23
      25
      23
      23
      17
      23
      23
      24
      20
      22
      21
      25
      24
      20
      18
      20
      14
      14
      22
      20
      14
      23
      19
      19
      13
      25
      18
      23
      17
      22
      13
      20
      26
      10
      14
      22
      22
      21
      16
      22
      12
      17
      17
      19
      22
      22
      34
     489
    1754
      65
       5
       9
      10
       6
      10
       6
       7
       8
       9
      10
      16
      10
       7
      11
      13
       5
       6
       6
       9
      12
      11
      11
       8
      12
       6
       8
       9
       2
       7
       6
       5
       5
      22
      92
      18
       8
       6
       8
       6
       7
       8
       5
       4
       3
       9
      11
       5
       6
      36
     187
      44
       6
       4
      12
       2
       5
       6
       4
       5
      11
       9
       5
       8
       5
       6
       4
       6
       9
       4
       8
       7
       3
       2
       6
       4
       6
       6
       5
       7
       5
       8
       7
       9
       2
       7
       6
       4
       4
       3
      14
       4
       5
       3
       7
       5
      10
       4
       6
       7
       8
       6
       5
       9
       7
       8
       5
       7
      11
       8
       6
       6
       2
       4
       4
       7
       7
       6
       7
       6
       3
       8
       4
       7
       3
       5
       5
       9
       3
       6
       2
       4
       4
       4
       7
       5
       8
       6
       4
      10
       9
      12
       9
       4
       7
       8
       8
       3
       8
      11
       8
       9
      10
       7
       6
       5
       5
       5
       4
      11
       6
       8
       3
       5
       4
       5
       7
       3
       2
      10
       5
       3
       4
       5
       4
       4
       7
       8
       9
       4
      12
       7
       5
      12
       7
       5
       5
       4
       4
       7
       6
       4
       6
       8
       5
       6
       5
       5
       5
       9
       4
       5
      11
       4
       5
       4
       5
       4
       5
       6
       4
       4
      15
       4
       4
       6
       3
       6
       5
       5
       6
       6
       4
       4
       3
       2
       3
       2
       2
       6
       4
      10
       2
       8
       9
       8
       6
       6
       3
       3
      13
       9
       6
       8
       6
       7
       5
       8
       4
       4
       4
       7
       5
       5
       5
       4
       6
       4
       5
       6
       4
       4
       4
       7
       6
       9
       5
       2
       7
       4
       9
       8
       9
       2
       2
       6
       2
       4
       6
       7
      10
       7
       9
       6
       8
       9
       2
       8
       7
       9
       2
       6
       7
       4
       4
      14
       3
      11
       6
       8
       7
       8
       8
       7
       7
      31
      25
       6
       6
       2
       1
       6
      13
       4
       7
       8
      10
       9
       7
       8
       6
       5
       8
       9
       5
       9
       8
       9
      12
       6
       7
       8
       5
       5
      12
       7
       9
      10
       5
       7
       9
       7
       6
       6
       6
       4
       4
       8
       8
       7
       9
      10
       6
       5
       5
       8
       9
       5
       4
       6
       7
       7
       7
       5
       6
       6
       7
       7
      12
       5
       8
       2
       8
       7
       7
       8
       6
       4
       5
      10
       4
       4
       4
       7
       3
       2
       2
       4
       1
       7
       5
       6
       5
       7
       5
       4
       5
       5
       4
       8
       4
       3
       3
      11
       5
       5
       7
       9
       5
       7
       6
       7
       3
       4
       6
       5
       6
       1
       1
       5
       3
       7
       2
       8
       6
       3
       4
       8
       1
       4
       6
       3
      10
       3
       3
       4
      10
       5
       3
       5
       4
       3
       7
       7
       4
       4
       5
      10
       6
       6
       7
       6
       6
       5
       6
       8
       8
       2
       4
       7
       5
       7
       5
       7
       6
       9
       4
       9
       6
       7
       6
       6
      12
       6
       3
       3
       3
       5
       3
       3
       8
      18
      91
      90
       9
       5
       2
       2
       4
       3
       3
       1
       2
       6
       6
       3
       7
       6
       4
       6
       2
       1
       3
       2
       3
       2
       2
       4
       2
       3
       6
       5
       2
       1
       6
       1
       5
       3
       3
       4
       4
       1
       3
       4
       1
       0
       4
       4
       6
       1
       2
       2
       5
       5
       2
       2
       0
       2
       2
       3
       2
       5
       1
       0
       0
       2
       2
       3
       6
       4
       4
       1
       2
       4
       4
       3
       1
       0
       1
       3
       0
       1
       2
       1
       3
       1
       0
       6
       1
       4
       4
       3
       4
       4
       1
       3
       1
       5
       4
       1
       0
       1
       0
       0
       2
       1
       1
       3
       4
       4
       1
       0
       4
       2
       3
       2
       5
       5
       3
       2
       2
       2
       3
       1
       0
      10
      44
     110
      65
       5
       3
       5
       0
       1
       3
       1
       2
       1
       2
       1
       2
       1
       2
       0
       1
       3
       0
       0
       0
       3
       2
       1
       0
       1
       0
       1
       2
       3
       3
       2
       0
       4
       0
       0
       1
       0
       1
       1
       1
       0
       0
       0
       1
       2
       2
       4
       1
       1
       0
       1
       0
       0
       0
       1
       0
       0
       3
       2
       1
       1
       0
       1
       1
       0
       3
       2
       0
       1
       1
       1
       0
       0
       3
       0
       0
       0
       0
       1
       1
       2
       0
       1
       4
       2
       0
       3
       1
       0
       2
       2
       0
       1
       1
       1
       1
       1
       1
       3
       1
       0
       1
       0
       1
       1
       3
       1
       0
       1
       1
       0
       0
       3
       0
       4
       1
       0
       2
       1
       1
       1
       2
       0
       1
       1
       1
       1
       1
       3
       1
       1
       5
       3
       9
      16
       8
       1
       0
       0
       2
       2
       1
       2
       1
       1
       0
       2
       0
       1
       0
       1
       1
       1
       1
       1
       1
       0
       1
       1
       0
       2
       0
       0
       0
       1
       4
       1
       1
       1
       1
       1
       0
       1
       3
       0
       0
       2
       2
       0
       0
       2
       0
       0
       0
       2
       0
       0
       1
       1
       2
       1
       0
       2
       0
       2
       2
       0
       0
       0
       0
       1
       0
       0
       1
       1
       2
       1
       1
       0
       0
       1
       0
       1
       1
       0
       0
       1
       3
       3
       0
       1
       0
       0
       1
       0
       1
       0
       0
       0
       0
       1
       0
       0
       0
       1
       2
       1
       0
       0
       0
       1
       0
       0
       1
       0
       2
       0
       0
       2
       0
       0
       1
       0
       0
       1
       0
       0
       0
       0
       1
       0
       0
       1
       2
       0
       2
       0
       0
       0
       1
       0
       1
       2
       0
       0
       1
       0
       1
       2
       0
       1
       0
       2
       0
       1
       3
       1
       2
       0
       2
       2
       0
       0
       0
       0
       0
       1
       1
       0
       0
       1
       0
       1
       1
       1
       1
       1
       0
       1
       0
       2
       0
       0
       0
       0
       0
       0
       0
       1
       3
       0
       0
       0
       0
       0
       1
       0
       0
       0
       2
       0
       2
       1
       1
       1
       0
       0
       1
       1
       0
       1
       0
       0
       0
       1
       0
       2
       0
       0
       0
       1
       2
       1
       2
       0
       2
       0
       0
       0
       1
       1
       1
       0
       0
       0
       1
       2
       2
       1
       0
       0
       0
       0
       0
       0
       1
       1
       0
       4
       0
       0
       0
       0
       1
       0
       1
       0
       0
       0
       0
       0
       0
       0
       0
       1
       0
       0
       0
       1
       0
       0
       0
       0
       2
       1
       2
       5
       0
       0
       2
       1
       0
       1
       0
       0
       0
       1
       1
       0
       0
       0
       0
       0
       1
       0
       0
       1
       0
       0
       1
       0
       0
       2
       0
       0
       0
       0
       0
       0
       0
       0
       0
       2
       0
       0
       0
       0
       0
       1
       1
       0
       0
       0
       0
       0
       0
       1
       0
       0
       0
       0
       0
       0
       0
       0
       1
       0
       1
       0
       1
       0
       0
       0
       0
       0
       0
       0
       0
       0
       2
       0
       0
       2
       0
       0
       0
       0
       0
       0
       0
       0
       1
       0
       0
       0
       1
       0
       0
       0
       1
       1
       0
       1
       0
       0
       0
       0
       0
       0
       0
       0
       2
       0
       0
       0
       2
       5
       4
       7
       9
       1
       1
       0
       1
       1
       0
       0
       0
       0
       0
       0
       0
       0
       0
       0
       0
       0
       1
       0
       0
       1
       0
       0
       0
       0
       0
       0
       0
       0
       0
       0
       1
       0
       0
       0
       0
       0
       0
       1
       0
       0
       0
       0
       0
       0
       0
       0
       0
       0
       1
       0
       0
       0
       0
       0
       0
       0
       0
       0
       0
       0
       1
       0
       0
       0
       0
       0
       0
       0
       0
       0
       1
       0
       0
       0
       0
       0
       0
       0
       0
       0
       0
       0
       0
       0
       0
       0
       0
       0
       0
       0
       0
       0
       0
       1
       1
       1
       0
       0
       0
       0
       0
       0
       0
       0
       0
       0
       0
       0
       0
       0
       0
       0
       0
       0
       0
       0
       0
       0
       0
       0
       1
       0
       1
       0
       0
       0
       0
       0
       1
       0
       0
       0
       0
       0
       0
       0
       0
       0
       0
       0
       2
       0
       0
       0
       0
       0
       0
       0
       0
       0
       0
       0
       0
       0
       0
       0
       0
       0
       0
       0
       0
       0
       1
       0
       0
       1
       0
       0
       0
       0
       0
       0
       0
       0
       0
       0
       0
       0
       0
       0
       0
       0
       0
       0
       0
       0
       0
       1
       0
       0
       0
       0
       0
       0
       0
       0
       0
       0
       0
       0
       0
       0
       0
       0
       0
       0
       1
       0
       0
       0
       0
       0
       0
       0
       0
       0
       0
       0
       0
       0
       1
       0
       0
       0
       0
       0
       0
       0
       0
       1
       0
       0
       0
       0
       0
       0
       0
       0
       0
       0
       0
       0
       0
       0
       0
       0
       0
       0
       0
       0
       0
       0
       0
       0
       1
       0
       0
       0
       0
       0
       0
       0
       1
       0
       0
       0
       0
       0
       0
       0
       0
       0
       0
       0
       0
       0
       0
       0
       0
       0
       0
       0
       0
       0
       0
       0
       0
       0
       0
       0
       0
       0
       0
       0
       0
       0
       0
       0
       0
       0
       0
       0
       0
       0
       0
       0
       0
       0
       0
       0
       0
       0
       0
       0
       0
       1
       0
       0
       0
       0
       0
       0
       0
       0
       0
       0
       0
       0
       0
       0
       0
       0
       0
       0
       0
       0
       0
       0
       0
       0
       0
       0
       0
       0
       0
       0
       0
       0
       0
       0
       0
       0
       0
       0
       0
       0
       1
       0
       0
       0
       0
       1
       0
       0
       0
       0
       0
       0
       0
       0
       0
       0
       0
       0
       0
       0
       0
       0
       0
       0
       0
       0
       0
       0
       0
       0
       0
       0
       0
       0
       0
       0
       0
       0
       0
       0
       0
       0
       0
       0
       0
       0
       0
       0
       0
       0
       0
       0
       0
       0
       0
       0
       0
       0
       0
       0
       0
       0
       0
       0
       0
       0
       0
       0
       0
       0
       0
       0
       0
       0
       0
       0
       1
       0
       0
       0
       0
       0
       0
       0
       0
       0
       0
       0
       0
       0
       0
       0
       0
       0
       0
       0
       0
       0
       0
       0
       0
       0
       0
       0
       0
       0
       0
       0
       0
       0
       0
       0
       0
       0
       0
       0
       0
       0
       0
       0
       0
       0
       0
       0
       0
       0
       0
       0
       0
       0
       0
       0
       0
       0
       0
       0
       0
       0
       0
       0
       0
       0
       0
       0
       0
       0
       0
       0
       0
       0
       0
       0
       0
       0
       0
       0
       0
       0
       0
       0
       0
       0
       0
       0
       0
       0
       0
       0
       0
       0
       0
       0
       0
       0
       0
       0
       0
       0
       0
       0
       0
       0
       0
       0
       0
       0
       0
       0
       0
       0
       0
       0
       0
       0
       0
       0
       0
       0
       0
       0
       0
       0
       0
       0
       0
       0
       0
       0
       0
       0
       0
       0
       0
       0
       0
       0
       0
       0
       0
       0
       0
       0
       0
       0
       0
       0
       0
       0
       0
       0
       0
       0
       0
       0
       0
       0
       0
       0
       0
       0
       0
       0
       0
       0
       0
       0
       0
       0
       0
       0
       0
       0
       0
       0
       0
       0
       0
       0
       0
       0
       0
       0
       0
       0
       0
       0
       0
       0
       0
       0
       0
       0
       0
       0
       0
       0
       0
       0
       0
       0
       0
       0
       0
       0
       0
       0
       0
       0
       0
       0
       0
       0
       0
       0
       0
       0
       0
       0
       0
       0
       0
       0
       0
       0
       0
       0
       0
       0
       0
       0
       0
       0
       0
       0
       0
       0
       0
       0
       0
       0
       0
       0
       0
       0
       0
       0
       0
       0
       0
       0
       0
       0
       0
       0
       0
       0
       0
       0
       0
       0
       0
       0
       0
       0
       0
       0
       0
       0
$ROI:
2
83 93
458 472
$PRESETS:
Live Time
36000
0
$ENER_FIT:
1.350994 1.567553
$MCA_CAL:
3
1.350994E+000 1.567553E+000 -3.276420E-006 keV
$SHAPE_CAL:
3
7.934601E-001 -6.232490E-005 1.014241E-007
