$SPEC_ID:
No sample description was entered.
$SPEC_REM:
DET# 2
DETDESC# ALPHA COUNTER
AP# Maestro Version 7.01
$DATE_MEA:
11/20/2017 22:51:24
$MEAS_TIM:
219 220
$DATA:
0 2047
       0
       0
       0
       0
       0
       0
       0
       0
       0
       0
       0
       0
       0
       0
       0
       0
       0
       0
       0
       0
       0
       0
       0
       5
     112
     124
     127
     132
     107
     114
     101
      93
     111
     118
     117
     108
     106
      96
     115
     105
      98
      96
     101
     115
      96
     137
     118
     115
     103
      92
      89
      89
     104
     109
     109
     103
      77
      91
      86
      91
      93
      92
     102
     102
     105
      78
      97
      96
      96
      98
      94
     119
     101
      88
     104
      96
     106
      97
      95
      78
     109
     122
     118
      90
      97
      74
     140
     286
     128
     100
     132
     134
     156
     151
     128
     123
     165
     158
     145
     130
     115
     141
     120
     133
     140
     127
     140
     119
     136
     122
     126
     128
     116
     117
     111
     122
     147
     126
     133
     119
     119
     115
      94
     103
      71
     104
      75
      73
      72
      76
      61
      65
      66
      65
      77
      64
      64
      63
      48
      73
      57
      64
      56
      71
      58
      61
      48
      63
      57
      57
      57
      53
      50
      51
      53
      59
      67
      58
      55
      53
      54
      48
      50
      43
      52
      60
      46
      44
      43
      43
      44
      50
      48
      40
      39
      40
      36
      46
      47
      56
      41
      50
      47
      34
      47
      34
      42
      30
      45
      35
      29
      40
      46
      43
      28
      30
      35
      35
      42
      41
      31
      31
      34
      51
      34
      34
      30
      44
      30
      50
      47
      56
    1022
    3452
     148
      15
      18
      17
      16
      16
      21
      19
      26
      18
      22
      25
      25
      17
       9
      16
      13
      13
      15
      21
      16
      12
      13
       8
      14
      13
      27
      17
      17
      13
      19
      23
      26
      36
     178
      40
      18
      15
      10
      15
      17
      16
      13
      18
      15
      19
      20
      16
      13
      63
     393
      87
      14
      16
      22
       8
       7
      15
      10
      11
      12
       4
      15
       9
      18
       9
      14
      20
       8
       9
       7
      15
      10
       9
      19
      17
      10
      12
      12
      14
      15
      20
      14
       6
      14
       9
      12
      18
      13
      14
      13
      15
      11
      17
      17
      17
      15
      11
      14
      15
      10
       9
      12
      13
      10
      12
      13
      15
      11
      12
       7
      13
       5
      13
      12
      10
       7
      16
       8
      19
      11
      15
       3
      17
      14
      13
      21
      10
      18
      10
      12
      22
      12
      10
      10
       9
      11
      12
      14
      12
      12
      15
      14
      15
      13
      11
       8
      14
       8
      11
      14
       7
      17
      15
      10
      12
      11
      20
      13
      17
      10
      14
      12
       9
      13
      13
      15
      17
      17
      13
      14
      18
       8
      12
      16
      11
      12
       8
      20
      14
      13
      17
       7
       8
      13
      12
      11
      16
      13
      13
      14
      16
      17
       9
      12
      13
      11
      11
      10
      18
       9
       9
      20
      14
      11
      15
      11
      15
      13
      11
      18
      19
      16
      15
      11
       8
      16
      15
      13
      19
      12
      10
      10
      10
       8
      13
      10
      17
       9
      10
      12
      10
      18
      10
      11
      10
       8
      12
      12
       9
      15
       4
      12
      17
       8
      13
      11
      10
      20
      18
      19
      11
      10
      13
      12
      10
      17
      15
       8
       7
      14
       9
       9
      15
      11
       9
       6
      15
      15
      10
       9
      14
      13
      18
      13
      11
      20
      19
      12
       6
      10
      16
      15
      21
       7
       6
      15
      11
      14
      11
      10
      11
      23
      18
      10
      12
      15
      17
      16
      10
      16
      16
      17
      15
      18
      62
      46
      14
      17
      13
      20
      12
       2
      15
       6
      11
      13
      24
      13
      15
       8
      17
      14
      14
      15
      11
      16
      16
      15
      16
      11
      18
      20
      18
      10
      10
      19
      10
      15
      16
      15
      18
      16
      21
      13
      15
      16
      15
      23
      15
      19
      14
      12
      15
      13
      14
      13
      10
      13
      10
       9
       7
       8
      10
      14
       5
       5
       9
      14
       7
      15
      14
      13
      12
       8
      12
       8
      11
      12
      18
      11
      11
      12
      12
      17
      10
      13
      15
       6
       8
      17
      12
      10
      13
       8
       8
       8
       6
       7
      10
      16
       7
       8
      18
      12
       9
      12
      12
       9
      10
       8
      14
      11
       8
      10
      11
      14
       9
       7
       7
      13
      10
      10
      11
       9
       7
      11
       9
      15
       6
      10
      10
       9
      13
      17
      13
      11
      14
      14
      14
      14
      19
      10
      13
       7
      10
      15
      17
       9
      15
       8
      12
      11
       7
      12
      11
      12
       8
      16
      12
      13
      13
      10
       8
      10
      11
      12
      13
      10
       5
      16
       7
      13
      10
      12
       7
      12
       6
      13
      10
      18
      44
     178
     174
      26
      11
       9
      11
       5
       7
       6
       8
      11
      10
      10
       5
       9
       6
       5
       6
       8
       2
       4
      10
       7
       6
       2
      11
       8
      11
       4
       6
      11
       9
       9
       6
       5
       4
       3
       6
       4
       5
       3
       3
       2
       1
       7
       4
       7
       5
       8
       3
       5
       7
       3
       2
       9
       7
       2
       3
       3
       8
       7
       5
       3
       1
       5
       4
       8
       3
       4
       5
       5
       6
       0
       1
       8
       7
       0
       7
       5
       6
       7
       3
       5
       3
       6
       6
       6
       4
      10
      10
       3
       6
       4
       1
       3
       4
       5
       4
       2
       4
       6
       4
       4
       4
       4
       3
       6
       2
       4
       4
       1
       4
       2
       2
       3
       3
       4
       3
       2
       5
       5
       5
       5
      20
      67
     238
     124
      13
       3
       2
       2
       4
       4
       4
       2
       2
       2
       2
       3
       1
       2
       5
       3
       2
       1
       2
       1
       3
       1
       4
       3
       4
       3
       1
       2
       3
       4
       3
       1
       1
       2
       3
       4
       2
       1
       2
       5
       1
       2
       1
       2
       0
       3
       2
       2
       4
       3
       1
       2
       0
       4
       0
       2
       0
       3
       1
       5
       4
       1
       4
       1
       4
       1
       2
       0
       1
       6
       4
       2
       4
       2
       4
       2
       0
       0
       1
       0
       1
       1
       1
       3
       1
       2
       5
       0
       6
       1
       4
       1
       1
       2
       0
       1
       3
       1
       2
       2
       3
       4
       1
       2
       2
       1
       3
       2
       3
       2
       2
       1
       0
       1
       7
       3
       3
       3
       0
       1
       1
       3
       3
       1
       2
       1
       2
       0
       2
       1
       0
       2
       4
      11
      22
      15
       4
       1
       0
       4
       3
       3
       2
       1
       2
       0
       0
       0
       2
       2
       1
       2
       0
       1
       0
       1
       3
       0
       2
       4
       0
       2
       0
       1
       2
       1
       3
       3
       1
       3
       2
       1
       2
       2
       3
       3
       2
       1
       2
       2
       2
       2
       1
       0
       1
       1
       1
       0
       2
       3
       0
       2
       1
       1
       3
       3
       2
       2
       2
       1
       0
       1
       2
       0
       2
       1
       2
       2
       2
       3
       0
       0
       1
       1
       3
       0
       1
       0
       1
       2
       1
       1
       1
       1
       1
       0
       1
       1
       1
       4
       0
       1
       3
       3
       1
       0
       2
       0
       0
       1
       2
       1
       0
       1
       0
       3
       2
       1
       2
       1
       2
       0
       2
       4
       1
       0
       1
       2
       0
       2
       0
       1
       1
       3
       1
       0
       1
       2
       2
       2
       1
       2
       0
       1
       0
       1
       2
       1
       1
       3
       1
       3
       3
       1
       2
       0
       2
       1
       3
       5
       6
       4
       0
       0
       3
       0
       3
       3
       4
       1
       2
       1
       3
       1
       3
       2
       2
       2
       0
       3
       2
       1
       3
       3
       2
       1
       0
       2
       3
       4
       2
       3
       2
       0
       2
       2
       3
       4
       1
       3
       1
       3
       3
       3
       1
       2
       2
       4
       1
       0
       1
       1
       0
       0
       1
       0
       1
       1
       2
       1
       1
       5
       1
       1
       2
       1
       0
       0
       0
       2
       1
       0
       2
       4
       2
       2
       1
       4
       3
       2
       0
       2
       2
       1
       2
       3
       0
       3
       1
       1
       0
       0
       2
       0
       2
       0
       1
       0
       1
       2
       0
       3
       0
       1
       0
       1
       0
       2
       1
       2
       0
       0
       1
       1
       0
       2
       0
       0
       1
       0
       0
       0
       1
       0
       1
       1
       1
       0
       2
       0
       0
       2
       0
       2
       2
       0
       0
       3
       0
       1
       1
       0
       1
       1
       1
       0
       1
       1
       1
       0
       1
       1
       0
       0
       0
       2
       0
       0
       2
       0
       1
       0
       1
       1
       2
       0
       0
       0
       2
       0
       2
       3
       0
       0
       1
       1
       0
       0
       2
       0
       0
       1
       1
       0
       2
       0
       2
       1
       1
       1
       1
       1
       0
       1
       2
       0
       0
       1
       0
       1
       2
       0
       0
       0
       0
       0
       0
       1
       0
       0
       1
       0
       0
       0
       2
       0
       0
       0
       0
       0
       0
       0
       0
       0
       0
       2
       3
      17
      12
      11
       3
       0
       0
       0
       0
       1
       0
       1
       1
       0
       0
       0
       1
       0
       0
       0
       0
       0
       1
       0
       0
       0
       0
       1
       0
       0
       1
       0
       1
       1
       1
       1
       2
       1
       0
       0
       0
       1
       0
       0
       1
       2
       1
       1
       0
       0
       1
       0
       1
       0
       0
       1
       0
       1
       0
       1
       0
       0
       0
       1
       2
       0
       0
       0
       2
       0
       0
       0
       0
       1
       0
       0
       0
       1
       0
       0
       0
       0
       0
       0
       0
       1
       0
       0
       0
       1
       1
       1
       1
       0
       0
       1
       2
       0
       0
       0
       1
       0
       0
       0
       1
       0
       0
       1
       1
       0
       0
       0
       0
       0
       0
       0
       0
       0
       1
       0
       0
       0
       0
       0
       1
       0
       0
       0
       0
       0
       1
       0
       0
       1
       1
       0
       0
       0
       0
       0
       0
       1
       1
       0
       0
       0
       0
       0
       0
       0
       0
       0
       0
       0
       0
       0
       0
       0
       0
       0
       0
       1
       0
       1
       0
       0
       0
       0
       0
       0
       0
       1
       0
       0
       0
       0
       0
       0
       1
       2
       1
       0
       0
       0
       0
       0
       0
       0
       1
       0
       0
       0
       0
       0
       0
       0
       0
       0
       0
       0
       0
       0
       0
       0
       0
       0
       0
       0
       0
       1
       1
       0
       0
       0
       0
       0
       0
       0
       0
       0
       0
       0
       0
       0
       0
       0
       0
       0
       0
       0
       0
       0
       0
       0
       0
       0
       1
       0
       0
       0
       1
       0
       0
       0
       1
       0
       0
       0
       0
       0
       0
       0
       0
       0
       0
       0
       0
       0
       0
       0
       0
       0
       0
       1
       0
       1
       1
       1
       1
       0
       0
       0
       0
       0
       0
       0
       0
       0
       0
       0
       0
       0
       0
       0
       1
       0
       0
       0
       0
       0
       0
       0
       0
       0
       0
       0
       0
       0
       0
       0
       0
       0
       0
       0
       0
       0
       0
       0
       1
       0
       0
       0
       0
       0
       0
       0
       0
       0
       0
       0
       0
       0
       1
       0
       0
       0
       0
       0
       0
       0
       0
       0
       0
       0
       0
       0
       0
       0
       0
       0
       0
       0
       0
       0
       0
       0
       0
       0
       0
       0
       0
       1
       0
       0
       0
       0
       0
       0
       0
       0
       0
       0
       0
       0
       0
       0
       0
       0
       0
       0
       0
       0
       0
       0
       0
       0
       0
       0
       0
       0
       0
       0
       0
       0
       0
       0
       0
       0
       0
       0
       0
       0
       0
       0
       0
       0
       0
       0
       0
       0
       0
       0
       0
       1
       0
       0
       0
       0
       0
       0
       0
       0
       0
       0
       0
       0
       0
       0
       0
       0
       1
       0
       0
       0
       0
       0
       0
       0
       0
       0
       0
       1
       0
       0
       0
       0
       0
       0
       1
       0
       0
       0
       0
       0
       0
       0
       0
       0
       0
       0
       0
       0
       0
       0
       0
       0
       0
       0
       0
       0
       0
       0
       0
       0
       0
       0
       0
       0
       0
       0
       0
       0
       0
       0
       0
       0
       0
       0
       0
       0
       0
       0
       0
       0
       0
       0
       0
       0
       0
       0
       0
       0
       0
       0
       0
       0
       0
       0
       0
       0
       0
       0
       0
       0
       0
       0
       0
       0
       0
       0
       0
       0
       0
       0
       0
       0
       0
       0
       0
       0
       0
       0
       0
       0
       0
       0
       0
       0
       0
       0
       0
       0
       0
       0
       0
       0
       0
       0
       0
       0
       0
       0
       0
       0
       0
       0
       0
       0
       0
       0
       0
       0
       0
       0
       0
       0
       0
       0
       0
       0
       0
       0
       0
       0
       0
       0
       0
       0
       0
       0
       0
       0
       0
       0
       0
       0
       0
       0
       0
       0
       0
       0
       0
       0
       0
       0
       0
       0
       0
       0
       0
       0
       0
       0
       0
       0
       0
       0
       0
       0
       0
       0
       0
       0
       0
       0
       0
       0
       0
       0
       0
       0
       0
       0
       0
       0
       0
       0
       0
       0
       0
       0
       0
       0
       0
       0
       0
       0
       0
       0
       0
       0
       0
       0
       0
       0
       0
       0
       0
       0
       0
       0
       0
       0
       0
       0
       0
       0
       0
       0
       0
       0
       0
       0
       0
       0
       0
       0
       0
       0
       0
       0
       0
       0
       0
       0
       0
       0
       0
       0
       0
       0
       0
       0
       0
       0
       0
       0
       0
       0
       0
       0
       0
       0
       0
       0
       0
       0
       0
       0
       0
       0
       0
       0
       0
       0
       0
       0
       0
       0
       0
       0
       0
       0
       0
       0
       0
       0
       0
$ROI:
2
83 93
458 472
$PRESETS:
Live Time
36000
0
$ENER_FIT:
1.350994 1.567553
$MCA_CAL:
3
1.350994E+000 1.567553E+000 -3.276420E-006 keV
$SHAPE_CAL:
3
7.934601E-001 -6.232490E-005 1.014241E-007
