$SPEC_ID:
HFNG Beamline
$SPEC_REM:
DET# 2
DETDESC# EasyMCA
AP# Maestro Version 7.01
$DATE_MEA:
06/25/2018 16:08:28
$MEAS_TIM:
843 845
$DATA:
0 8191
       0
       0
       0
       0
       0
       0
       0
       0
       0
       0
       0
       0
       0
       0
       0
       0
       1
       0
       0
       1
       0
       0
       0
       0
       0
       0
       1
       0
       0
       0
       0
       0
       0
       0
       0
       0
       0
       1
       0
       0
       0
       0
       0
       0
       0
       0
       0
       2
      72
     150
     127
     114
     112
     118
     125
     118
     130
     144
     141
     114
     120
     108
     105
     122
     132
     135
     112
     108
      98
     123
     124
     120
     111
     115
     106
     120
      86
     102
      97
     113
      76
      93
     114
      99
      90
     104
     122
      83
     110
     111
     107
     132
     107
     104
      97
     105
      99
      94
      94
     117
     104
     105
      87
      95
      76
     102
      94
      91
      91
     112
     100
      98
      87
      79
      80
      81
      81
      95
      91
      82
      88
     100
     107
      89
      85
     101
      78
      92
      85
     101
      91
      93
     101
      85
      90
      84
      90
      95
      73
      82
      73
      91
      80
      94
      95
      81
      99
      95
     106
      83
      89
      66
      83
      75
      76
      67
      81
      78
      77
      78
      81
      86
      85
      89
      80
      76
      86
      78
      68
      72
      67
      70
      91
      85
      67
      79
      79
      66
      85
      83
      84
      79
      95
      74
      68
      66
      64
      72
      70
      74
      71
      68
      73
      65
      65
      80
      75
      79
      58
      72
      92
      76
      58
      62
      74
      74
      66
      72
      66
      77
      83
      88
      81
      72
      72
      68
      64
      83
      65
      72
      75
      70
      63
      68
      74
      69
      81
      71
      72
      74
      72
      58
      72
      64
      69
      73
      80
      61
      75
      60
      71
      87
      67
      78
      65
      74
      70
      69
      63
      78
      80
      82
      60
      72
      64
      69
      71
      79
      62
      68
      66
      69
      73
      64
      75
      62
      67
      77
      68
      49
      58
      58
      84
      65
      65
      72
      48
      68
      65
      53
      65
      67
      60
      68
      64
      55
      65
      78
      67
      70
      72
      57
      59
      49
      69
      57
      63
      64
      57
      65
      53
      55
      72
      60
      64
      61
      65
      65
      74
      41
      53
      75
      61
      63
      68
      65
      48
      57
      66
      66
      65
      68
      76
      61
      60
      84
      66
      59
      59
      73
      65
      62
      67
      63
      64
      62
      68
      65
      80
      59
      58
      55
      68
      80
      60
      70
      80
      71
      74
      74
      71
      50
      65
      61
      54
      70
      74
      63
      62
      74
      76
      67
      57
      48
      56
      44
      62
      67
      91
      82
      70
      93
      98
     126
     125
     124
     104
      78
      66
      60
      67
      76
     118
     161
     176
     204
     173
     128
      78
      72
      58
      56
      81
      57
      67
      66
      75
      60
      60
      71
      54
      66
      57
      64
      63
      64
      55
      64
      61
      70
      68
      69
      73
      69
      72
      52
      62
      52
      65
      56
      44
      65
      61
      73
      76
      75
      64
      57
      58
      47
      61
      77
      75
     113
     125
     137
     120
     106
      85
      61
      62
      61
      49
      61
      68
      76
      62
      74
      88
      89
      71
      53
      71
      51
      67
      52
      63
      64
      50
      53
      62
      41
      58
      55
      65
      68
      55
      48
      59
      49
      62
      53
      50
      81
      53
      80
      63
      50
      61
      65
      57
      47
      52
      63
      62
      45
      61
      58
      61
      57
      79
      48
      59
      52
      47
      60
      66
      48
      51
      60
      70
      56
      53
      61
      53
      59
      58
      59
      50
      52
      47
      51
      75
      53
      67
      52
      65
      54
      58
      60
      47
      51
      58
      72
      61
      63
      63
      62
      63
      70
      61
      59
      52
      54
      47
      43
      64
      53
      65
      55
      47
      61
      63
      54
      55
      57
      55
      50
      58
      53
      68
      53
      64
      63
      52
      56
      64
      50
      73
      65
      51
      45
      61
      64
      57
      49
      53
      58
      50
      53
      54
      62
      54
      63
      59
      49
      55
      49
      67
      53
      59
      68
      54
      49
      71
      44
      55
      51
      53
      57
      63
      64
      58
      71
      50
      78
      64
      59
      64
      55
      56
      54
      54
      52
      64
      58
      61
      71
      67
      57
      60
      65
      52
      61
      60
      62
      81
      58
      73
      60
      60
      64
      58
      79
      58
      70
      46
      63
      54
      72
      44
      72
      58
      65
      62
      57
      66
      63
      50
      61
      76
      63
      58
      61
      66
      57
      72
      56
      66
      64
      69
      69
      71
      65
      79
      60
      54
      59
      62
      82
      58
      59
      58
      53
      60
      58
      52
      61
      55
      63
      53
      79
      65
      64
      71
      69
      60
      60
      61
      50
      65
      66
      48
      68
      63
      67
      50
      54
      49
      63
      70
      65
      62
      50
      49
      65
      74
      64
      69
      62
      86
      65
      73
      53
      59
      60
     106
     138
     237
     322
     348
     379
     215
     161
      95
      80
      70
      62
      50
      60
      51
      67
      56
      58
      66
      68
      66
      58
      75
      62
      64
      55
      59
      69
      62
      68
      69
      60
      65
      62
      58
      58
      75
      57
      62
      86
      68
      62
      68
      48
      63
      50
      55
      53
      76
      66
      59
      62
      54
      68
      56
      61
      64
      60
      84
      79
      65
      70
      77
      67
      60
      69
      66
      52
      67
      69
      59
      64
      74
      82
      56
      66
      63
      75
      67
      65
      81
      73
      47
      69
      83
      51
      66
      73
      76
      72
      68
      61
      57
      54
      70
      56
      65
      84
      66
      58
      72
      66
      61
      66
      61
      60
      58
      68
      60
      68
      56
      62
      69
      58
      80
      70
      68
      69
      52
      70
      62
      72
      55
      77
      72
      65
      63
      62
      66
      86
      62
      65
      66
      67
      67
      81
      83
      76
      74
      66
      66
      63
      65
      56
      67
      84
      72
      71
      70
      77
      65
      53
      59
      72
      78
      57
      74
      70
      60
      62
      74
      62
      75
      78
      75
      81
      66
      68
      65
      76
      73
      74
      63
      76
      77
      63
      58
      79
      70
      75
      59
      71
      67
      61
      59
      65
      64
      73
      75
      83
      73
      67
      73
      78
      60
      62
      67
      70
      64
      76
      75
      54
      50
      85
      60
      71
      78
      67
      69
      68
      60
      72
      65
      61
      65
      79
      65
      46
      69
      79
      61
      73
      71
      73
      67
      79
      62
      58
      71
      92
      84
      68
      75
      59
      64
      89
      62
      65
      45
      75
      69
      68
      77
      70
      77
      69
      59
      72
      84
      71
      71
      63
      60
      63
      56
      53
      47
      75
      62
      60
      72
      68
      69
      80
      67
      53
      70
      72
      68
      70
      67
      70
      66
      58
      62
      75
      92
      62
      69
      72
      67
      61
      64
      47
      66
      61
      59
      59
      53
      47
      57
      84
      68
      57
      67
      61
      77
      63
      61
      65
      81
      61
      56
      58
      60
      63
      61
      54
      65
      61
      66
      49
      64
      59
      62
      78
      61
      52
      83
      54
      53
      71
      59
      58
      62
      52
      52
      47
      55
      58
      69
      57
      66
      61
      64
      58
      60
      57
      57
      45
      57
      61
      55
      64
      47
      69
      57
      59
      61
      51
      55
      52
      60
      64
      52
      73
      53
      71
      64
      69
      67
      62
      48
      57
      70
      45
      69
      69
      56
      60
      59
      60
      70
      56
      71
      66
      53
      70
      51
      63
      76
      55
      69
      70
      60
      69
      56
      54
      57
      63
      60
      65
      62
      63
      47
      79
      49
      75
      72
      68
      57
      58
      62
      64
      75
      67
      64
      67
      59
      63
      55
      57
      61
      54
      65
      71
      73
      60
      61
      70
      73
      59
      60
      64
      73
      68
      66
      60
      65
      59
      69
      69
      56
      66
      74
      58
      58
      63
      57
      56
      60
      71
      57
      65
      57
      62
      53
      64
      60
      52
      60
      61
      64
      67
      61
      57
      65
      54
      61
      75
      52
      59
      58
      72
      61
      47
      45
      64
      58
      43
      59
      62
      61
      71
      61
      55
      56
      71
      58
      59
      67
      62
      64
      62
      53
      53
      55
      55
      58
      56
      51
      61
      60
      67
      65
      56
      48
      56
      69
      53
      65
      54
      51
      70
      57
      65
      55
      72
      59
      54
      63
      52
      68
      46
      65
      40
      70
      58
      65
      51
      40
      53
      68
      63
      50
      52
      53
      48
      64
      63
      48
      56
      57
      67
      49
      51
      58
      57
      54
      57
      50
      59
      48
      49
      51
      56
      66
      42
      47
      57
      52
      61
      45
      63
      60
      43
      61
      56
      48
      58
      62
      62
      48
      52
      44
      58
      57
      50
      56
      52
      50
      57
      60
      51
      60
      59
      69
      51
      52
      54
      54
      56
      55
      50
      56
      72
      64
      53
      49
      58
      32
      50
      57
      52
      70
      61
      63
      48
      48
      45
      48
      48
      44
      50
      62
      64
      44
      61
      48
      55
      46
      52
      48
      44
      63
      53
      44
      45
      51
      55
      46
      46
      44
      41
      55
      38
      44
      44
      47
      39
      47
      42
      48
      44
      47
      44
      39
      46
      59
      45
      56
      54
      79
      45
      56
      50
      54
      56
      54
      45
      53
      49
      44
      41
      60
      47
      42
      38
      48
      40
      44
      44
      32
      37
      47
      49
      48
      44
      41
      51
      50
      47
      38
      48
      29
      56
      36
      36
      38
      43
      64
      33
      45
      37
      42
      54
      36
      65
      41
      50
      40
      46
      55
      41
      50
      46
      56
      45
      33
      30
      43
      37
      50
      37
      43
      36
      55
      36
      39
      48
      36
      39
      41
      34
      38
      39
      36
      49
      48
      51
      37
      44
      51
      42
      31
      59
      48
      39
      38
      42
      32
      46
      39
      38
      28
      28
      38
      41
      51
      50
      30
      50
      39
      45
      34
      33
      41
      37
      30
      36
      35
      34
      33
      40
      34
      49
      52
      33
      48
      40
      52
      42
      25
      47
      50
      40
      33
      25
      38
      47
      43
      44
      43
      38
      29
      28
      50
      50
      41
      31
      37
      42
      34
      36
      32
      33
      36
      35
      35
      45
      39
      45
      50
      46
      31
      42
      34
      37
      38
      35
      32
      25
      31
      41
      32
      39
      23
      33
      40
      40
      33
      40
      43
      30
      36
      32
      38
      28
      39
      39
      30
      32
      42
      36
      32
      40
      28
      28
      45
      35
      44
      42
      39
      33
      41
      34
      32
      35
      33
      32
      35
      27
      31
      29
      39
      43
      41
      40
      34
      35
      28
      42
      37
      52
      41
      48
      33
      35
      28
      39
      33
      45
      33
      33
      37
      28
      43
      27
      35
      31
      29
      25
      40
      32
      30
      34
      32
      35
      32
      33
      32
      32
      22
      22
      32
      32
      37
      33
      25
      32
      21
      28
      40
      40
      32
      31
      28
      22
      39
      30
      25
      29
      39
      29
      40
      30
      31
      29
      29
      29
      31
      33
      38
      35
      32
      24
      36
      33
      36
      37
      40
      38
      33
      32
      32
      32
      31
      35
      31
      21
      25
      39
      26
      36
      50
      34
      31
      28
      24
      36
      34
      29
      24
      35
      27
      24
      31
      33
      39
      35
      30
      29
      24
      25
      34
      34
      36
      43
      22
      38
      38
      30
      20
      31
      47
      29
      31
      31
      28
      37
      25
      38
      40
      34
      38
      37
      28
      31
      21
      35
      30
      27
      28
      25
      29
      22
      26
      39
      35
      33
      31
      37
      22
      33
      34
      30
      30
      31
      30
      33
      25
      37
      34
      32
      36
      28
      30
      25
      33
      34
      42
      50
      91
     113
     192
     314
     484
     657
     806
     931
     909
     741
     544
     312
     152
      80
      38
      30
      29
      23
      31
      25
      29
      26
      23
      26
      29
      34
      31
      29
      27
      25
      25
      27
      22
      29
      29
      33
      28
      23
      25
      23
      32
      27
      26
      28
      19
      26
      26
      24
      28
      18
      25
      24
      26
      23
      26
      22
      20
      27
      26
      37
      22
      20
      23
      30
      24
      24
      30
      29
      23
      32
      28
      23
      23
      30
      27
      20
      31
      33
      26
      14
      27
      21
      25
      30
      25
      25
      26
      40
      30
      26
      22
      26
      23
      20
      22
      32
      26
      20
      28
      18
      21
      34
      34
      36
      34
      49
      63
      48
      49
      29
      31
      35
      25
      23
      24
      29
      24
      26
      30
      24
      14
      24
      28
      21
      25
      32
      29
      26
      21
      25
      16
      29
      29
      21
      14
      20
      27
      25
      24
      15
      28
      15
      22
      25
      24
      18
      29
      18
      14
      21
      17
      25
      25
      28
      23
      30
      22
      31
      25
      24
      27
      28
      34
      19
      26
      27
      32
      35
      23
      25
      16
      19
      22
      20
      19
      16
      24
      17
      19
      23
      31
      30
      24
      28
      24
      19
      20
      26
      17
      27
      26
      17
      19
      27
      30
      19
      18
      28
      32
      21
      21
      15
      25
      28
      27
      18
      20
      16
      18
      32
      32
      21
      37
      19
      19
      22
      19
      30
      23
      22
      19
      22
      23
      23
      26
      27
      30
      17
      23
      22
      22
      23
      24
      18
      19
      22
      23
      29
      20
      22
      17
      14
      25
      22
      23
      21
      16
      22
      27
      23
      19
      16
      16
      20
      27
      24
      24
      27
      29
      35
      20
      16
      34
      26
      27
      22
      22
      20
      33
      18
      19
      23
      29
      19
      23
      20
      25
      15
      19
      26
      21
      18
      16
      34
      34
      28
      38
      50
      74
      85
      91
      87
      86
     107
      91
      64
      23
      29
      27
      26
      28
      29
      20
      22
      19
      33
      21
      26
      29
      17
      24
      24
      24
      21
      16
      20
      24
      19
      24
      29
      19
      26
      19
      17
      16
      16
      24
      22
      23
      22
      15
      25
      27
      19
      19
      17
      26
      22
      19
      21
      27
      25
      20
      23
      23
      21
      16
      23
      23
      23
      15
      27
      21
      10
      20
      29
      19
      19
      22
      23
      25
      28
      27
      24
      20
      25
      23
      22
      23
      24
      24
      10
      22
      28
      17
      18
      24
      17
      23
      23
      20
      24
      23
      22
      24
      22
      17
      25
      25
      26
      26
      20
      28
      24
      28
      28
      31
      28
      27
      23
      18
      16
      15
      24
      30
      23
      28
      25
      29
      22
      29
      35
      54
      88
     118
     187
     278
     463
     597
     680
     709
     767
     729
     567
     352
     262
     130
      71
      38
      30
      12
      20
      18
      22
      21
      12
      13
      15
      26
      15
      20
      22
      21
      20
      26
      24
      16
      30
      14
      16
      19
      17
      17
      17
      19
      24
      20
      22
      21
      19
      15
      20
      15
      18
      19
      16
      13
      12
      23
      25
      19
      18
      13
      21
      21
      19
      18
       8
      15
      19
      17
      24
      26
      13
      17
      20
      22
      24
      12
      15
      11
      13
      16
      17
      17
      20
      17
      24
      14
      16
      17
      24
      14
      15
      23
      17
      16
      23
      17
      19
      20
      16
      20
      22
      24
      24
      20
      14
      15
      15
      20
      20
      21
      14
      14
      21
      14
      27
      11
      22
      18
      23
      16
      16
      16
      23
      26
      23
      18
      20
       9
      16
      21
      14
      16
      17
      21
      19
      21
      18
      16
      17
      24
      22
      19
      22
      16
      19
      19
      21
      13
      21
      24
      16
      23
      26
      27
      16
      13
      14
      27
      14
      15
      13
      18
      13
      19
      20
      20
      14
      17
      18
      11
      20
      29
      17
       9
      16
      17
      21
      13
      29
      16
      18
      16
      14
      24
      17
      15
      14
      18
      13
      14
      15
      14
      15
      19
      18
      12
      19
      13
      27
      18
      12
      10
      18
      13
      19
      12
      23
      17
      15
      14
      18
      13
      25
      11
      13
      17
      18
      17
      27
      15
      15
      13
      18
      15
      18
      19
      12
      10
      12
      17
      17
      19
      13
      14
      20
      22
      17
      23
      11
      19
      25
      21
      21
      36
      32
      31
      31
      40
      21
      24
      25
      20
      16
      16
      22
      21
      19
      21
      18
      12
      18
      19
      22
      19
      22
       9
      17
      15
      18
      19
      21
      17
      18
      11
      25
      23
      19
      23
      16
      18
      17
      12
      15
      18
      13
      13
      18
      21
      15
      25
      19
      16
      20
      15
      17
      11
      10
      16
      21
      15
      14
      17
      12
      13
      18
      22
      15
      14
      24
      19
      13
      16
       9
      22
      18
      22
      19
      14
      13
      13
      24
      12
      20
      13
      18
      13
      19
      19
      19
      14
      13
      21
      13
      16
      19
      19
      19
      12
      18
       7
      22
      17
      18
      16
      19
      23
      19
      17
      10
      14
      21
      20
      24
      20
      13
      19
      14
      21
      18
      24
      18
      16
      18
      21
      19
      19
      19
      24
      15
      18
      16
       8
      24
      18
      20
      20
      19
      17
      22
      23
      18
      14
      23
      14
      12
      15
      21
      21
      19
      15
      16
      17
      21
      19
      16
      23
      19
      20
      24
      12
      18
      18
      28
      12
      19
      20
      20
       7
      13
      21
      18
      10
      16
      15
      22
      15
      21
      20
      24
      28
      12
      28
      21
      12
      11
      10
      11
      15
      17
      23
      11
      15
      14
      21
      20
      17
      16
      14
      13
      23
      13
      11
      16
      16
      12
      14
      19
      18
      18
      14
      16
      17
      22
      16
      16
      23
      23
       9
      18
      24
      11
      19
      21
      14
      14
      11
      17
      15
      16
      11
      12
      16
      20
      21
      14
      20
      19
      20
      22
      19
      22
      20
      31
      20
      28
      28
      30
      24
      25
      34
      24
      20
      26
      27
      21
      20
      30
      21
      27
      17
      22
      17
      16
      13
      16
      13
      14
      22
      13
      22
      18
      18
      12
      14
      11
      15
      13
      20
      14
      11
      12
      13
      17
      21
      15
      14
      15
      14
      20
      11
      25
      21
      19
      21
      20
      22
      16
      11
      11
      16
      18
      17
      12
      13
      15
       9
      15
      18
      15
      16
      17
      11
      16
      21
      11
      14
      17
      20
      18
      17
      12
      16
      18
      14
      18
      12
      16
      15
      18
      16
      21
      22
      18
      19
       9
      16
      16
      15
      20
      21
       9
      10
      10
      19
      10
      16
      13
      21
      18
      22
      19
      15
      10
      11
      16
      17
      22
      12
      14
      13
      15
      12
      18
      16
      21
      19
      17
      10
      20
      16
      17
      10
      16
      19
      15
      21
      11
      14
      14
      16
      16
      14
       7
      14
      19
      14
      16
      10
      14
      17
      26
      23
      11
      22
      12
      26
      13
      16
      15
      17
      15
      18
      12
       8
      13
      18
      20
      15
      16
      20
      20
      10
      15
      20
      16
      12
      21
      10
      19
      15
       8
      11
      28
      14
      28
      24
      22
      16
      11
      22
      18
      15
      19
      14
      20
      14
      16
      20
      13
      19
      15
      12
      10
      19
      16
      17
      16
      21
      19
      15
      12
      19
      16
      11
      16
      15
      14
      20
      11
      14
      14
      17
      21
      15
      15
      19
      16
      16
      17
      19
      16
      16
      16
      14
      19
      12
      20
      11
      19
      20
      17
      15
      13
      17
      12
      14
      14
      17
      16
      23
      16
      16
      12
      25
      20
      16
      16
      20
      10
      18
      15
      14
      13
      18
      19
      19
      18
      17
      16
      13
      15
      23
      13
      15
      16
      23
      13
      19
      12
      17
      19
      14
      13
      19
      13
      23
      12
      15
      15
       7
      24
      15
      21
      17
      11
      15
      21
      12
      19
      13
      14
      13
      18
      22
      10
      13
      19
       9
      15
      25
      16
      23
      14
      16
      22
      31
      14
      14
      11
      16
      15
      17
      15
      22
      25
      18
      15
       8
      13
      21
      15
      16
      19
      16
      19
      14
      14
      17
      12
      15
      14
      14
      16
      11
      13
      16
      15
      15
      17
      17
      15
      17
      13
       9
      18
      12
      22
      17
      13
      20
      14
      13
      20
      16
      23
      12
      19
      12
      11
      19
      22
      10
      14
      18
      11
      23
      13
      17
      26
      15
      16
      13
      15
      14
      21
      19
      17
      19
      16
      17
      18
      21
      18
      20
      10
      15
      25
      20
      13
      17
      23
      19
      19
      29
      18
      10
      16
      16
      16
      11
      22
       9
      21
      15
      23
      12
      18
      13
      22
      20
      20
      16
      17
      17
      10
      13
      17
      23
      15
      19
      20
      29
      18
      21
      14
      15
      12
      10
      16
      14
      13
       9
      13
      19
      14
      15
      18
      11
      21
      12
      18
      15
      15
      17
      17
      24
      21
      20
      24
      13
      15
      13
      24
      14
      11
      19
      25
      23
      15
      14
       9
      14
      11
      16
      12
      13
      14
      11
      21
      18
      21
      17
      31
      10
      16
      18
      21
      22
      21
      17
      21
       9
      20
      21
      19
      21
      17
      18
      13
      18
      19
      20
      20
      17
      17
      17
       9
      15
      20
      15
      12
      20
      13
      16
      23
      22
      11
      10
      20
      18
      10
      18
      17
      13
      15
      25
      16
      19
      21
      16
      31
      15
      15
      15
      15
      15
      16
      24
      19
      18
      21
      11
      10
      20
      15
      13
      15
      24
      15
      19
      14
      17
      17
      19
      20
      22
      14
      17
      18
      22
      18
      15
      17
      18
      14
      11
      18
      18
      22
      21
      14
      16
      16
      16
      18
      16
      18
      14
      18
      20
      19
      17
      17
      24
      17
      21
      16
      22
      15
      20
      14
      10
      18
      20
      14
      12
      17
      20
      19
      20
      15
      14
      17
      22
      12
      10
      22
      14
      17
      12
      21
      19
      12
      24
      16
      11
      18
      16
      13
      16
      12
      18
      18
      11
      16
      13
      14
      15
      20
      27
      21
      17
      10
      15
      14
      17
      15
      16
      14
      14
      15
      11
      15
      20
      17
      13
      18
      13
      18
      10
      16
      19
      14
      21
      16
      11
      20
      18
       4
      17
      20
      14
      10
      21
      20
      13
      14
      23
      10
      11
      13
      18
      19
      14
      10
      17
      15
      21
      19
      15
      15
      10
      15
       9
      17
      20
      12
      14
      17
      15
      24
      11
      11
      18
      20
      16
       9
      12
      17
      19
      18
      14
      11
      19
      16
      17
      15
      12
      17
      10
      12
       7
      23
      15
      15
      15
      17
      14
      27
      19
      18
      16
       8
      18
      20
       4
       9
      16
      17
      11
      18
      11
      18
      17
      10
      18
      13
      16
      15
      16
      20
      19
      20
       9
      23
      17
      14
      20
      11
      18
      19
      18
      20
      20
      14
      19
      16
      23
      20
      26
      14
      24
      17
      17
      16
      10
      14
       9
      12
      10
      10
      13
      20
      16
      11
      14
      16
      13
      14
      19
      17
      15
      14
      12
      14
      13
       6
      12
      18
      23
      15
      16
      16
      11
      15
      16
      13
      19
      14
      19
      18
      14
      17
      18
      15
      19
      16
      13
      13
      18
      16
      17
      17
      15
      12
      19
      12
      14
      11
      18
      12
      17
      14
      13
      18
      19
      11
      17
      18
      17
      11
      14
      13
      15
      16
      14
      16
      20
      18
      19
      16
      15
       9
      14
      17
      16
      15
      20
      19
      12
      16
      14
      15
      21
      13
      17
      17
      16
      13
      17
      14
      11
      15
      11
       9
      17
      14
      15
      16
      10
      17
      14
      16
      11
      19
      18
      15
      15
      11
      20
      14
      16
      16
      13
      17
      21
      18
      18
      17
      23
      12
      10
      12
      11
      16
      16
      13
      24
      15
      15
       6
      15
      13
      12
      17
      17
      17
      17
      13
      14
      21
      16
      11
      11
      17
      15
      14
      13
      21
      17
      20
      13
      11
      17
      25
       9
      17
      19
      16
      19
      19
      13
      10
      11
      21
      16
      13
      25
      18
      19
      13
      24
      16
       9
      16
      20
      16
      14
      13
      18
      16
      11
      24
       7
      13
      14
      15
       3
      13
      10
      16
      17
      15
      12
      16
      18
      17
      22
      11
       8
      13
      18
      15
      16
      12
      12
      10
      16
      19
       7
      16
      16
      11
      11
      16
      17
      10
      13
      19
      14
      25
      16
      18
      17
      12
      20
      15
      10
      11
      14
      19
      14
      20
      14
      22
      21
      17
      13
      18
      30
      15
      18
      15
      16
      17
      16
      13
      16
      12
      12
      17
      12
      20
      13
      13
      15
      14
      17
      12
      19
      14
      14
      15
      18
      23
      24
      13
      24
      21
      15
      12
      22
      14
      15
       8
      10
      14
      11
      18
      10
      10
      23
      14
       7
       7
      14
      13
      14
      12
      22
      11
      17
      25
      17
      24
      16
      16
      12
       8
      16
      14
      11
      12
      15
      14
       8
      14
      15
      13
      20
      17
      14
      13
      16
      18
      15
      20
      12
      11
      13
      12
      13
      10
      12
      16
      25
      13
      19
      12
      12
      15
      12
      12
      12
      11
      13
      12
      13
       7
      11
      19
      17
      13
       9
      14
      14
      18
      18
      10
      16
       9
      14
      26
      13
      11
      18
      18
      18
      14
       9
      19
      18
      10
      20
      16
      16
      12
      10
      19
      19
      13
      20
      15
      14
      13
      21
      12
      13
      13
      10
      13
      26
      18
      12
      24
      18
      16
      12
      11
      11
      10
      14
      17
      17
      10
      18
      23
      12
      23
      15
      21
       9
      13
      12
      12
      18
      15
      11
      12
      15
      14
      17
      14
      16
      12
      12
      16
      13
      13
      19
      11
      14
      20
      15
      12
      19
      14
      16
      16
      12
      19
      12
      16
      11
      19
      16
      14
      15
      10
      18
      10
      12
      13
      13
      13
      15
      18
      19
      17
      15
      18
      22
      21
      12
      22
      19
       9
      16
      14
       8
      16
       8
      14
      24
      20
      13
      24
      16
      11
      11
      20
      17
      13
      10
      11
      19
      17
      12
      17
      16
      22
      15
      14
      16
      17
      19
      14
      23
      21
      15
      16
      12
      15
      17
      20
      13
      10
      15
      14
       5
      18
      17
      15
      25
      14
      18
      17
      19
      14
      15
      21
      17
      11
      18
      16
      12
      18
      13
      19
      12
      13
      18
      16
      12
      15
      18
      21
      13
      17
      18
      11
      11
      20
      19
      22
       8
      15
       7
      18
      11
      18
      17
      14
      19
       7
      16
      21
      13
      21
      13
      23
      18
      11
      12
      12
      13
       9
      12
      17
      14
      12
       9
      18
      14
      18
       8
      11
      16
      22
      20
      21
      14
      14
      12
      12
      13
      18
      24
      15
      15
      10
      17
      14
      14
      10
      15
      13
      19
      12
      10
      17
      15
      11
      26
      16
      18
      22
      17
      16
      15
      13
      17
      17
      22
      14
      15
      19
      19
      19
      11
      11
      15
      21
      16
      20
      13
      16
      24
      21
      21
      18
      20
      23
      19
      15
      15
      22
      18
      14
      21
      23
      21
      13
      17
      19
      15
       7
      15
      17
      15
      15
      15
      18
      14
       9
      13
      29
      18
      22
      14
      16
      20
      20
      18
      18
       7
      12
      24
      16
      12
      17
      14
      18
      13
      20
      12
      12
      15
      13
      16
      12
       9
      14
      18
      19
      17
      11
      15
      13
      22
      12
      22
      18
      13
      17
      14
      18
      12
      15
      11
      18
      22
      16
      14
      22
      15
      20
      12
      22
      13
      17
      19
      16
      16
      21
      15
      20
      18
      20
      18
      14
      14
      16
      21
      16
       9
       8
      12
      13
      15
      16
      11
      16
      17
      16
      19
      18
      19
      16
      21
      18
      16
      18
      16
      23
      17
      21
      17
      18
      10
      18
      16
      14
      24
      16
      21
      14
      19
      20
      18
      13
      16
      19
      21
       8
      19
      14
      21
      13
      13
      19
      20
      11
      13
      23
      16
      14
      11
      22
      14
      21
      19
      16
      10
      20
      16
      16
      11
      20
      15
      10
      13
      15
      23
       8
      22
      19
      19
       6
      18
      15
      15
      13
      18
      18
      18
      15
      24
      14
      13
      19
      23
      24
      24
      28
      16
      29
      42
      34
      40
      54
      70
      90
     102
     115
     113
     100
     121
     116
     123
      90
      74
      62
      64
      43
      29
      31
      18
      14
      16
      20
      19
      15
      13
      17
      16
      12
      18
      26
      16
      12
      17
      15
      26
      16
      18
      10
      14
      15
      22
      26
      16
      14
      17
      11
      17
      27
      20
      15
      17
      18
      18
      15
      20
      14
      14
      16
       9
      16
      24
      18
      12
      20
      17
      25
      22
      21
      12
      13
      16
      21
      18
      15
      12
      18
      15
      19
      16
      14
      16
      22
      10
      18
      14
      18
      16
      20
      21
      26
      21
      17
      21
      18
      16
      25
      19
      19
      19
      15
      22
      21
      18
      18
      26
      26
      21
      15
      14
      18
      15
      22
      16
      19
      15
      19
      16
      15
      29
      13
      17
      21
      16
      26
      25
      14
      17
      26
      26
      20
      16
      16
      20
      17
      21
      20
      18
      21
      18
      14
      13
      16
      13
      15
      19
      20
      25
      17
      17
      21
      17
      17
      16
       8
      11
      12
      25
      34
      15
      20
      24
      17
      16
      16
      16
      16
      24
      17
      21
      16
      20
      14
      19
      18
      11
      11
      23
      15
      19
      15
      14
      18
      19
      23
      14
      17
      31
      22
      14
      23
      16
      26
      12
      16
      20
      24
      18
      20
      16
      17
      25
      22
      14
      27
      21
      23
      24
      13
      18
      16
      19
      25
      13
      18
      21
      14
      23
      22
      18
      13
      27
      12
      25
      17
      18
      28
      19
      11
      23
      24
      19
      20
      12
      17
      14
      18
      21
      22
      14
      19
      25
      19
      25
      22
      23
      13
      24
      24
      17
      20
      20
      21
      26
      28
      27
      19
      22
      24
      18
      19
      22
      29
      20
      19
      22
      25
      10
      28
      24
      17
       9
      15
      21
      19
      28
      32
      20
      20
      16
      28
      20
      21
      19
      27
      16
      22
      11
      25
      26
      21
      25
      25
      15
      25
      24
      11
      16
      19
      29
      19
      23
      29
      19
      17
      26
      25
      24
      28
      14
      20
      21
      18
      12
      30
      26
      10
      23
      18
      22
      31
      27
      21
      16
      16
      19
      19
      16
      18
      25
      21
      17
      24
      22
      16
      23
      32
      28
      17
      27
      20
      20
      16
      21
      26
      28
      23
      19
      25
      28
      24
      22
      15
      15
      22
      23
      26
      17
      21
      15
      22
      23
      23
      20
      19
      14
      17
      18
      15
      20
      24
      17
      22
      22
      14
      15
      20
      17
      26
      20
      19
      15
      15
       9
      15
      19
      18
      17
      18
      14
      16
      15
      16
      19
      17
      19
      13
      15
      19
      16
       7
      12
      15
      13
      13
      17
      19
      13
      13
      14
      15
      18
      15
      11
      11
      16
      15
      14
      12
      15
      17
      13
      11
      23
      13
      16
      17
      16
      14
      22
      12
      18
      22
      17
      23
       9
      10
      18
      12
      19
      12
       9
      22
      17
      15
      18
      13
      19
      20
      12
      15
      10
      19
      11
      16
      16
      13
      19
      20
      22
      14
      14
      16
      17
      14
      11
      14
      11
      15
      10
      23
      12
      16
      14
      15
      18
      17
      15
       9
      20
      12
      20
      20
      17
      11
      16
      18
      15
      15
      15
      19
      16
      11
       9
      12
      18
      21
      17
      12
      24
      19
      21
       9
      14
      15
      20
      15
      20
      16
      13
      13
      10
      10
      14
      13
      14
      10
      16
      14
      14
      15
      10
      12
      14
      16
      13
      15
      14
      20
      17
      20
      14
      13
      14
      20
      10
      15
      13
      16
      16
      23
      18
      15
      15
      17
      14
      17
      20
      15
      13
      16
      12
      15
       9
      11
      17
      19
      12
       8
      16
      14
      12
      13
       9
      16
      12
      17
       8
      11
      12
      11
      24
      17
      17
      16
      11
      14
       7
      19
      15
      16
      12
      15
      13
      12
       8
      12
      16
       8
      19
      13
      11
      18
      11
      18
      13
      15
      20
      17
      18
      13
      13
      21
      13
      15
      11
      18
      10
      14
       9
      17
      12
      15
      19
      11
      16
      12
      12
      19
      11
      17
      17
      13
      17
      22
      18
      18
      11
      14
      17
      10
      14
      11
      19
      19
      20
      14
      15
      12
      17
      15
      13
      14
      15
      12
      17
      11
      20
      16
      18
      14
       7
      13
      10
      18
      12
      20
      15
      18
      16
      10
      12
      18
       9
      19
      14
       8
      11
      20
      19
      14
      10
      11
      13
      12
      11
      17
       9
      19
      12
      12
      16
      16
      21
      14
      16
      19
      15
      24
      13
      17
       9
      13
      16
       9
      18
       6
      15
      16
      16
      12
      13
       9
      16
      10
      16
      20
      14
      21
      14
      15
      12
       8
      11
      21
      19
      11
      11
       6
       8
      19
      11
      21
      13
      12
      11
      20
      21
      11
      18
      14
      19
      15
      12
      11
      10
      15
      16
      16
       8
      11
      11
      14
       8
      20
      17
      12
       8
       8
      18
      10
      15
      11
      14
      16
      17
      15
      14
      12
      15
      13
      10
      14
      12
      12
      15
      11
      18
      11
       9
      13
      13
      18
      14
      15
      13
      16
      18
       9
      12
      14
      15
       9
      16
      13
      14
      13
      14
      14
      16
      10
      12
      17
      15
      11
      20
      18
      17
      20
      16
      21
      16
      14
      12
       8
      18
       9
      16
      14
      15
      13
      12
      12
      19
       9
      11
      11
       9
      17
      11
      11
      17
      15
       7
       8
      15
       8
      10
       9
      15
      13
      17
      14
       8
      12
      13
      14
       5
      12
      12
      17
      12
      11
      14
      13
      19
      17
      16
      15
      11
      13
      13
      17
      17
      10
      13
      19
      13
       9
      14
      17
      10
       9
      11
      13
      13
       8
      12
      15
      15
       5
      15
      15
      15
      12
       7
      15
      12
      14
      15
      11
       8
      13
      15
      11
      15
      12
      12
      14
      12
      10
      10
      13
      12
      12
      10
      18
      12
       9
      10
      15
      10
      14
      15
      15
      15
       7
      14
      15
      17
      19
       9
       9
      11
      14
      14
      20
      18
      12
      18
      16
       9
      19
      14
      13
      13
      15
      17
      18
      11
       8
      11
      15
      12
      19
      16
      13
       9
      14
      16
      14
       9
      15
      15
      12
      16
      12
      17
      18
      10
      15
       6
      10
      11
      10
      11
      12
      15
      12
       8
      12
      12
      12
      18
       4
      18
      20
      16
       8
      13
      21
      10
      16
       8
      12
      14
      10
       7
      12
      12
      13
       8
      14
      16
      20
      10
      10
      13
       5
      14
       7
      13
       8
      18
      18
       7
      15
      16
      17
      13
      15
       9
      13
      18
      13
       9
      13
      13
      11
      17
      16
      16
      10
      15
      12
      16
      18
      10
       9
      16
      17
      14
      14
      14
      18
      17
      18
      11
      11
      19
      15
      15
      11
      14
      13
      16
      11
       9
      22
       9
      14
       9
      17
      20
      18
      19
      15
       9
      19
      15
      17
      14
       9
      19
      10
      17
      15
      21
      15
      12
      10
      14
      13
      12
      16
      15
      16
       9
      20
       9
      13
      13
      16
      19
      18
      16
      17
      13
      19
      13
      14
       9
       5
      16
       9
      14
      14
      14
      19
      13
      11
      17
      18
      14
       8
       8
      15
      15
      14
      19
      14
      19
      16
      10
      19
      14
       8
      13
      14
      16
      11
      17
      13
      12
      17
      14
      14
      19
      14
      14
      11
      12
      17
      14
      13
      17
      13
      14
      16
      13
      11
      13
      15
      19
      15
      13
       9
      16
      11
      15
      14
      11
      27
      21
      15
       9
      12
      13
      18
      18
      18
      16
      17
      16
      11
      15
      13
      17
      18
      19
      13
      14
      15
      24
      18
      14
      12
      15
      20
       9
      12
      17
      18
      13
      18
      11
      22
      17
      12
      16
      19
      15
      17
      16
      22
      21
      23
      11
      17
      13
      12
      16
      10
      13
      14
      18
       9
      17
      17
      15
      13
      13
      18
      18
      15
       5
      21
      13
      21
      12
      15
      18
      14
      18
      18
      16
      15
      17
      22
      17
      22
      15
      21
      14
      19
      16
      20
      13
      12
      13
      20
      20
      27
      21
      13
      21
      17
      16
      17
      15
      17
      17
      17
      24
      19
      11
      11
      16
      19
      23
      15
      18
      10
      15
      18
      19
      12
      16
      17
      17
      21
      18
      20
      13
       8
      13
      12
      22
      19
      21
      17
      21
      17
      13
      21
      24
      17
      23
      21
      12
      13
      17
      18
      16
      14
      17
      13
      16
      21
      24
      18
      11
      23
      21
      18
      20
      27
      13
      18
      18
      18
      14
      14
      19
      18
      12
      20
      14
      16
      15
      14
      15
      13
      21
      23
      14
      21
      13
      16
      22
      16
      19
      17
      19
      13
      20
      20
      22
      12
      15
      22
      23
      18
      17
      18
      14
      17
      17
      22
      22
      12
      15
      19
      10
      18
      15
      17
      18
      19
      14
      19
      15
      19
      20
       8
      14
       9
      11
      15
      12
      26
      20
       8
      19
      13
      12
      14
      11
      17
       8
      12
      17
      15
      13
      11
       5
       9
      12
      13
      12
      10
      14
       8
      13
      13
      14
      16
      12
      14
      11
      12
      17
      14
      20
      21
      21
      18
      14
      23
      19
      16
      17
      17
      13
      17
      19
      17
      18
      14
      17
      24
      15
      13
      15
      14
      22
      15
      14
      18
      21
      31
      23
      33
      34
      50
      70
     108
     119
     113
     127
     188
     199
     259
     291
     300
     291
     318
     327
     309
     308
     237
     216
     203
     160
     123
      89
      84
      25
      28
      24
      14
       6
       6
      11
      11
       4
       6
      14
      12
       5
      11
       9
       7
       9
      11
       6
      15
       8
       5
       8
      12
       7
       8
      11
      10
       8
      14
       4
      10
       9
       7
      10
      10
       8
      10
       4
       4
      13
       9
      10
      16
       7
      10
       8
       5
      11
       5
       6
      12
       4
      14
       7
       9
       5
       9
       6
       9
       5
       3
      12
       6
       8
       7
       6
      13
       4
       6
       4
       6
       8
      11
       6
       6
      10
       6
       8
      10
       4
       4
      12
       4
       5
      13
       5
       7
       4
      14
       8
       8
       6
       8
      11
      10
       7
       5
       9
       7
       5
       6
       7
       7
       8
       5
       4
      12
      10
      15
       9
      10
       9
       4
      12
       7
       5
      13
       7
      14
       9
      11
      11
       8
       7
       6
      10
      14
       4
       6
       7
       9
      12
       8
       9
       6
      10
       9
      12
      11
       5
       3
       3
       8
       8
      10
       9
       3
       9
      13
       4
      11
       9
       5
       4
       5
      10
       8
      11
       7
       9
       5
       5
       6
       5
      10
       4
      14
       7
       7
      12
       6
       7
       7
      11
       8
       4
       8
       9
       8
       6
       9
       9
       7
      14
       9
       7
       8
       7
      12
       8
       5
       8
      13
      10
      12
       5
      12
       5
       3
       7
       7
       6
       9
      12
       7
       6
      10
       5
       8
      11
      10
       5
       4
       2
      10
       7
      11
      14
       5
       5
       6
       7
       6
       6
       9
       5
       7
       6
       7
      11
       8
       8
       5
       4
       3
       8
       9
       6
       5
       9
       7
       5
       5
       5
      13
       6
       8
      10
       4
      13
       6
       7
      10
      10
       7
       8
       4
       4
       5
      11
      12
       4
       9
       4
       6
       9
       5
       9
       6
       4
       7
      11
       7
       5
      12
       4
       8
       6
       5
       7
       7
       7
       7
      10
       4
       7
       6
       3
       4
       9
       6
       6
       3
       5
       3
       6
       7
       0
       7
       4
       7
       4
       8
       6
      10
       4
       5
       3
       3
      12
       9
       7
       8
       6
       6
       3
       6
       4
       8
       8
       6
       5
       6
       5
       6
       2
       5
       4
       3
       8
       5
       6
       4
       4
       2
       3
       7
       3
      11
       4
      11
       3
       2
       6
       7
       7
       6
       7
       8
       5
       5
       4
       5
       9
       2
       2
       3
       6
       4
       5
       6
       2
       6
       2
       6
       5
       7
       6
       6
       4
       8
       5
       4
       3
       6
       3
       5
       5
       4
       3
       8
       6
       8
       5
       2
       3
       7
       0
       4
       0
       5
       2
       6
       4
       6
       4
       3
       6
       6
       4
       4
       1
       3
       1
       3
       6
       2
       6
       6
       3
       2
       6
       4
       2
       2
       2
       5
       1
       3
       6
       7
       3
       8
       4
       4
       7
       5
       5
       3
       2
       3
       7
       2
       4
       4
       7
       7
      15
       7
       4
       5
       5
       9
       5
       6
       8
       3
       5
       4
       5
       3
       4
       3
       3
       6
       5
       6
       9
       9
       6
       2
       6
       4
       6
       7
       4
       3
       4
       4
       6
       5
       4
       3
       4
       7
       6
       4
       3
       2
       3
       6
       2
       2
       2
       2
       3
       4
       5
       7
       4
       3
       4
       4
       4
       3
       4
       3
       1
       6
       2
       5
       5
       4
       1
       4
       2
       4
       4
       2
       6
       7
       7
       4
       1
       4
       2
       5
       6
       4
       3
       4
       3
       4
       5
       6
       3
       5
       2
       5
       2
       2
       3
       5
       8
       7
       8
       3
       3
       3
       6
       3
       5
       7
       2
       4
       5
       4
       7
       3
       7
       5
       0
       3
       5
       5
       7
       2
       5
       5
       4
       1
       6
       3
       4
       7
       2
       4
       4
       6
       5
       2
       2
       4
       4
       2
       4
       5
       3
       7
       3
       2
       2
       2
       5
       1
       5
       2
       4
       3
       2
       3
       3
       1
       1
       4
       4
       5
       7
       4
       3
       2
       1
       5
       1
       9
       3
       2
       3
       5
       3
       0
       2
       3
       3
       1
       2
       5
       6
       5
       6
       3
       4
       4
       6
       1
       2
       3
       3
       5
       6
       3
       5
       1
       3
       1
       2
       4
       3
       4
       4
       2
       3
       2
       3
       2
       4
       1
       3
       4
       3
       7
       5
       6
       5
       2
       4
       1
       2
       4
       2
       2
       3
       7
       4
       3
       3
       4
       2
       2
       7
       3
       2
       4
       5
       3
       6
       4
       4
       3
       1
       5
       5
       3
       2
       3
       7
       4
       8
       1
       5
       4
       4
       5
       6
       3
       4
       5
       4
       6
       3
       7
       4
       5
       0
       3
       1
       5
       6
       4
       2
       4
       7
       2
       1
       3
       4
       6
       4
       2
       7
       7
       5
       7
       4
       3
       5
       4
       3
       2
       3
       3
       3
       0
       2
       7
       6
       2
       5
       5
       6
       5
       3
       7
       4
       5
       2
       2
       4
       7
       1
       5
       5
       7
       3
       4
       3
       4
       2
       4
       3
       3
       2
       6
       5
       4
       3
       2
       3
       4
       7
       1
       2
       6
       2
       7
       3
       5
       2
      11
       9
       2
       1
       5
       5
       2
       4
       4
       3
       3
       7
       6
       5
       3
       4
       1
       3
       5
       2
       3
       3
       1
       6
       2
       3
       3
       3
       4
       1
       3
       1
       2
       1
       3
       5
       3
       4
       4
       8
       5
       4
       7
       2
       3
       1
       1
       1
       3
       2
       5
       3
       2
       2
       1
       2
       3
       4
       6
       2
       4
       8
       4
       4
       4
       4
       6
       1
       4
       3
       4
       3
       0
       2
       4
       3
       5
       3
       4
       3
       4
       5
       0
       6
       8
       0
       1
       0
       4
       3
       4
       5
       2
       4
       3
       4
       3
       2
       6
       4
       2
       7
       3
       5
       2
       4
       1
       0
       6
       6
       8
       6
       5
       2
       5
       5
       3
       9
       1
       3
       2
       3
       1
       5
       4
       5
       3
       6
       7
       3
       3
       7
       6
       5
       4
       7
       2
       4
       4
       4
       2
       1
       4
       4
       2
       7
       5
       4
       5
       2
       8
       3
       5
       0
       2
       4
       6
       7
       3
       3
       4
       4
       2
       5
       7
       1
      10
       3
       7
       5
       5
       6
       3
       4
       4
       2
       3
       2
       6
       2
       4
       5
       6
       8
       4
       7
       6
       4
       6
       5
       6
       6
       5
       3
      13
      11
      11
      15
      17
      17
      36
      33
      60
      62
      81
      96
     104
     139
     191
     181
     235
     236
     251
     276
     331
     314
     314
     335
     305
     338
     324
     244
     231
     197
     170
      97
      80
      71
      46
      22
      16
      18
       9
       6
       6
       1
       4
       3
       2
       1
       2
       1
       3
       4
       2
       1
       5
       2
       0
       3
       1
       2
       1
       2
       1
       0
       2
       0
       2
       2
       3
       0
       2
       1
       5
       1
       2
       1
       2
       1
       1
       2
       2
       2
       2
       2
       1
       3
       2
       7
       0
       4
       2
       2
       1
       0
       0
       3
       1
       0
       3
       3
       2
       0
       3
       2
       0
       2
       2
       3
       1
       3
       1
       1
       2
       1
       6
       2
       0
       2
       2
       3
       2
       1
       2
       2
       2
       1
       5
       2
       3
       1
       1
       2
       1
       3
       2
       1
       4
       4
       2
       3
       0
       4
       1
       1
       2
       2
       2
       3
       1
       2
       3
       2
       2
       2
       2
       1
       2
       1
       2
       3
       1
       2
       0
       1
       4
       4
       3
       1
       1
       1
       2
       2
       2
       3
       2
       4
       2
       3
       1
       5
       1
       2
       4
       1
       1
       1
       2
       4
       3
       1
       0
       0
       4
       1
       1
       1
       4
       1
       4
       0
       0
       3
       1
       3
       2
       1
       1
       1
       2
       0
       3
       1
       4
       2
       1
       3
       3
       2
       2
       1
       2
       1
       0
       2
       2
       0
       3
       3
       2
       3
       3
       3
       2
       1
       1
       4
       0
       2
       2
       2
       3
       2
       4
       1
       1
       3
       1
       2
       1
       2
       3
       1
       3
       0
       0
       1
       4
       1
       2
       1
       2
       1
       3
       1
       0
       1
       1
       1
       1
       1
       0
       2
       0
       2
       0
       0
       2
       1
       2
       0
       2
       2
       0
       2
       3
       2
       2
       2
       5
       3
       1
       1
       2
       0
       1
       0
       3
       5
       2
       1
       2
       1
       1
       3
       1
       2
       2
       4
       1
       1
       5
       2
       1
       1
       0
       1
       1
       2
       4
       4
       1
       3
       4
       3
       1
       3
       0
       3
       3
       1
       2
       1
       0
       0
       2
       2
       2
       1
       3
       0
       7
       3
       3
       1
       1
       0
       0
       1
       3
       1
       2
       1
       2
       5
       1
       0
       4
       3
       1
       3
       2
       7
       1
       0
       3
       0
       0
       0
       0
       0
       3
       2
       1
       2
       2
       1
       0
       5
       0
       0
       0
       2
       2
       1
       1
       1
       1
       2
       0
       4
       2
       2
       2
       0
       2
       2
       2
       0
       4
       5
       1
       1
       2
       2
       1
       2
       2
       1
       2
       0
       0
       1
       1
       1
       1
       1
       2
       3
       1
       2
       2
       1
       3
       5
       0
       1
       0
       4
       2
       0
       0
       2
       3
       3
       3
       1
       2
       1
       1
       4
       2
       2
       0
       1
       2
       1
       2
       2
       4
       1
       1
       0
       3
       0
       3
       3
       1
       3
       3
       0
       3
       2
       0
       1
       0
       1
       0
       1
       1
       2
       0
       0
       4
       3
       1
       2
       2
       1
       1
       0
       0
       4
       1
       1
       0
       2
       1
       3
       1
       1
       3
       1
       0
       4
       2
       5
       0
       0
       1
       1
       3
       1
       2
       1
       2
       0
       3
       2
       0
       0
       2
       1
       1
       3
       0
       1
       1
       1
       0
       7
       2
       1
       1
       4
       3
       2
       4
       1
       4
       1
       0
       6
       2
       0
       4
       0
       1
       0
       0
       0
       1
       0
       2
       1
       0
       1
       0
       1
       0
       1
       3
       2
       1
       1
       0
       1
       1
       2
       3
       3
       0
       2
       2
       0
       2
       1
       0
       0
       2
       1
       2
       2
       1
       0
       1
       2
       2
       1
       1
       0
       4
       3
       2
       0
       0
       3
       4
       0
       1
       1
       0
       0
       1
       2
       3
       1
       1
       1
       4
       2
       2
       0
       1
       2
       3
       1
       2
       0
       0
       4
       0
       6
       1
       2
       1
       0
       2
       1
       1
       2
       1
       1
       1
       0
       4
       1
       1
       1
       2
       2
       3
       3
       1
       1
       5
       2
       1
       0
       2
       1
       1
       2
       5
       0
       3
       1
       0
       0
       2
       1
       0
       2
       3
       0
       3
       3
       0
       2
       2
       0
       1
       4
       1
       0
       4
       3
       1
       2
       2
       4
       3
       1
       2
       2
       0
       0
       2
       0
       3
       0
       5
       0
       3
       2
       0
       0
       0
       2
       0
       2
       2
       0
       2
       0
       3
       1
       0
       0
       2
       1
       2
       2
       0
       2
       0
       0
       1
       0
       2
       1
       1
       1
       3
       2
       1
       2
       1
       2
       0
       0
       3
       4
       0
       2
       2
       2
       3
       6
       2
       4
       1
       0
       3
       2
       1
       2
       2
       3
       1
       2
       0
       1
       1
       0
       0
       1
       1
       4
       1
       3
       1
       0
       0
       3
       2
       0
       1
       1
       1
       1
       3
       1
       1
       0
       1
       0
       1
       1
       0
       1
       2
       2
       0
       0
       2
       1
       2
       1
       1
       0
       2
       3
       2
       1
       2
       0
       0
       2
       1
       2
       1
       1
       1
       0
       3
       2
       0
       2
       3
       2
       2
       2
       2
       0
       0
       2
       0
       3
       3
       0
       2
       0
       0
       2
       1
       2
       1
       1
       1
       3
       1
       2
       2
       1
       0
       1
       3
       0
       3
       4
       1
       0
       1
       1
       3
       1
       2
       4
       1
       2
       3
       0
       3
       5
       2
       0
       0
       0
       1
       1
       5
       0
       2
       2
       2
       0
       3
       1
       2
       2
       1
       3
       0
       1
       1
       0
       3
       6
       1
       1
       2
       2
       2
       1
       4
       0
       5
       2
       2
       1
       1
       3
       3
       2
       2
       4
       4
       0
       2
       3
       0
       1
       2
       1
       3
       1
       1
       3
       2
       3
       2
       0
       2
       1
       2
       1
       0
       1
       1
       1
       1
       1
       3
       1
       1
       2
       3
       2
       1
       1
       2
       1
       1
       0
       1
       2
       1
       2
       2
       3
       1
       2
       1
       0
       3
       1
       2
       0
       1
       1
       1
       3
       2
       2
       0
       1
       0
       1
       2
       2
       1
       1
       1
       1
       0
       0
       4
       2
       4
       2
       4
       2
       3
       4
       4
       0
       2
       1
       2
       0
       0
       3
       1
       0
       0
       2
       2
       2
       1
       1
       3
       1
       1
       1
       0
       1
       2
       1
       2
       2
       0
       0
       1
       1
       0
       1
       1
       2
       2
       0
       0
       1
       1
       1
       1
       1
       1
       2
       2
       1
       0
       1
       0
       2
       2
       1
       3
       1
       0
       2
       2
       2
       2
       1
       1
       1
       1
       0
       2
       1
       1
       2
       2
       2
       0
       3
       2
       0
       1
       2
       0
       1
       1
       0
       2
       3
       1
       5
       3
       0
       1
       1
       0
       3
       1
       2
       1
       3
       1
       1
       2
       1
       3
       2
       3
       1
       2
       2
       3
       0
       0
       3
       2
       1
       2
       3
       1
       3
       3
       1
       1
       1
       1
       0
       2
       3
       2
       2
       2
       2
       1
       3
       1
       2
       2
       1
       2
       2
       3
       0
       4
       4
       4
       6
       4
       2
       5
       8
       4
       8
      10
      12
      23
      10
      20
      28
      17
      31
      28
      31
      36
      27
      32
      27
      32
      31
      24
      34
      18
      21
      15
      11
       8
       9
       0
      10
       4
       5
       1
       2
       2
       0
       0
       1
       4
       0
       1
       1
       3
       2
       0
       0
       3
       2
       0
       0
       1
       2
       1
       3
       1
       1
       3
       0
       2
       1
       0
       1
       1
       3
       0
       4
       1
       2
       0
       3
       1
       5
       2
       0
       1
       2
       3
       2
       3
       2
       2
       0
       0
       2
       0
       2
       0
       2
       4
       2
       4
       0
       0
       0
       3
       1
       0
       2
       3
       1
       1
       1
       0
       1
       2
       1
       3
       1
       2
       1
       2
       1
       2
       1
       3
       0
       2
       1
       1
       1
       4
       3
       0
       1
       0
       3
       2
       3
       1
       2
       3
       0
       3
       1
       3
       1
       3
       2
       1
       0
       0
       0
       1
       1
       0
       0
       1
       0
       0
       2
       1
       4
       2
       0
       2
       2
       1
       1
       3
       0
       0
       0
       1
       1
       0
       1
       1
       0
       0
       0
       2
       1
       1
       1
       1
       2
       2
       1
       1
       2
       3
       2
       0
       2
       1
       2
       1
       1
       4
       1
       1
       0
       2
       0
       2
       2
       1
       0
       2
       1
       0
       4
       0
       0
       0
       1
       3
       1
       3
       1
       1
       1
       1
       3
       0
       0
       0
       2
       0
       0
       0
       0
       1
       2
       2
       1
       0
       1
       0
       1
       0
       2
       1
       3
       1
       2
       3
       4
       0
       2
       2
       1
       0
       0
       0
       1
       1
       2
       1
       2
       1
       3
       1
       1
       1
       2
       0
       1
       2
       1
       1
       1
       2
       2
       1
       1
       3
       2
       0
       1
       0
       1
       0
       2
       0
       0
       1
       0
       4
       1
       0
       2
       3
       3
       2
       1
       1
       0
       0
       0
       0
       1
       2
       1
       0
       0
       2
       0
       1
       1
       2
       2
       1
       1
       1
       2
       1
       1
       1
       2
       3
       2
       2
       2
       0
       3
       2
       1
       1
       1
       0
       3
       0
       1
       0
       3
       1
       0
       1
       1
       1
       1
       0
       1
       0
       0
       0
       0
       0
       1
       2
       1
       1
       1
       0
       1
       1
       1
       0
       1
       0
       0
       0
       0
       0
       0
       0
       0
       0
       0
       0
       0
       0
       0
       0
       0
       0
       0
       0
       0
       0
       0
       0
       0
       0
       0
       0
       0
       0
       0
       0
       0
       0
       0
       0
       0
       0
       0
       0
       0
       0
       0
       0
       0
       0
       0
       0
       0
       0
       0
       0
       0
       0
       0
       0
       0
       0
       0
       0
       0
       0
       0
       0
       0
       0
       0
       0
       0
       0
       0
       0
       0
       0
       0
       0
       0
       0
       0
       0
       0
       0
       0
       0
       0
       0
       0
       0
       0
       0
       0
       0
       0
       0
       0
       0
       0
       0
       0
       0
       0
       0
       0
       0
       0
       0
       0
       0
       0
       0
       0
       0
       0
       0
       0
       0
       0
       0
       0
       0
       0
       0
       0
       0
       0
       0
       0
       0
       0
       0
$ROI:
1
4146 4168
$PRESETS:
None
0
0
$ENER_FIT:
-1.504534 0.196418
$MCA_CAL:
3
-1.504534E+000 1.964177E-001 -1.544040E-007 keV
$SHAPE_CAL:
3
0.000000E+000 0.000000E+000 0.000000E+000
